0.2470023570432942
0.9675996423226042
0.9999999999994301
0.08628507028959868
0.15912987836700032
0.027777574331644718
0.6033802171358136
0.04732831242500331
0.9924228888633355
0.1512525405211667
0.9286194868607531
0.6374486101145456
0.24825678426344924
0.6721247940148958
0.6472792091138551
0.2211524885297611
0.7232176072803774
0.09953239094137312
0.09510514619393047
0.11545679421723105
0.08488314244600202
0.08263342403327781
0.24887859925407482
0.14352439149393936
0.13782086422722153
0.1641433727060918
0.4071735381001302
0.006695232023830562
0.0343104461424997
0.10462884401624688
0.042532408735976725
0.06817516469665413
0.0882134414271789
0.29044660616880524
0.03543874787050298
0.001038624343289753
0.040835562901939196
0.03286026987092707
0.12241263066788721
0.2776530612950344
0.043546207379171226
0.19383578400712045
0.03800623625144158
0.05917929198539422
0.2498580526707605
0.11948252781428681
0.2068552735771904
0.6505984427226561
0.11075348399840598
0.11444277407859231
0.21229652031864546
0.23499081750447842
0.09532304931799226
0.047087755184911345
0.16279134562019526
0.18226736885321698
0.26824637047427974
0.14806410587385596
0.08712636837832624
0.22690103706199688
0.9951445795417146
0.007158007942280292
0.3466286885406254
0.2246985102586244
0.03393842344389625
0.2482188519393434
0.19105055369258978
0.7336021965945747
0.3241399828992714
0.02924115122656227
0.03677751255061057
0.025515270860999008
0.05464620929061511
0.004894151660303144
0.16228835166927547
0.0718136171335946
0.1639721067846
0.1910116640187589
0.27628750903824484
0.041278279182546326
0.016106347239756662
0.006670819903746812
0.07004961850588459
0.34985642980649817
0.14170998135783403
0.16365627773094563
0.03170626007999906
0.05766263870468944
0.22857712225022553
0.4953628833992938
0.46564619116904266
0.14295351192554231
0.07251531187414399
0.1231452002345472
0.0277391682520014
0.026309088011010527
0.022750496537203468
0.015459360135738193
0.08874848338056414
0.20234245562883624
0.5628747608512229
0.13846497846446987
0.4980837396143162
0.04352177276078525
0.6508024366453691
0.0395499089081391
0.020979982001450757
0.02693340893362154
0.017688809941529722
0.6828793592561815
0.6497952539980096
0.999784516981993
0.8350442316762239
0.13153990676793878
0.6690844883792609
0.22287242623203443
0.9816995334022358
0.4232276399075595
0.03276951419455275
0.561433558256398
0.5295761384749132
0.6317368336341114
0.9628151561426879
0.9999992557809844
0.7961375381111634
0.9932185517607449
0.8178632514753218
0.43329568698910326
0.2668217561026198
0.9391695370220514
0.44331279674101787
0.05552910889374181
0.13267521499150037
0.0546158747585674
0.1088693987287371
0.4818099812186354
0.22221282496267047
0.040257917676667566
0.7374921717028057
0.32993380160286756
0.062448358790398895
0.12606203960266965
0.08229960231683048
0.1380363259155608
0.04372705733495994
0.03291837862877856
0.11887457882451749
0.05049126302691035
0.1471819812825365
0.09866396485817999
0.021931338956939782
0.8582674218196219
0.01778383937407584
0.9822000626423952
0.25463417762216156
0.6794362450939543
0.03852030788439513
0.05392871535255441
0.031176385494228732
0.37371840677971957
0.17065002233281729
0.13882198156457343
0.9972461870652856
0.08910335830026184
