0.9999999983545014
0.667082655923249
0.11445855504835409
0.33411128394122674
0.8472387566945109
0.9800036261739102
0.33290040109719443
0.8866126835578607
0.6600016720453535
0.30391678144084416
0.9832133495852119
0.7302196384923081
0.9999989603700576
0.9182486620842422
0.17381931484797727
0.5574377622868802
0.9519283079187216
0.8527826505690317
0.978205276130861
0.3084605943817815
0.9985892835086336
0.4367233025547813
0.8811511054716318
0.9999748591191862
0.9647380113417702
0.988137930372684
0.48577138345189014
0.8632539788158198
0.8712572094881198
0.9881026267835884
0.9671750293566259
0.3605546027540277
0.12167306221704477
0.36994655313146063
0.9854289175882581
0.08747041058689696
0.8271569240357552
0.9912536000401776
0.15499490552564252
0.4113391083152118
0.2782228667490419
0.9999957675965913
0.6366920675464774
0.26466234608310096
0.04942170549761593
0.2371298706257276
0.9989509238382416
0.9999443320028814
0.8257576834769889
0.7855552776764358
0.37931399105888575
0.9967379299516692
0.9999744346477453
0.7575337385174212
0.8429918001958899
0.7591655000705473
0.17929359559288452
0.9999372670530947
0.05661434890631177
0.013963671341665637
0.10228910572959866
0.5817881579088426
0.9392967442751594
0.7801927213141031
0.9998559295900982
0.9907143861582778
0.9755881258353053
0.41125016939625325
0.8368246336100327
0.8391622510462013
0.9999999499859056
0.9731995376856076
0.9995034503179554
0.2811601242386481
0.7072615094980828
0.29255061262245485
0.5400609590717931
0.9413587028638462
0.0528724367255794
0.9999627320121016
0.8647657606873624
0.993852992342774
0.07872775905573241
0.9966102964064547
0.9884811511926751
0.31189853251064625
0.20024934468920358
0.9999121850922528
0.622985253893665
0.999898301140892
0.01446229277074188
0.2761075839003363
0.9996954075021239
0.5924897668278458
0.21324909412975307
0.47949166878389893
0.5077104164375893
0.5694933065904004
0.9994605501969683
0.9999997787550742
0.0426772215977979
0.9995514211465952
0.4654850174017867
0.953852286093474
0.18575289922682642
0.022031857812611893
0.9999993826125427
0.07554011846406945
0.8980206673662977
0.6491389885927233
0.3264320254985084
0.31238065063785275
0.5656251664176076
0.971792703424291
0.3503496006788821
0.9778304605589755
0.1265602567945024
0.43737052834923756
0.9853403740770176
0.2392390007591434
0.7504339087862335
0.014333013284093319
0.9636171678252164
0.3569808849451568
0.9999999999890402
0.18034489915550786
0.06373603211436021
0.1027509234993201
0.04270246684911731
0.022667730973637227
0.9562602511148987
0.5511424500719994
0.7451302213007878
0.2829288314865257
0.7958073967882642
0.8888483079932963
0.9997279852545802
0.8584111725025687
0.3162700532451485
0.9999966585383768
0.0721133787009406
0.9999999952070979
0.9999830907859302
0.023754086288378874
0.5414450664155864
0.17968039950968406
0.9577574895999034
0.7126527402595593
0.08101209839899887
0.28571572523783484
0.4412175750326047
0.05124575737957804
0.47590723912969013
0.038111913144833566
0.1938215303369592
0.0649419782902826
0.40105580800764795
0.9683371612623717
0.9988297473985259
0.9999999744663821
0.1438704790727778
0.08628507028959868
0.990530470794346
0.3541673273721654
0.991651214950234
0.5556307165357974
0.33732549636148945
0.006287807326938763
0.9957399667386273
0.48852548512203225
0.1536330228009098
0.9999999999473985
0.7773105029945627
0.4541835927179941
0.8461527028746492
0.9984410212084505
0.9999996823035794
0.9934437310734635
0.9998524218152983
0.8365399620856577
0.9999984453086608
0.10523547201853505
0.1188761431170952
0.758518669583462
0.9660418106749431
0.9999446026130696
0.2970026290010249
0.8638970904012101
0.9731214658171439
0.49532961024696454
0.30250806431042326
0.9959081581782685
0.9669978698367924
0.08496733498951975
0.5442452071329797
0.36519436209797856
0.9314346891224006
0.880695917581857
0.07596724720124569
0.03777316470948727
0.8961120206535375
0.016565664950899773
0.8947378138218121
0.022546061793439456
0.1527223130799482
0.5738369832230535
0.9999999756580996
0.04667926011755343
0.02867036825443503
0.9631739544124253
0.9999477188655008
0.4747990800737071
0.26085895216272925
0.04772790671553258
0.6492072729356355
0.16396742770195255
0.11644588333771999
0.3230696057512588
0.3670384971508772
0.9996130610383211
0.1054346704147775
0.07833910024724519
0.6685236391304148
0.30585957426347676
0.44533656754439965
0.040792292478708164
0.49842252195013953
0.2753696419676367
0.9138739342554674
0.15927276163235743
0.9999999585661469
0.9166838968451394
0.9999896869782446
0.46154082966479104
0.9474926894453679
0.3629310445826427
0.7330530680429177
0.06505007122431061
0.2654897654281062
0.009283438533656206
0.30673226989828845
0.9999865518072915
0.6230442354473789
0.9957099214673303
0.6310569064359248
0.4087676390913396
0.5236717169949283
0.10284981667157497
0.9140878457793802
0.6363576079786747
0.9999526368334533
0.04126728871270587
0.11290332790470012
0.7130186542309218
0.21524250056465805
0.06280579638586174
0.05080325241424712
0.6076471435668197
0.3149964157854622
0.8858741533782359
0.764328984484528
0.42920431754579963
0.11038565909364324
0.07758528825437665
0.3823623160918541
0.03113941500649412
0.19109076793365157
0.23322661198679362
0.3866472366367108
0.3205025613182448
0.9968839521991469
0.08861512674610887
0.36746299134782434
0.03437819628487242
0.28500158645280627
0.1924773441203705
0.7797387125899082
0.9993949575884791
0.9976742222974018
0.9999964706431236
0.875880645824599
0.999999999944736
0.9981172857245507
0.9999266490323372
0.4956235154330857
0.17438755975806977
0.35599596113966847
0.9999968114649921
0.9926816505616884
0.8837590908121417
0.2840249998151635
0.3404760733256296
0.5758464626286306
0.9931351278270325
0.9879729090854761
0.9373204924726763
0.9999988538811315
0.46545664917582663
0.9918525651232823
0.21017079793061005
0.36519921655611765
0.999994960639414
0.9670468305179929
0.9987683250172971
0.32625173991999834
0.2465844236743869
0.050279887476156374
0.33039109661670707
0.04138542044721914
0.9938908337243231
0.7036151908600894
0.37248368217968075
0.6392196188578436
0.9999996698328879
0.5580200698768054
0.9999999999831617
0.5141563763393111
0.9251402909208528
0.9912529385718326
0.29125334800725494
0.8450628736016247
0.7123718441404767
0.05326859545543683
0.036460483895350296
0.41092966611689163
0.23434331215890847
0.937386684454187
0.3707200152959332
0.8014511135551146
0.6515456186547418
0.13424664667160505
0.1392922619706262
0.040603345261885984
0.31005767582829385
0.14055990212792657
0.46717924213927964
0.964811047513242
0.00432042911360084
0.9997317184446086
0.045811873800070894
0.19887527795610732
0.9895868723492512
0.9999215185944585
0.999999913670431
0.8106243932802574
0.5994736698975658
0.056241727701616874
0.9211279532066892
0.9991315688571454
0.7138722553273678
0.8627410644747723
0.4838521573830846
0.13849982751317108
0.1547451671457852
0.8776731726328485
0.8248500117337233
0.3268221354235885
0.016496822475420888
0.9088540266992556
0.15535007526700903
0.6575017444219633
0.23164314093532123
0.3001622853528275
0.8495962892703218
0.13060761767815346
0.09376454836715625
0.32574852726322545
0.3706074173725866
0.1473993128572341
0.2816763596000826
0.9998405533530625
0.9998905192130971
0.41100525205393773
0.07097930362413199
0.005200950846493693
0.2948682130640033
0.0019398575182033423
0.8483503015574213
0.9697223316686928
0.1519025016620595
0.2158503704708934
0.04046289387153129
0.17891919226432312
0.9987856881871382
0.21978973144949068
0.8890714272527497
0.9859335579909899
0.04797199120515524
0.17754105519149405
0.04856179478476698
0.13439096240107035
0.40532088386991355
0.9702272386111372
0.45405307000589684
0.09249366176051384
0.1548974062203415
0.9999999526462486
0.015737678623240645
0.04413775253189815
0.6278137443301105
0.022692904722304452
0.5743670066459162
0.9660332861580198
0.013770343256293793
0.9999999804999342
0.06348644952020469
0.9739635690534445
0.9626073543277764
0.7585456540503922
0.6476334588238238
0.14638653871167
0.6485797870419076
0.9999907626602264
0.9707223238870115
0.9999999413122899
0.677826789815845
0.7949140631380934
0.9068694251789786
0.5693294068607234
0.3462625781967672
0.9992051425690256
0.9999810864051494
0.17011317014675592
0.33279510864857065
0.6957298223389967
0.2433934068320717
0.28699951078737707
0.19596558030784444
0.11357316089554012
0.9988774988484076
0.9995799128836641
0.31460703527912137
0.5977689696763543
0.41312724306024834
0.38346664482251186
0.7679667778376897
0.9999898233667721
0.2819848681481525
0.4723294306450675
0.9903877643506511
0.42163834206588424
0.8596388837354849
0.04779396536378262
0.20204907502505326
0.9745567064629735
0.9999640831589481
0.9999999547762866
0.4025122696637107
0.16765728929543447
0.9999766338248703
0.999983554597085
0.9613221235453281
0.2596448691337029
0.999989909184867
0.8042633806082617
0.07885085146287325
0.030651678984987617
0.8354084865643964
0.9991376227313781
0.9805552124338718
0.8238968616910357
0.9697478972645662
0.9788197042913204
0.9659324525557297
0.42325262578222744
0.8523510864785357
0.9996979351129675
0.9996894067811223
0.9998518813636416
0.07345470243132789
0.4982075870240347
0.9986770499388392
0.9966301601744496
0.7248081620152071
0.9999999790092357
0.9990215087686002
0.985060000835069
0.9999999999999165
0.9999998463252293
0.999400055196465
0.21984775048797572
0.9216941522350919
0.18797723250704942
0.9678137539930723
0.9965405508497962
0.9993623066452237
0.8038643460877613
0.9824854038886857
0.12278966233100505
0.9463919327055212
0.18773307886659135
0.668525195320227
0.4660397341658949
0.013333270737441297
0.9738276858430492
0.9999925187867351
0.6110415155588985
0.0834262174665003
0.9268098728065415
0.798044566922243
0.051327784292781065
0.9595552067013118
0.3507915135006582
0.10806673826468352
0.902472385153658
0.9998527875797318
0.6663044941614485
0.9998727084219542
0.9683191271916831
0.28052997177360084
0.673764825092101
0.9790934317561298
0.09526242799688082
0.18060087624450652
0.6127297218839743
0.5378282078947112
0.09803293211789134
0.11377456978569009
0.6862206413446096
0.7021906481650178
0.9046165120642833
0.23262494546210463
0.21895206107972448
0.2530120606809664
0.5100238372531303
0.5545007088041582
0.3254155087541213
0.8392404762192662
0.11217576004722174
0.24689556788379666
0.04648614526520174
0.9857377251075565
0.13837348576893788
0.14389655133521279
0.32924367083373146
0.9998113270908577
0.5553163030334674
0.9997552685569489
0.7342779305453851
0.06284514649256649
0.07189804527027825
0.18438828708052724
0.49853310904815995
0.9998787479481621
0.3993014149625782
0.40691505346994655
0.08164543013536874
0.39339936784543106
0.20718797215222268
0.7949316068785686
0.470594306890742
0.1555206289511751
0.7128057358496801
0.5005882306390357
0.5263288442919664
0.2866923053449492
0.19082597878836835
0.9995853049344998
0.9959596617157107
0.14593494450506997
0.3891538071385839
0.1162131921066564
0.2448520262791741
0.9986459053876187
0.09943928203034437
0.6038819734610953
0.9494722567534915
0.5709054807251284
0.46748218628022514
0.10926758169267317
0.15595801421544625
0.17555677647789625
0.9999423613997991
0.9997642828155143
0.30892265858833257
0.985680527769046
0.6584778891301545
0.9989698621697956
0.7166642109881478
0.6229569512082564
0.007899801131198704
0.1508489283666529
0.021557467176006144
0.046249370374041865
0.7597826985379059
0.9999782777182336
0.6532952942375272
0.07288727864397873
0.709440297919082
0.06491918961588568
0.41044028849681646
0.9999990342965333
0.9259803146898531
0.8904795724695953
0.3107556425415363
0.019850514729316614
0.2053889156338308
0.6374261643377819
0.04383686699895271
0.9999982338729809
0.04896256645467316
0.9999995432022178
0.03603731731215912
0.9372060271651665
0.9999998302576621
0.487565669826821
0.20803373618922966
0.03031310600512943
0.4700158415655176
0.8930651998607267
0.31237526531278853
0.9264081292557884
0.027374879397584213
0.7254854479123771
0.5086839672752312
0.9880478689423489
0.9502307173422864
0.017242158332003408
0.007199068243931206
0.45575414781225154
0.753834554212871
0.02794271473399128
0.9998813414901063
0.9682361896639217
0.0720234599473325
0.9999883783832694
0.9999863009977729
0.9164731018395367
0.5934198380763094
0.8728334354682635
0.5732217433529805
0.9737360532665239
0.999999711444206
0.11921643411438083
0.7465161606929533
0.9919022315112322
0.9998671542606352
0.9389509947426701
0.6630809843719014
0.9989944456292656
0.5521030195866876
0.29907077123285386
0.14273544070419394
0.042265137761081886
0.055410976302184535
0.5764997316577881
0.999999926003347
0.04050243394299697
0.9998103527038176
0.9674514241499643
0.07907692376971608
0.9970828220255866
0.015737678623240645
0.7440545052878597
0.031818997828197026
0.9999999999218382
0.14213755465522207
0.9935242251241643
0.015737678623240645
0.012571601169749747
0.5320988166018246
0.14921665160644387
0.3973799759510444
0.9945260380038388
0.9999320438461954
0.7177685459637804
0.40894465461659724
0.7114215373196962
0.5948659443821793
0.9999985102320897
0.3461727809094392
0.16028284814388016
0.9916882277612682
0.9043378111197047
0.9990242674765428
0.2153846478611275
0.7649365720522667
0.3464497109559904
0.9999993989142434
0.9999936765851288
0.27690033417385007
0.9999999485416744
0.9283191949789783
0.671833180741614
0.06932945556798792
0.9999999018671133
0.6313909895120464
0.9348117360348638
0.9989434340644913
0.9028036704718584
0.16998038541957786
0.9999940779936661
0.9999999768306342
0.47766815712824207
0.30376503051054693
0.9946650446957717
0.6231587001832981
0.4285049757417668
0.29291626141949284
0.9999892882736028
0.025249511179596073
0.944112846760002
0.9999865199147449
0.933574345176124
0.999660391346301
0.920685932363709
0.9966423018297957
0.6592064991566593
0.999998708105343
0.9999967241130356
0.9997206204130655
0.9998060544789199
0.9416435084659037
0.9595145127689995
0.8758501394813154
0.9998983900766472
0.42313711884726757
0.42913255378007403
0.9644951740521229
0.9968757343148124
0.10574250536444621
0.07712873190080262
0.10511704436778753
0.7559672239262162
0.3704927964521857
0.9993340292061136
0.8890269598078315
0.9997510020252486
0.9999990143295268
0.7343982437864325
0.9999511241330165
0.7570632276057903
0.6095895241769431
0.018833114568020403
0.9998455157844311
0.9999845539956198
0.9286693986072496
0.9999993988036072
0.9132806247666675
0.7701999692918549
0.46187761637144736
0.9999911261139808
0.9943895995981749
0.724328024033323
0.3837446803136965
0.7743014237294374
0.6991505978439518
0.5807686989191203
0.9934296421274814
0.9999999857536519
0.9652636971695128
0.9850413779298961
0.19754039496901807
0.07000854461380746
0.9965930576579737
0.9733962750665089
0.7379158494119833
0.34531897559415686
0.9999465445375619
0.9952593593044308
0.99885029550338
0.22518472141030044
0.9999913322897525
0.9999999244623314
0.999999822504465
0.9842064360149674
0.3662044793985912
0.8740447125244284
0.9999973542920351
0.9888565845622281
0.999810612772982
0.989167354214126
0.64662244379789
0.37348738389884584
0.37812839833264356
0.4693636325274104
0.9540861724225517
0.9999999999972051
0.21435094279217637
0.9074423452829267
0.9999944756546659
0.8838747079021505
0.33024730848761075
0.8704743063330177
0.999984412964188
0.8914675797352352
0.753010518850969
0.4261161709853571
0.0479076949029013
0.38973778398381853
0.9999398581950093
0.598649170240525
0.33292393562010864
0.43348499647260275
0.999999501518068
0.22821447716455606
0.3107723244691544
0.5887000479021793
0.9999999988715867
0.9996238660411318
0.8015629937824974
0.9897238316503196
0.9451253776495692
0.999984442195902
0.5195857531824006
0.2771400042738609
0.8792147364640392
0.32947655479325844
0.9999617190416139
0.99938457946319
0.9999596841593357
0.07872956240838458
0.16363243336234565
0.06821284336452062
0.7300750107850685
0.6904565579290849
0.9415059782890683
0.9451529473675805
0.6210870539272622
0.8605364749544748
0.8823664026781854
0.6627129916167331
0.12844858702919018
0.01723728220153082
0.9863168954702942
0.4871195951678886
0.9995803828780332
0.9835523936956708
0.09234573505811938
0.8315666669004222
0.10347658560418904
0.9759210337424458
0.35968764141386
0.8603944793296854
0.26924234540879144
0.6729445958252287
0.967479101540057
0.9181988196642807
0.16345252083351347
0.13032706461547114
0.9989738255385777
0.5318078253488034
0.567116772365696
0.1738781972699001
0.9996150905889198
0.9958477278631825
0.3791654272709752
0.3602378293155605
0.10206635693790504
0.4209835350618222
0.28208432524680244
0.41532215641934583
0.9973219421460338
0.11633988564416878
0.9685838094462753
0.9999975538778905
0.8878105541959739
0.8649191820091591
0.8950239719475027
0.8825959415850939
0.5550424835957939
0.9390579614083595
0.2618114308347845
0.0006772592952473397
0.7313806372142749
0.513060352444269
0.6751175010405315
0.19068713366973158
0.25948253269463767
0.20384128674711377
0.43581273996660663
0.1351640286375859
0.6659684707604029
0.17130473462942755
0.6280952713306636
0.10316241711278029
0.2784465247579027
0.36492110266802474
0.9999979190721575
0.9928900121534925
0.24973932745891644
0.9480485107205137
0.7628906079221803
0.1952678679826482
0.9956184064403342
0.27617100596902977
0.17792910391788083
0.3232262608288316
0.07875832866886416
0.665723221671889
0.5083389217778945
0.03110428914423004
0.5412076784719763
0.3178587693700614
0.4129373347685833
0.4912746082700141
0.047060463609705484
0.31371516151676465
0.012699462071438595
0.9328453173922888
0.24389320043547
0.038376651402449356
0.23583346346471848
0.678283359622186
0.645247723768781
0.4498285457782482
0.5834239817014298
0.35279501015186276
0.2774267656281649
0.3546521659818058
0.5269719565716899
0.06407796486514164
0.5764870671719144
0.4029246400626113
0.5530062713577483
0.19721473476982118
0.6658297441945666
0.9998584183970326
0.2493621564870562
0.07324979996939428
0.28162003109211065
0.9999999904685388
0.09824530508071934
0.2580152053372686
0.47605226770310544
0.7607879300276863
0.1253869462813017
0.252167056566326
0.04028231735325845
0.3712624508294433
0.1984917991828999
0.36214836128047534
0.28220599906440347
0.19685124090497869
0.1344637328859548
0.9771229138291393
0.027823590762168605
0.9965513556896475
0.5001445151776731
0.0723649386175714
0.7541109653488098
0.37665943826373693
0.11662086176264135
0.6882954471095566
0.03744487313966113
0.5023672246627474
0.41257820475335005
0.17314485975569677
0.36583197934419137
0.28686108754611145
0.41581305553754877
0.10081727807828589
0.17191560846447587
0.7547079927715423
0.9935091116629506
0.516895171477511
0.9999999971536241
0.9999999949064812
0.9998979799362964
0.29745300932895347
0.9240908255378709
0.7255806984231374
0.9965797681815325
0.5271108873661179
0.801646941195378
0.8613028946984802
0.44446528314687156
0.9539820364828895
0.9999999190782433
0.9969093243634395
0.7421173327542174
0.997476052707513
0.7546883858697513
0.44532028479235153
0.9999999927084222
0.9955037369913893
0.994644194326268
0.959750408747054
0.7111960657167005
0.9970988360370443
0.9997484642691233
0.5500943146899622
0.9986903532970718
0.11759042663855898
0.9502398619169078
0.999619686025615
0.9999990641831703
0.11587038923920565
0.9892683672509
0.9999943997731707
0.8513600349009444
0.9960863891169514
0.1125632097897252
0.8531933329803332
0.9859269071477277
0.08131626351210337
0.9999142961797187
0.9910604842747622
0.9135900063189883
0.6845216369965836
0.14763297201895714
0.9915574418346829
0.9993527566968927
0.3128151116555749
0.07156529255553033
0.8352405080795398
0.30193984772950466
0.1790740189462599
0.24388452520415513
0.9955203325148219
0.9999996224624452
0.10916838347947741
0.28157245592061186
0.9918677237888648
0.5338421856913865
0.9997232015089587
0.5821947552614855
0.04579400586198009
0.9991178906932202
0.22984268928060542
0.22286747633436507
0.9027174279772211
0.26415791295083185
0.13435380010887027
0.9862081622617327
0.24736848807640718
0.028348383486782158
0.9999995697872427
0.024954548288665074
0.6825849059911633
0.2635769567969471
0.40308082460681993
0.9985922589580442
0.1326904568764409
0.08057211629347415
0.9999999990333894
0.5664397871384979
0.05482114114492359
0.053091958512393456
0.761719726571964
0.08967219419889659
0.030968711191209097
0.999124887891749
0.15581981587856047
0.7334379415937093
0.15032136638629087
0.6097058071374141
0.4551397306282798
0.2481627309490512
0.9331316135138564
0.33247587147643454
0.3863993457368058
0.18503265513170605
0.04284404244807329
0.5998719299460005
0.03905836270989107
0.12280870592709418
0.6269133148128884
0.0479453713376804
0.07556038057978823
0.1437655269840255
0.9991756154347222
0.09095712993422606
0.865323783273916
0.04033803550573405
0.9611907996812574
0.07702368859722664
0.03863714823456014
0.20468680642151876
0.022902473035333486
0.6323637247214497
0.9995405538943418
0.7542192942976218
0.03557553204993173
0.08088424256123627
0.08371350114337942
0.14979285921071023
0.02637891452589496
0.06373588449160497
0.04826792751823019
0.9998609912307795
0.9990418515986741
0.11045319140877434
0.5504575824789271
0.3231338550833075
0.2931701613121305
0.566818096915132
0.273926218388456
0.17189910440310902
0.13018084643918915
0.25729232436741756
0.03777379164939918
0.9999999992836527
0.08743475988287704
0.14568740714375492
0.9138335372838331
0.5964585653922889
0.010115787001081292
0.25245455429267594
0.9993192495360395
0.06075749972792001
0.09353786200782938
0.9998794691406498
0.1035329900978182
0.23476584765398928
0.011114830637425506
0.06075749972792001
0.231061248879251
0.036460483895350296
0.11905356746151578
0.2508950995313719
0.734907975132373
0.07690772330297309
0.27330987715534383
0.243045373553417
0.22456462278211262
0.10233424540171625
0.057652104399114036
0.638057606983434
0.07582801282159427
0.1157860490216986
0.08885074844457969
0.012779919733927817
0.2296616614208605
0.01764937223069105
0.06616013980590023
0.36507846978962244
0.7659824325820945
0.06393348085002497
0.6708849399747198
0.07615446875569723
0.1513587863270248
0.782642612517829
0.1761436163965141
0.9999999659264229
0.18583927320699153
0.8629600626594804
0.1417704624221508
0.8727628045956288
0.3305895875109765
0.7255878259333308
0.21469509646712726
0.14478774426373414
0.19335178387152674
0.03546373080760503
0.042520929718623035
0.7883118431011622
0.48497974160643176
0.13023210604353694
0.10165666828552715
0.04095397547091094
0.9327355936691999
0.8347588660829312
0.12898037039201377
0.9960814334126942
0.9815400838532055
0.9946843283148142
0.9547787447830018
0.47196939055994613
0.7703549970006855
0.93181088152439
0.9303810187066107
0.3117753224392552
0.9502932370859745
0.8229266025917988
0.9927642154709861
0.18945077946662098
0.4799665214911565
0.9061085617017215
0.4697787009172966
0.9775005178237304
0.9975610082910717
0.9935595101365438
0.7274419207985036
0.18325060264921875
0.9999999781225121
0.9266276975063918
0.7986824564413174
0.999804539214517
0.5073101515672137
0.2803329100869437
0.9931144715289598
0.5755119908873988
0.772683803561103
0.06163568823739681
0.6289143084186757
0.6526732650799518
0.9999999787748324
0.8814076094473533
0.9999222903507651
0.9644327929254285
0.43625758947967685
0.9989150597929314
0.9790610326298506
0.9063689707359126
0.9901412782413994
0.9999991625058394
0.5972360486166239
0.9378568038798132
0.9995605590876299
0.44365176114158433
0.15068979553496914
0.9999985098046302
0.7613833804750876
0.9870058849944607
0.9658833375852162
0.08614528776348852
0.5254306217351818
0.2824650262279005
0.1320373273037161
0.05815901141813275
0.9479781202528308
0.5175474414038843
0.07131773007023356
0.9104922284642785
0.9461785082416478
0.19456528464943834
0.802632550103888
0.9999829460306863
0.9906375744317529
0.9799917479596818
0.5383705298768644
0.9998648274291441
0.665854778695215
0.9828699622237617
0.6379951624177104
0.6421344952408267
0.1939954032879211
0.999999999999902
0.9899509526185387
0.8845979013888139
0.37165461120332427
0.9995732619748809
0.9735022245411331
0.992098308273583
0.9998618885987991
0.24078204771149486
0.5133725935781184
0.9999976091073937
0.12528505308594967
0.039372119537386466
0.5454951444388744
0.04148776236455548
0.9999754738651434
0.10095227695899504
0.9162239795735652
0.45190125271825526
0.3947102562973797
0.6077303870165238
0.49969913343003414
0.9618365715743507
0.9831224203269491
0.8510445269758004
0.8379540242432594
0.12939095954174745
0.9999998581538913
0.5107344793524471
0.21880735199210255
0.7470469029270481
0.22461820616751088
0.17776227198643754
0.8417052425465998
0.6881670567418802
0.25101375654755825
0.026356517528234296
0.4484327249315781
0.16046741438515968
0.015561598731450816
0.38637003357817057
0.6708374921103145
0.2908405890030513
0.9368588227170978
0.5911593807016626
0.961989296585263
0.9471417276707366
0.5721498662844083
0.25879038358351936
0.4576168484337157
0.9122188397726904
0.1842355968899005
0.09935458409464523
0.841337327288738
0.31668036419903334
0.060424623082184235
0.1500919491848061
0.058461969959507656
0.3425623916188018
0.7379945904250724
0.1506271668894314
0.03767790973457259
0.16355020748788712
0.09317634033003197
0.1868433583845744
0.8114778413279436
0.03471352049178862
0.6271295899742322
0.023088791918948012
0.08420003634490747
0.035824649640374115
0.7565197908252548
0.10531196755051271
0.040714640343031024
0.3220734819489751
0.031614223579731676
0.11363750377089035
0.040208138080381164
0.0687530819134388
0.4686948390446134
0.10840596073440259
0.27329479117729
0.30410460310609694
0.1168198712912066
0.3887304884993795
0.20110127399798242
0.863203220726593
0.25848140461640645
0.9275531223394061
0.9994650809130853
0.25294907475484824
0.3543007826256409
0.08015027100076896
0.9909688288976648
0.3319666490706645
0.7655547774440663
0.6870105583431092
0.039709323566975055
0.4686089578036136
0.13527755008510403
0.5741009001258017
0.3558971269414518
0.4812302898677059
0.8825740223920742
0.9982523565271626
0.9999845098201142
0.035597070461878814
0.020796525717421344
0.9084127002699676
0.21480058833883567
0.08806232495469983
0.9944946891645913
0.9678841556899215
0.16726850143990038
0.150175174952134
0.020898608145927224
0.15684999580616465
0.9426929555249142
0.9818633918876776
0.25178107803843436
0.12171033814708535
0.9984082391237397
0.8948902285464551
0.8153649934847932
0.9530427641000893
0.9999950569145211
0.21562527825284034
0.4639005909046562
0.9997487147974615
0.8748505647591044
0.9686709747364752
0.9005218551919743
0.9995816135830322
0.764808550801353
0.9851556801777429
0.9999999889526642
0.08241609162950081
0.999835441527131
0.996683942679444
0.5139874401241558
0.6403922776414348
0.6651365437140095
0.9747682954359448
0.540399355410625
0.44857551621131614
0.7979649115649737
0.18963951767910273
0.9992097116926754
0.2960350058480009
0.691580251392776
0.9886843153944017
0.8089405240507098
0.8185976047702495
0.9692836154348289
0.9915734606247879
0.9853087733264921
0.9988798540987827
0.929691130108511
0.9999989703544155
0.9999431582166386
0.9999946709766574
0.12388854365451867
0.999911330827663
0.9970851978530664
0.4409060045270149
0.9074367534095785
0.9063947604546627
0.509704477123056
0.6038690590054109
0.20376885809748316
0.9845301001048197
0.9954333211511266
0.9999999882066021
0.9016952685305692
0.534814794613982
0.11159841829093724
0.29529906452608534
0.3779863193287394
0.9958221630234727
0.5148442739693638
0.08061777421916065
0.04887179681057201
0.9995347623138435
0.9676980551063336
0.6421412844893257
0.10875516051204434
0.7489331841759943
0.29262721574375916
0.1821173458362612
0.36490460532720154
0.6524794355142585
0.2494529913990616
0.04751956547723581
0.9744049500217564
0.9892205107573318
0.2771113974982896
0.9999999815074767
0.9286194868607531
0.9999574027345746
0.999999683556599
0.9583617202760355
0.35173958127970056
0.9998902841047667
0.9999999954018376
0.9999999999872051
0.996754999679671
0.8956751949353265
0.08287453230951128
0.22597140416370226
0.9999999918299982
0.9901282323322338
0.9999126421456657
0.9221824345264749
0.9972199693953554
0.9517200609858516
0.06792885009310615
0.8816855200187905
0.9692021642628488
0.46979554334789897
0.11635694770856135
0.9298850006706221
0.14507966168402248
0.9996539217812194
0.9833976512270841
0.6948046206803196
0.9875146686059223
0.7342851294798808
0.21134660195571014
0.9977985483429652
0.7931276792660714
0.042902063883956204
0.9540502597435344
0.9508260277197322
0.047815531570895374
0.08230397070778439
0.32048218957785835
0.3200840356262952
0.9999999989124291
0.08801540364849539
0.4004085178977544
0.39219648118803824
0.029402202743352167
0.050112841171338296
0.10312369990737238
0.9690998626673923
0.9999988319522576
0.9400416916035045
0.3547284450027952
0.1568651400641852
0.8861884015850388
0.0122393923185597
0.24056740755599032
0.8382818318940777
0.8450486166412674
0.4042779002152569
0.3126182449645979
0.01577685825734604
0.9781519759232399
0.0930033503520595
0.9749146295644782
0.9985160488787225
0.06573020789642582
0.9999999616372008
0.9845458466162121
0.0055424964507313716
0.8290334509475592
0.16618007721395883
0.9980549629489861
0.012131802277377954
0.7161647763752401
0.036750076731731085
0.05309896379764347
0.23301435831570155
0.1546968726618601
0.19117069643894657
0.14482705496176113
0.2244279924266798
0.008963990856351092
0.9803371211398645
0.45812474844373446
0.9072862612185041
0.28547783546804856
0.09191902875728032
0.15499643095193022
0.2923356084457565
0.8621321612996444
0.3112241264036939
0.005140857096776646
0.016372147898700364
0.10562875060847184
0.9882819511060902
0.2985679823648816
0.036460483895350296
0.14296100437867576
0.9998865891502767
0.11103628539483826
0.9977320039982421
0.8925331766494287
0.7478746220784773
0.2751540093904022
0.2711946146799291
0.14956357780205132
0.20746925883924944
0.33197504062136884
0.9491984437951035
0.4313950382120132
0.9886078704160756
0.43719140825032754
0.8257572491618184
0.6108895379109873
0.13654268249423257
0.9999998958602235
0.9664677877732224
0.9371182148465941
0.9988146585427335
0.9221802269975239
0.19534176670184591
0.9217666498664732
0.9977535964017827
0.41926190831935317
0.5119535134648636
0.06636088725477371
0.9996264420424277
0.48693024765990334
0.29466162176175115
0.6103922416849576
0.6687776404533989
0.9977834349842828
0.9986689677282452
0.4454429241899864
0.2519294410247878
0.9903271495553667
0.9977402299195447
0.040635031422756374
0.9725114347807995
0.999999996480623
0.8027189474239098
0.17957492654711765
0.13709299381860834
0.19171981117134607
0.069478441543725
0.04708937345160097
0.07655003576179734
0.7723074172519058
0.3902685204720982
0.2792932701556852
0.5775010809542326
0.9926810335750489
0.44904472174126786
0.8295837889708515
0.04769549549616357
0.3616646893317149
0.9510232963906168
0.9900189739519265
0.10882685155587164
0.9051715282151436
0.9999999684133707
0.5267472370530204
0.08676887151614994
0.028467219188634107
0.0679259378300752
0.2786683634280251
0.08446169999706168
0.048164258849000975
0.23692503436248558
0.6317598046265355
0.5573827851841672
0.6433004153411108
0.9998428863699035
0.19247077067600352
0.999875940785105
0.9994222391454942
0.8286778399255791
0.9825722100702787
0.32015943746944414
0.9287777310825029
0.3021230137380276
0.9918576204248243
0.9919046512974592
0.7972466606040017
0.829808033681369
0.9987808333056849
0.9991798751840859
0.9991495308446037
0.9997601035563862
0.8146382413757769
0.9999982098949927
0.8408025016286415
0.12709332091741618
0.999993146079371
0.5353959541636876
0.9308753411516217
0.999382304925188
0.9999793523445749
0.9999942215188626
0.9649512916629177
0.528932044148898
0.9999607636142042
0.7065707386260673
0.9976805650933886
0.9452544243854499
0.9936848970934108
0.9998334115245052
0.27383819654312835
0.970722139078737
0.8869670285818156
0.9839479443345329
0.07979812460703561
0.1580197457902177
0.030592125772687002
0.02575134982594099
0.1799549829915185
0.5866294519705291
0.04464668666180704
0.23509729120140901
0.08048701876144213
0.2925019425737748
0.05259289879738085
0.18066579660462914
0.9841239279574017
0.2690386325967683
0.5174965457118255
0.9710129003578819
0.99995403147865
0.6080528914301608
0.9706920899563107
0.9623304193328664
0.4165718801480378
0.9014834563516511
0.2435840414642763
0.027711836089019327
0.7877813012050916
0.995565743551283
0.6041748904578447
0.4336945324082425
0.178421160819344
0.9999999997669665
0.9999999979804232
0.9999999999933268
0.27741831336799105
0.9896184753842858
0.10930536202458874
0.9255686931281886
0.6326830224833755
0.423830113057276
0.2763092884897212
0.10002487398923161
0.9700992468752643
0.21149214885744988
0.49112778512399
0.5455160036648394
0.08028294884521744
0.007940838447604712
0.8262479998345456
0.3724614665457072
0.078792126355294
0.06068596897732589
0.06444475885209124
0.6541847883746712
0.21401457871376245
0.997589570702004
0.030522831255987315
0.00827443998366029
0.9758598497389542
0.04135830771166261
0.833609324137606
0.08464092196431681
0.8140203274280458
0.05317658630058134
0.5882889801506709
0.2974473560469205
0.22118031691923906
0.8662319081871853
0.24405286298842938
0.766378771482193
0.38815008737069734
0.7498673458098439
0.04203978398617487
0.2154359199454869
0.15379655917342433
0.021074105618940762
0.1848485435035111
0.0194680592515553
0.9693833770004201
0.6146716082651863
0.16553309714542325
0.7459186696642625
0.08823913952880963
0.10571556615581604
0.3293289686460977
0.09926973227656054
0.05222760753787066
0.03672335692805284
0.30501247776961843
0.42855322528850187
0.47851517776855923
0.08103621811516894
0.03122958921060353
0.21684447597589043
0.05893250103950406
0.3877032720831409
0.5695765720258817
0.26987571502979946
0.1146016334748374
0.3192738582381714
0.5341914756022592
0.4857614307103081
0.625024024915897
0.5131257651754284
0.7320765579858397
0.1338523930936122
0.0223886047076508
0.7419395970390694
0.061894141563613836
0.5004587789087459
0.1463541811584289
0.5455964235269862
0.4604212827077583
0.5485485161241787
0.6493118095557671
0.016031750806507632
0.007180208776082764
0.8614097886960426
0.9480441148995833
0.7009928054920419
0.13524518621440013
0.03292307564453388
0.2466045775115826
0.8936697534303473
0.026856790212090385
0.07281462320462642
0.23048381210369348
0.3487636593308812
0.10267647542917732
0.021648868107710117
0.16703512283152994
0.0835845182205009
0.07359452122321981
0.3300591719874943
0.2599191943650764
0.8700361283384573
0.1598074392818982
0.2629079574454993
0.9993907544585369
0.20730115047262782
0.9842554995503437
0.4652349958303392
0.05003677238970315
0.034317314805258986
0.488844897476412
0.4649786473328271
0.06737939530072892
0.06898629906369329
0.09243399286044995
0.16703630981992384
0.03780527461813924
0.24850891537688985
0.0837630044860665
0.15789849238878634
0.41329208034885384
0.09384186397308217
0.8900679901975316
0.005680258731385615
0.031803734378960336
0.28859970049882666
0.057747586477660096
0.4356534983966647
0.7899214610605693
0.07105698158491836
0.08433481640264724
0.10533645775251141
0.5692113319529167
0.02623552276058654
0.03133701909832778
0.0933663458607034
0.1706771442254785
0.6802444989978327
0.20800756160645867
0.987520831521209
0.6436848318510536
0.5900846386591485
0.03496863188483951
0.23346802662967686
0.16532163474083067
0.022073631544035098
0.8114958357768683
0.2688373659692842
0.22160837559853458
0.04081339393250992
0.11239483247181603
0.870484091920075
0.2718619283540092
0.17951374889283503
0.3380360376634754
0.46831982473275646
0.21278566419221673
0.2457176299247336
0.6850673698895964
0.38363574024960617
0.07077171534654406
0.9973153879315155
0.07092249765266886
0.02276238813050168
0.8812216627322833
0.3808165503858002
0.9052007000898469
0.2556640225159674
0.20672695639759214
0.9868969214333905
0.6535497831214091
0.3183589538365518
0.3172550986891427
0.08102523985201208
0.7640051032677714
0.0226572674190607
0.06722221506697043
0.9511032331026739
0.172229178666856
0.4655650977394707
0.7154097966316276
0.8065301924234657
0.7253395682648736
0.995703262290275
0.042454361170612555
0.9827324908062198
0.6694281734868591
0.009147982222715585
0.8689525019190946
0.9970635085635028
0.08243946335886992
0.5718614449616893
0.03453267304962999
0.9940207341280232
0.9808479174432001
0.6266349749946962
0.25822363460064207
0.9998722183199344
0.17559015337933345
0.9999937050540953
0.14584794916182856
0.13527559802560324
0.18040884274698527
0.45988372983183423
0.5903264736908967
0.8537719891497078
0.9989460510241607
0.35676457433377246
0.9804003954270328
0.45272579023759035
0.06400604328524004
0.49895367941537827
0.1482941255728149
0.618422432280832
0.20903922031348654
0.023453286506024136
0.007324919769608547
0.03727689465121003
0.9997540543692288
0.042249762405899734
0.008436629682324826
0.7179350008179892
0.055259589916489896
0.8281406380843898
0.14973657670090806
0.28705339706652755
0.6305289466063739
0.320922958733157
0.7143227597633215
0.8613186917928577
0.18053062728773844
0.028024214043284385
0.1362234549574349
0.6271561499992258
0.8568886307028434
0.0922144380124874
0.1992568662955036
0.2966902370703202
0.9999705123462139
0.9999999964678029
0.5735594325241273
0.9909441339099111
0.9999999993834756
0.997737580111627
0.9951061005080932
0.5931476945291296
0.2778573462029013
0.14245668987872281
0.1455443611445467
0.3440867981304386
0.9999998758095074
0.20993555896643246
0.9999078601707471
0.3851774919913543
0.9957418105905769
0.9999998421589087
0.9969199303959367
0.9875248355304459
0.9992681141450717
0.7442632766635582
0.14431424633168985
0.9999280595429975
0.7792725959504252
0.5904648709988118
0.8724249896807225
0.9997614500166832
0.18174387932676997
0.32869171382331186
0.527638496741524
0.6134338535126098
0.9999999102138932
0.4965325718471867
0.9999988629966226
0.15560732073953484
0.999883517292283
0.8200427583178943
0.9999933731377029
0.8905639807256096
0.08841658353612425
0.9881003123178569
0.8279687145166553
0.8575322561792375
0.8385684547758634
0.9998818396897026
0.9996766012026832
0.999965334384801
0.999077031481411
0.03445409848077825
0.9996879582435223
0.9990599909689297
0.9815914570534767
0.9999939280163215
0.9994834148130731
0.1235639284397361
0.9769112808505694
0.048297284625726335
0.9923431505552334
0.5473112057078802
0.9963086949316979
0.8529106588450288
0.9913315640293886
0.9999990343325763
0.9725713879794498
0.999985509732974
0.9869934634144256
0.9903327623529549
0.9869695176917521
0.10066421471791401
0.9996558876085224
0.21990255710989787
0.5790581180964796
0.9422997615691463
0.4830947978641788
0.9999964984005535
0.99825583066972
0.9986305077089035
0.997909051962047
0.5194350757279469
0.997542194469415
0.522070576255725
0.9952771735819645
0.999999001864914
0.16888027258599805
0.20775546569663955
0.9999567284296283
0.7972515745747941
0.8621559256356047
0.11126507613574306
0.6390502302266995
0.5051522411719352
0.9288497703910419
0.9872070295199153
0.08957391336317491
0.5993087779191634
0.3340396452760113
0.5244943045894108
0.2538854927455776
0.4613018424389904
0.34176120403388316
0.22808585755991614
0.9965233146458597
0.5632557531854913
0.714970500842594
0.5454126924717274
0.9999999996977433
0.9987203291877116
0.9652344085198173
0.9998919214315338
0.988409960837874
0.7338944140770718
0.9927037971306115
0.56963157773383
0.42095086194607045
0.12723934125085018
0.26297408870364347
0.09344162897587352
0.5940931849922861
0.1687108736316798
0.4518400557057454
0.8628294198359445
0.8574599877943813
0.6941507880407934
0.3298469915230313
0.3299914287800553
0.3365542786653818
0.9999270198043707
0.9921996967803095
0.9991214281837367
0.9999447605386196
0.9999999971970507
0.9999870596453718
0.5919362208426108
0.9999999482221955
0.8962855323712663
0.24091556030877817
0.9985658487924243
0.41500310907244664
0.06026588948912988
0.3051981530231658
0.32176005504994276
0.9871339926678793
0.9512017830696781
0.29862532235429506
0.9996887212739983
0.8981390362968457
0.09547792368818193
0.9976501426135045
0.6378518116963028
0.6614223286491666
0.21304042044541557
0.5741599159116357
0.9978370775240453
0.31935008612662374
0.5392510904169914
0.6392172969844274
0.721838548335892
0.5460949521922179
0.999999993156575
0.999647461667724
0.9923708376338884
0.849033230299227
0.998976605825165
0.9999623731818776
0.9999858294718613
0.14489787856825723
0.9999999998126026
0.9991878666156321
0.9833593734854696
0.8922130580467181
0.9997940623722327
0.9986462626810427
0.5139063254443261
0.874850410852327
0.22360639195234197
0.20935758769899135
0.3129881471491116
0.9999998414285196
0.9923831022211658
0.7179050495793788
0.9999979551253476
0.7457773818729923
0.9982877889222079
0.3260983270365078
0.9999859843627501
0.999994496555513
0.612035682404702
0.35244677828312276
0.41784831626488683
0.850785409249313
0.7241875975024797
0.9999999999356873
0.955468290577547
0.868433833959568
0.11805938034762153
0.962340421947275
0.16466664376536397
0.9968098525653539
0.996770309368852
0.9999867390684942
0.9949011223260238
0.13768828866305166
0.9414937771113703
0.9999999999986618
0.9009351511040595
0.9999999968193116
0.4257120922310776
0.9069280480702805
0.15419241330967023
0.999699583810758
0.5596191797790763
0.8824694341742312
0.07201385530432243
0.9976945338905173
0.9990771547835047
0.9899616134767534
0.9991726044831148
0.9179350182666373
0.9358836828648014
0.9982469142697425
0.9800928960523168
0.5107125225686348
0.117137622335032
0.744494776116373
0.9995397388667208
0.9990710999395571
0.9999999952518888
0.3175757705226148
0.022795459881187228
0.9635752869307688
0.9999535846201815
0.3545535455586164
0.9999921714322222
0.7684110860712787
0.9968218375757589
0.9402926859870238
0.4925852267510159
0.997612315905099
0.9910694149912882
0.737038612416057
0.9999999991773845
0.31557335853617624
0.9999481164211446
0.739118794389504
0.9941116606358777
0.856830796228498
0.17610982227098987
0.17501016811536343
0.9249159855253513
0.9999999767139005
0.3186905222369355
0.9999901850734446
0.9999999999847559
0.9956132756810515
0.999999847925045
0.9880891071444126
0.16929433310970118
0.39469689809994785
0.9994106024471707
0.9972506446022888
0.9999826731541639
0.999716985543324
0.5760926435883574
0.99830447412638
0.5333481967401191
0.34821009838903133
0.3939322394743685
0.3408152822687586
0.9977046049419618
0.4656704893098297
0.9767122879848464
0.6148300277509596
0.9999999999998177
0.6642330250009831
0.9970160868318612
0.9999923985574417
0.9932303623957462
0.6048043841175932
0.4490328536565629
0.8403198192354694
0.6871307955791208
0.7758311070048436
0.9938404717342604
0.8978475296497457
0.9999958985077638
0.5116423197892993
0.9997080075172159
0.9999997459117568
0.08780440734426379
0.12191393085969608
0.07930447990854125
0.9917750974001269
0.9980823566303746
0.990182836194933
0.9916000777964097
0.3698617504857551
0.16889805779695682
0.46222557099258915
0.07415546013801072
0.8518793150924499
0.03757625822812531
0.4775911478136349
0.9999591502994489
0.6831341197090126
0.9999997470280266
0.9467087288622263
0.9578466253245311
0.014802843980287325
0.16041657277771865
0.1981282825213981
0.15781158610191992
0.9999999959949051
0.9999966552428754
0.9992477038576407
0.7904126156037098
0.99852337789124
0.083989895702426
0.5832463803086385
0.9785767061024131
0.5223359907733041
0.42714139612598856
0.2114145837220618
0.02512691107596928
0.41663442805603135
0.9943954100050707
0.9676469826197203
0.2474349483555364
0.5429287296781878
0.9958419243059801
0.5441182672953451
0.999999999599534
0.9978714461627062
0.999169410549469
0.654020409595428
0.4339811589817515
0.9999900535180247
0.43766379050176035
0.6126726495346461
0.998147859920468
0.9999999941885113
0.8149600822327561
0.6813643036275152
0.9654066800719778
0.7047752088605282
0.9988262635269722
0.4085066000249344
0.4410310778426644
0.807137399591593
0.9997833931621072
0.9890972726976844
0.09592871534863852
0.8858122198921368
0.7675235673645531
0.9332228917466482
0.3765336526256632
0.9653895300926086
0.9999999525035287
0.6135289681396117
0.9997762707668996
0.8889904105192523
0.10470224022201628
0.999999985036123
0.9956158851789034
0.9994044083855771
0.9646585594010972
0.2960113982966646
0.9999605274123672
0.9642821187502795
0.9999980013688153
0.18830698930043957
0.9094243052349397
0.2796679136111845
0.5468874849587714
0.5280134845299744
0.9978877595207383
0.9941258326863054
0.43381128051376583
0.7163112517588246
0.9994258080529488
0.08633643165024382
0.16309379535552734
0.9912242604588432
0.8152761953822937
0.37656279907404244
0.24401659369552725
0.9999999990819924
0.07897933095425545
0.14012396458658
0.09591176239762869
0.10978742260479699
0.9418939556245552
0.05445181378517221
0.2792605866376435
0.43188085583863434
0.026374404761413717
0.08590593258477348
0.06349407960089735
0.16577061043286764
0.17538482149259066
0.721953262259332
0.9379336555309319
0.21925357899879067
0.9082110784901282
0.9918368363614741
0.9999999333624803
0.9999275193908957
0.9996739298451786
0.9999974043276302
0.8878809778970597
0.9999985173024644
0.9971051505899855
0.25031399630333406
0.827276621562335
0.9999818795362236
0.7229453800712202
0.8312580410984882
0.8992543881451462
0.9854182981445107
0.5633986151353548
0.10513157176301091
0.682917825344748
0.7094913793534159
0.9852065195357966
0.9740289438865709
0.5462172353126757
0.4343404221969145
0.1331931151062276
0.9999970847512991
0.10775038978146705
0.06311067924027089
0.8035830543975753
0.9486975054460274
0.9992983536212409
0.23339227566433723
0.7748506239493463
0.9995501174131751
0.44038570644634073
0.3772905616884803
0.9977938343369187
0.9999999999998824
0.9970809799161321
0.302046126361161
0.8178795699802773
0.2225731421090015
0.999999999988292
0.9990699172538552
0.9909771250413097
0.8386339521041448
0.7332561691673775
0.15633337276748832
0.2380981632058965
0.14045869792345017
0.9943968193110608
0.0037154137339397465
0.4170055286505942
0.997841645867496
0.9999900831816075
0.0794692828204601
0.10296178669958811
0.9999968086595722
0.5706366666605465
0.954903408500144
0.7378749233028011
0.5466137025613108
0.08714789225421546
0.88374384465892
0.7294481197797744
0.02652720349826006
0.38974254592432345
0.5090176049046368
0.42970442687778354
0.5252064141583664
0.6927044919407168
0.15158618988204406
0.24677659947708003
0.18729006556521724
0.1967836518896606
0.382532253426566
0.28982326999763924
0.5674549392278821
0.8263982524090692
0.6280146922317377
0.762307994678091
0.9992840215968822
0.3348972165748793
0.4071486555890938
0.4406106137352876
0.9999927173101222
0.7451898069716905
0.999998843112817
0.9717388502773676
0.301648797555483
0.8785579372491125
0.3882146231043254
0.4208011065220929
0.3516800310772101
0.5172464784305908
0.2223122276176568
0.9102998598293551
0.9995540825496404
0.9999993555624045
0.7763210055086509
0.8301672234002508
0.9582988113669444
0.999999322910336
0.649850867746449
0.9998776789655789
0.9981143500157021
0.877774295370312
0.9551139331101058
0.9882350744728481
0.9966364861169581
0.9918963765509904
0.999999952986929
0.9668008815096865
0.9998409616270534
0.996285723168287
0.8919640385338786
0.9999997680749922
0.9998915931743241
0.9514208016818351
0.9997024359071324
0.9973000839006568
0.9999999732854661
0.9999969946963614
0.8769563727032681
0.999384182283652
0.5904865233387385
0.9999979355432005
0.9993653095101875
0.9979170011969118
0.9396990481238479
0.24970162680009916
0.7998155249932007
0.45117424342865
0.24490444340851664
0.6300644856652993
0.5629850854898564
0.8215709317721123
0.06728964745593694
0.2878121226166979
0.95089832786308
0.2080623509459833
0.9999985780824971
0.9989590983558522
0.07472567877713687
0.5394408321097771
0.5376482926345676
0.07837294383046407
0.9187861697055727
0.25798768063419303
0.13202563681137267
0.014491402480402715
0.060404499714886414
0.08275185764486848
0.03629439452353574
0.8550379059399523
0.05225108681841166
0.11511317678287528
0.6410039160215211
0.06095131751770446
0.5452450742429926
0.5896746445150389
0.16135868160159017
0.04816910586388714
0.27072444887972336
0.6320718475333329
0.1808339382485761
0.7284092123028403
0.07822226909007517
0.7419626610983666
0.5797136692515492
0.5956642908847805
0.7875816449093319
0.9395330575794436
0.4901239436012871
0.1483579676517743
0.11216641432523015
0.02282595671633581
0.44539801478250823
0.011281027027467564
0.5014354719219644
0.9558704156707976
0.5271393455783728
0.9797844337793814
0.39168505464882397
0.9715787912070585
0.9935656031841293
0.9587326142346783
0.5247021757653376
0.9999999980378032
0.9999997784075433
0.06193710748154284
0.9999422516750791
0.11650210489868988
0.9552816784206662
0.9999995547824205
0.9999999859800015
0.9984787419937502
0.9984485117706532
0.999809365416444
0.9999894313522939
0.9999808243289448
0.8701707317957433
0.9993902216419446
0.9999121437768833
0.9999644713000647
0.9810182682392931
0.9997210708610588
0.999942274743354
0.9999926448914455
0.9997536024794359
0.244549931426975
0.5027003259830862
0.9999999233416847
0.23034926561543342
0.9999985967310602
0.1631356408070404
0.9977415687736709
0.9999971422713052
0.16729652326828953
0.9999928723619075
0.1429990596567728
0.9999987870016497
0.9998539725929749
0.997209390477586
0.9986877208500241
0.9999999342305271
0.8458458283323704
0.9997860850299605
0.1388651933726251
0.4220125452287209
0.47232850152538697
0.9117514149557973
0.4245804279794297
0.9943309812844829
0.9999967546265317
0.9999767245552684
0.729673758480893
0.9999999962428548
0.999987828597092
0.7221173614773766
0.009225951501511048
0.9882127618740446
0.9942254288165113
0.42444184337065477
0.984368375728792
0.9999365875144409
0.16381842754513126
0.47439692972030095
0.08445507325830352
0.14563042498413883
0.8844078657040904
0.9126451524847313
0.386870099180585
0.9998541392105997
0.36177714266016026
0.9130718121377248
0.9850985256586873
0.9996156341103498
0.9973789821649881
0.9933118037567592
0.9665446283943803
0.9515579299090723
0.4623373229439703
0.5765845581839004
0.9183510038674498
0.8785306192158682
0.8647380974199189
0.45624226417516844
0.9945947279415579
0.831822700493011
0.8678548034414545
0.7179096634047484
0.8475194661202641
0.4750200083664506
0.8238857766659919
0.22940839425224788
0.42186239156301114
0.01596028411433061
0.06090798244749098
0.9992330981732174
0.999990400915823
0.45204993891050266
0.6820461307190908
0.34182947246768264
0.3935967879234117
0.071292493872298
0.9084331444562753
0.7956350733088873
0.11782533596511183
0.7156695913042987
0.3623116219949619
0.21560259159037004
0.06565619723679207
0.997424499450686
0.10491509069679421
0.7130693107927051
0.32448722908472066
0.9983902765529604
0.9965012758621746
0.19442619849689063
0.5147704775285276
0.9479390973570325
0.2376187358003973
0.42529466919996306
0.8550249365443163
0.28194135795603503
0.3216198671448137
0.15334448498878078
0.24322812424689144
0.35595777701257936
0.4423928516040645
0.36940754118741287
0.14591574306204597
0.1931480647673848
0.03923496189087695
0.962614667952538
0.7592699862325288
0.4154042135203689
0.998568426471419
0.6278683419234542
0.15586283914382734
0.15885623553041206
0.5437850012959133
0.13185212531440552
0.17193715399400575
0.27112035807068896
0.0062747329425068225
0.0899019476433112
0.00790604284868034
0.43822403939856314
0.03120756313619244
0.860797420454257
0.366689863843409
0.7695186542371047
0.36243902896879066
0.02790416463875106
0.018638356684802855
0.1663474137809066
0.5462669318948891
0.0819089232200462
0.35657890028642936
0.46394635716020965
0.21306911666277864
0.12023460007079276
0.32726411555515755
0.9832368944234888
0.0025755963343227486
0.14863624237304618
0.49687495722245084
0.14372141860234472
0.5051562211803189
0.9999867858454017
0.6072499757985494
0.9577399306271893
0.3229290813735525
0.30159908620389364
0.2042380027845402
0.11669824311274668
0.7710761844673023
0.8609570411031505
0.15418880512891114
0.6818540843787664
0.31814459267995404
0.11595993581122528
0.9999678888113882
0.9998942073342661
0.9695562767193995
0.5374025596242824
0.9999922268979706
0.5729849459270224
0.999989605278245
0.22105839121264367
0.43957865952349523
0.8503324125176569
0.9999999945515814
0.9999999673115241
0.9999801514619998
0.9961758307782489
0.7737506698201227
0.9998282498472764
0.7092613806625689
0.9991852644669779
0.9999998308583515
0.03852837076555352
0.5075287855425396
0.030125651071996752
0.5255256956303789
0.212307620446555
0.0784139621371328
0.28438028948012967
0.36462171790199155
0.17961709029211134
0.05990278918292226
0.7432834655106577
0.17423154270838775
0.39082532846115126
0.26798239516400907
0.8357899358482435
0.06684212070078657
0.9605306046344431
0.06622306113371815
0.03872517383636
0.9935746904749434
0.9999999977914535
0.21213185740266766
0.9999995213163722
0.8630944906363892
0.9999829906420177
0.03197828669317041
0.21734745669330685
0.24508663580515702
0.14789810707694412
0.5012394283475002
0.022197489804742725
0.24738919708424612
0.6496931900550209
0.13203412578009002
0.025029100736744875
0.8250806640751378
0.25311087705330737
0.04498156307599556
0.5175427240356371
0.5122033534585229
0.6886125230997008
0.3201760158430299
0.013864378075737368
0.05646665866491658
0.21293415206506733
0.2771576650255308
0.0220623253617201
0.1583607633768204
0.0061354092874573735
0.17461799230631508
0.0646481233615378
0.03294121509754329
0.028580699466829583
0.8565244800341091
0.8216504876805194
0.08109068672010787
0.014390027192524173
0.21734846513197584
0.05480597347033298
0.11699072437822249
0.8562164549707321
0.0784757011280326
0.1435401259408715
0.26818876927696833
0.1229019376710732
0.5284361614491926
0.268078958664305
0.12556558598320772
0.24099542865508417
0.1373459534645957
0.33045616519124443
0.07237789967983582
0.52642696793276
0.23742195538291938
0.005860798968804208
0.09852310950960058
0.8912688849686591
0.9035531230457574
0.1651195155656648
0.7871658546130984
0.9987049337308701
0.5852539501200483
0.5639890829750434
0.8109057397597557
0.9998317200575307
0.9999999992896139
0.9999999906423964
0.9999831529115898
0.9996725653869347
0.2949959117962898
0.1515233609237267
0.08645437699804637
0.9450697355718125
0.7769203314010411
0.05432386774289163
0.1472842989331105
0.6103965249296539
0.03627110436809118
0.30107968427209214
0.0310775966864733
0.020433164403256952
0.1753258208557295
0.2483517374944193
0.041429144782544794
0.12052094685633818
0.043100093381352955
0.02704556314160509
0.9258468362037213
0.9953061059059637
0.9999731357819694
0.9999968425245276
0.986474352247334
0.999999991225492
0.9999491606638072
0.9996431862009271
0.9678986596295516
0.08630988777367553
0.13498034076173285
0.9966512506609695
0.2115265233730749
0.9974841280257516
0.9999999939429255
0.09171509439679229
0.9729117951889821
0.9890387442901865
0.9998044731082892
0.9722612472185281
0.9100299190793036
0.9958071043709937
0.980437349117975
0.9865291044312912
0.9932743956497655
0.5959176309171419
0.3249430066350544
0.9844375024913672
0.9999970192866442
0.9999999999316345
0.30365766980685815
0.30625753042218323
0.0356756278253081
0.18634556232908886
0.03939036221356708
0.1645744966605957
0.9828861226658075
0.7624615193992932
0.23675724909859652
0.98778342436045
0.9939188434451284
0.3142984291190675
0.4317542575888306
0.07859074176561309
0.2112752020156373
0.03701114752529293
0.6459537529580659
0.3543602565617101
0.4526998205428967
0.47179364462559137
0.6264818326321107
0.251203841468285
0.9210807224162346
0.4242876458518873
0.9999999972607195
0.9155022600941318
0.6403816760824059
0.08356537370475413
0.2704790564780285
0.07677745083455104
0.9249219562296641
0.7130179986774089
0.06379517800891751
0.9990551855137744
0.9985310059412755
0.3514970202125053
0.6480829859933364
0.8127885970614349
0.9999999798303361
0.7700715479809894
0.9714266567984782
0.35058159384247967
0.28200912528007466
0.9066535462360277
0.5151898495489213
0.47075796322163266
0.9999999909155708
0.8354642049400927
0.8942412731398004
0.9997043975757579
0.530295423589223
0.13013172492003325
0.7236071522292727
0.9999782697957154
0.8637418019863393
0.238394712892452
0.9999993353518377
0.5791094146517934
0.06593220388278914
0.07917204925073415
0.9953061059059637
0.8821786219474719
0.15630708426199952
0.18592489711759527
0.7486655034128342
0.2097198759740626
0.8141870540025373
0.5630323920349163
0.9999952740427107
0.1619449928216062
0.27244742705742536
0.9999999864110422
0.1307892861234639
0.06860960499359885
0.0739437172987977
0.013890245273724584
0.04740051492461835
0.007503059778921142
0.04408587387095819
0.02604564779041938
0.05666351270198283
0.012626063950598666
0.08167040193431546
0.8827011531854883
0.6413742482175293
0.1619144019431562
0.9094322275960354
0.9817921607912392
0.7758866014125739
0.999988039316051
0.869632437396454
0.021315980566150833
0.9977582230192921
0.11950119333022942
0.9590512690224683
0.99999999835348
0.9999790209131959
0.9995260924799789
0.9993022279032691
0.8336395779807276
0.9999963240634114
0.8071341484238215
0.2499603943094028
0.9999634853274172
0.4389177540205894
0.4059746445382636
0.06017240108847084
0.7811270059032667
0.3938645383959366
0.38000975251906854
0.14421014220020179
0.9999859793145497
0.1737515570812445
0.06944188565161874
0.9865844304884723
0.28563247936202424
0.5139941945959158
0.9962637486220796
0.9828132655178287
0.24336444213664593
0.2620070523798309
0.4119506567305553
0.6818657623484299
0.062723406035962
0.9999968713670478
0.8614653858491733
0.21982951199918377
0.13143675927456822
0.010737690544004714
0.01530965310722919
0.11650605064499667
0.18720523990670723
0.9999997604885358
0.074449286361962
0.23715755356592033
0.9952254642291287
0.4388634859750401
0.117714858430327
0.17778449294057258
0.3224662761656826
0.8682149479658398
0.8453199793924412
0.6185753206074457
0.24337267570910318
0.9999999620388647
0.7297855972176518
0.6979006741243376
0.4575023974093758
0.2176337941131961
0.568824748745768
0.9797694809175919
0.09162229575924451
0.2885304099583829
0.9445447922716037
0.3587832792255163
0.600605096989238
0.9938748608063813
0.1484830901239511
0.5125163672387928
0.479967446862595
0.87376396485052
0.99989331751331
0.33277329526655375
0.6292877889081154
0.3024985456005917
0.46061660248971037
0.05982151596891898
0.3142125536862236
0.09303672806006595
0.07050610235830165
0.3961061476195135
0.30038551716450396
0.18850208384564737
0.9548287050879554
0.18074526543989114
0.17101574867968325
0.08008924996850356
0.07670194818727565
0.36882044884601917
0.32693654418131285
0.22579514311306942
0.19542239022591837
0.034872247991414994
0.08845887544548862
0.8605994337804418
0.01032478599663682
0.01818583491431474
0.1712186959896352
0.15801710352150627
0.5345587104772793
0.9688204323529982
0.9999999998024652
0.9913738667010751
0.7401492323406331
0.9998192307793513
0.8758166780762264
0.8407328402348737
0.840360488434033
0.11219448387678403
0.9971076357174816
0.9999484553193853
0.1507692079290623
0.9970714841278058
0.9783234001507506
0.9367717229698093
0.9999996818728544
0.3461266348226683
0.8753941431927412
0.7603504307327713
0.9975146612596095
0.9996977941137752
0.9980718037841856
0.9616384320545907
0.9704631173939436
0.8328270620337147
0.42765003531261125
0.7419769549351548
0.9999999745108046
0.9997412041845504
0.03655887699222554
0.9996564571375309
0.6209261524176383
0.9898571719379214
0.9999784923342986
0.9838914861750598
0.3351899831350875
0.9795848071753248
0.9531960232703842
0.9999514253200272
0.9997400598793911
0.9999910927300799
0.8581150088205789
0.9782806951687195
0.9563018784398288
0.9922056443808579
0.9986089722777516
0.7772870612422679
0.8524902702988275
0.9250097879047926
0.9999699136084249
0.9999714175118776
0.9999859524117506
0.07254458579033106
0.9988413545228179
0.9988704727527347
0.756012799099158
0.7240959706384728
0.9998912857766692
0.9374287451738258
0.9974957180818323
0.399848123517171
0.9987917658697116
0.5110347991497496
0.624072942312486
0.999356485327084
0.9977972110909497
0.2592679453314567
0.9999993335264785
0.9856956937031075
0.9900715906143155
0.2312198261564256
0.9999999996423806
0.9990085556680548
0.9999864184838533
0.9999999998445681
0.2637165467708242
0.9999996282920225
0.9529260194401404
0.7554371635706046
0.9519396263264832
0.406036203445088
0.38544951383819115
0.9910286888121176
0.817757127889186
0.2623687410548033
0.9944398484330085
0.7402889995673829
0.9999993260366979
0.9942791833632943
0.9999965539403008
0.2008650820654795
0.2964996359767168
0.999911182220921
0.9999702013413083
0.9996458956412374
0.12383969209642035
0.4396445972343323
0.9886976344707067
0.41781082112894874
0.9614451083521429
0.9772627771341416
0.05562393368688277
0.8023445830125816
0.5793776775310853
0.9996300157020187
0.01217057094551683
0.9332549261329082
0.9999938761236905
0.9972746656958542
0.9999753984930801
0.9411346567118674
0.9998972139439184
0.16607692406415248
0.999999999999233
0.9982240272762682
0.9649160247168826
0.9893116745009749
0.15263726537166306
0.16083733677538156
0.6999058016985196
0.9913892078770081
0.1190165817964762
0.31736883022859996
0.8853584088996163
0.22820883327162936
0.6538410868624069
0.9995969458915577
0.05715089115433673
0.9623040510571915
0.999998701896789
0.2224085016294702
0.9994070290725687
0.5909264338212853
0.380286868073565
0.5983630841085887
0.9202762196120464
0.8718443240295777
0.9999019816023486
0.9999907320090244
0.04178266624096699
0.9999999933793446
0.22823535336343945
0.3691218088766234
0.013762752838445422
0.9997459317472794
0.7371466709686793
0.7349517247469123
0.06525168694665576
0.9947991149457656
0.34216081247141794
0.9984361040424895
0.3932213205496711
0.9996406853218845
0.16216025792531333
0.33421996314879204
0.9999999898067816
0.9997354192238763
0.6642815510655737
0.5720972206614341
0.7612547557116324
0.9999947039366959
0.38912617872757943
0.9999999948856363
0.9580913828806429
0.6586223186232943
0.21247004313664827
0.9999999999898452
0.09955131153785869
0.06892979933678446
0.4723986496518681
0.9998976047578412
0.5401362487505922
0.9990405240907364
0.3347281686726077
0.3470888283690535
0.37821427244470013
0.875688156721932
0.5317338817004968
0.9999999997642725
0.4846058721380812
0.08531396064600644
0.22739385965863593
0.9991354890427242
0.07850565008914881
0.999999999719182
0.6236752095812823
0.9999999999180889
0.3941572802586471
0.9896071746098597
0.9390665549138578
0.5410640154712332
0.3470092827005392
0.5574246924806595
0.6589843379948298
0.6127529699450827
0.9997311531434218
0.9999999384591434
0.9893808582893422
0.998898114271378
0.799528635464059
0.957852722593661
0.13172120635290907
0.9995319140199325
0.34950115841350843
0.9849415198026907
0.9999239592036414
0.9971876755066745
0.8638557379752541
0.9352060061930623
0.5067143071659632
0.3055074588909087
0.9473306369154759
0.24714822340095943
0.14427434642146514
0.03201775215783889
0.07931928082232423
0.06509715401272531
0.13896754276523715
0.18596059423695288
0.40831927717207606
0.034003053361772693
0.9829240929970359
0.032700138366061046
0.9999716541202199
0.7459475816573098
0.9999752018536718
0.21850027137732542
0.280985379324229
0.1514764908646436
0.1017651552857854
0.09739036611254621
0.9595166570321874
0.9999992989342331
0.9776323699428231
0.9516839961009653
0.999999845402369
0.49460032324195324
0.9918197619418294
0.575545523385353
0.9999994353682464
0.25889719888519697
0.32853333979782323
0.999997121106162
0.47084047516374233
0.9995526712740913
0.8675234438862501
0.9816173178815355
0.7220960467888468
0.4251263286605316
0.5548319542908227
0.989673686421112
0.9988604612913964
0.950367345833072
0.9976450155968857
0.47762031228104024
0.9849600649910109
0.6520174124447093
0.995666251013237
0.999941787217225
0.9984027933086812
0.9999583927203695
0.8706733951700247
0.998330274954476
0.9892621755226407
0.34457559056103354
0.9999461850225613
0.22016109087099203
0.15040030554672068
0.9945528762353112
0.9970234348161796
0.8660902953803277
0.9635507234849872
0.6870233685731457
0.993875573063477
0.4395180106295669
0.9925794418635945
0.9934890350065455
0.6045736615911046
0.7858993753520955
0.9823271841902763
0.9236621875607558
0.10249810300636401
0.9996308716963911
0.31173352006122756
0.5102277514295974
0.41388835045129985
0.9869623221264682
0.06927454825788232
0.19635736416078187
0.9972002115902875
0.28650615817532843
0.13959853967343377
0.9761095751229302
0.9929521999540508
0.360938201914737
0.9973673363706007
0.7703187162611721
0.7655577815820435
0.23958359493679066
0.9993578154044463
0.14173903035616142
0.9245134638426569
0.36935252308926103
0.33339310598245697
0.6251364264513746
0.9842472205164003
0.9109089734827902
0.9994725917506168
0.12126056043783931
0.24848254597229244
0.8080410756510064
0.03309028478748481
0.9750251653436383
0.7338804762750036
0.0766103548281261
0.5690833106404047
0.913773868368942
0.27594637904100017
0.9900748400078079
0.5846977221431618
0.43081601473207626
0.15676402463853717
0.4090478825658922
0.2886603616977147
0.7980636858080766
0.04688269769006895
0.9909483842339177
0.41091192877717003
0.9348144586001708
0.09029903372233321
0.9938089539016461
0.10912806260823071
0.5810673825117888
0.45317471950269467
0.039138932673105496
0.42944519608181764
0.6691818672328548
0.8920787819404609
0.8347126566890296
0.10854366920566863
0.07123232048257688
0.01176061262230612
0.5991953171540272
0.04941861741455845
0.027397741613064946
0.05957999571720566
0.054915237474780096
0.03433418227218901
0.9836877796098886
0.20355877070212353
0.8375208317363055
0.013568696188578533
0.2271387562466421
0.12794247665906902
0.8602835326092277
0.4292865371363283
0.7412341267044994
0.9977436285823067
0.9926839557027132
0.9999749293637528
0.733474886761469
0.16741271418051956
0.2376188458132617
0.5856765845460314
0.5858994480398756
0.9999018307587532
0.25328466704038866
0.21420506080702495
0.9936835552687665
0.5874317182601253
0.21844397121230105
0.015299183149165124
0.2556664066216178
0.981145856915456
0.16725616455400835
0.08873561157527537
0.13126124678304288
0.7416274821055603
0.4860395053157619
0.9999979700442652
0.1744472255179667
0.8915676241303329
0.9998140328289127
0.9964052647367619
0.5627963149929114
0.5890505428394309
0.7737478883748533
0.992581322987083
0.998412209840026
0.15829096337460644
0.17072975623822262
0.06188432471377674
0.4321366381365298
0.37893743709675237
0.17978905821152585
0.16813688421401946
0.3771667878750633
0.48910721590154704
0.9999952194367667
0.1492929408625459
0.8856822941804017
0.11022722709865931
0.9584579442719882
0.09236791322363808
0.9905240627595242
0.9965742420769784
0.036098984214527126
0.36380202968982067
0.9999754581891469
0.4899774229281341
0.14417726660320943
0.45576301251217605
0.08922684260253372
0.03590326413513597
0.6855613635194084
0.8599618760757541
0.29631048124395193
0.4690589318039054
0.7333260682722942
0.94630418883236
0.7949365829690145
0.9999922576039879
0.15325520632594636
0.736510211991164
0.28655797130635763
0.9870167187622447
0.5448225466767092
0.07803094631339766
0.3060031283175636
0.997300678978099
0.06228401058126365
0.45212333002083904
0.05524191852807362
0.4619523766796635
0.9980306870214919
0.9992280987124026
0.9300649001265395
0.9549554103065343
0.362883198780371
0.32901338354506515
0.9129148285908183
0.45200618323292485
0.23178308901214742
0.9999722701918288
0.18194191923223882
0.8711042995180124
0.9294793961984473
0.25875635282640097
0.9950131619821379
0.999999997739868
0.8580133698709501
0.9984603036912814
0.9997756730243783
0.992630575671485
0.9999923795207968
0.36949429362876085
0.9997102544606227
0.49172452256069654
0.8667766483888009
0.9999964566207838
0.9994909897174626
0.9999997617196543
0.9979492449747756
0.9999999999369755
0.8136141069441136
0.9999998999978346
0.9884303372781659
0.9999585998296336
0.8965844605702286
0.9961101385199009
0.5765068934516254
0.15204592877378598
0.7760976505411229
0.5827558397448003
0.9833912850964548
0.9990667286321246
0.9999927004676683
0.4463694085492147
0.9977042225194127
0.9993160284245459
0.9990247705052507
0.46032732571892765
0.9985076304356945
0.9995667493022052
0.9999999979184147
0.6579624985407497
0.9999989837153439
0.9324552024833886
0.9999593435512489
0.7080107730827645
0.3499215319919207
0.9999999969750674
0.9964208973827272
0.9976128380215362
0.9986710755877327
0.9699997364406034
0.7398912545294358
0.7359478702440153
0.8993366628832604
0.9999761963563101
0.45666200745967656
0.9961607424137167
0.9999980492224706
0.9911014570836214
0.8323616024872607
0.999999958659231
0.99999999996723
0.042853883547256846
0.9999998697124444
0.965207899887482
0.23226240171825827
0.9999924963033114
0.523662606206606
0.998219443248409
0.1290256271160849
0.9999999412902154
0.9944889738734626
0.9981147588275145
0.9995143941532287
0.2095132492692057
0.7612743184579929
0.10895390400837304
0.05008644505434281
0.3986459755905281
0.47097271514463374
0.056681008208549134
0.08341575169605842
0.14594406763691004
0.15390764532145135
0.13629456679136248
0.24297027966246326
0.10253930532783562
0.8127353319122805
0.11807490213441854
0.1337970559167402
0.22614632092269873
0.04398291428195657
0.07330778444127029
0.02090320405497592
0.02591358075449406
0.061996846996565116
0.8802412772427651
0.2689776786295174
0.7101437983559318
0.4165166611395031
0.026811830380465584
0.2739315188900463
0.009502100516190128
0.08192899823436538
0.07847588683482801
0.08340912805861754
0.3238694034841597
0.07444995649815826
0.029357154430042498
0.02506533467563512
0.4996692324815683
0.5581625795043463
0.03371041219081734
0.11183959424483655
0.2742177753875107
0.5415165872258838
0.1385392424059437
0.24680026160996435
0.026001657852038007
0.1527380040402151
0.015560765341962884
0.07888565315957961
0.18145529641161362
0.24819914205993282
0.17239879133752545
0.018054766314949077
0.7579146122141408
0.06506027322148891
0.33533925409545434
0.07634180096789195
0.03310297076775254
0.977263890484051
0.12768414607228387
0.5023683998089539
0.12969554927553156
0.15396373387080292
0.3599338578458749
0.1323213566591835
0.045484178053311196
0.11778560013974607
0.9992506532876195
0.8458799440605256
0.09454531745980899
0.1442973607350551
0.1320811870582927
0.1948037967128004
0.033083343331402726
0.05685454933525386
0.04765529691267868
0.3074134410284689
0.3200636902807422
0.03929746034923312
0.04028040724520068
0.6807871710321896
0.006415313304091114
0.09368366449549796
0.4710566579032346
0.3639953187759767
0.6998214066562319
0.8894800287771796
0.022988675096347357
0.08007350641329386
0.102007628872678
0.19054402010884305
0.13351057677563843
0.4119670415432619
0.06689319838687327
0.338259917957266
0.218295251060015
0.01966582514057804
0.09939529073131118
0.2532093983752314
0.09215472800583278
0.12701364343157373
0.48150803761211974
0.05337873893285544
0.41975594075822464
0.3637946040507199
0.41024843794721616
0.9711069787334182
0.10730552364000145
0.77136038727849
0.9727801468444796
0.766583824495765
0.14249827259210743
0.3623715584608658
0.13920117606203566
0.6051839091295819
0.9999026886877402
0.9999995232864072
0.14931746597450485
0.8558130826644751
0.22823635234616466
0.0950165609505574
0.07801745248726438
0.17201652638081574
0.9997893375448962
0.4411275605332722
0.9987885781039985
0.9990135151363958
0.13884196160341744
0.16164630944939198
0.9999374701862707
0.14594750703754922
0.11697604245447071
0.6418663030722087
0.8348024796422597
0.9637436013189149
0.9981549788775468
0.09574781775712433
0.0583612769469985
0.9976553497751477
0.9915860054567812
0.17891359297469864
0.19617868116624204
0.2223431800857126
0.2741121786931885
0.34741050229972525
0.9883249163599295
0.2450437969710629
0.6067246401201654
0.06555698954434996
0.0594143299370528
0.2980841495851196
0.9676274654417162
0.17564533766150064
0.10594724863782903
0.5710863852666559
0.7563940589981268
0.9978878838239303
0.36616365066470397
0.8425163455552479
0.998097810158322
0.11763662516051239
0.3149588521138684
0.010939118888955116
0.9287189706390938
0.9466510044041673
0.9979519605085804
0.999978242829027
0.9999991430219033
0.9988903663004699
0.7587085238276026
0.9875798603645624
0.9999888288281505
0.6211756392187262
0.9984986320681474
0.9999835021645185
0.9978362156894679
0.9479415159333795
0.45419156679176664
0.9999978563674106
0.9999820618863675
0.3872232001077582
0.6096800675543507
0.9981185995869547
0.31777911722749125
0.999941675844874
0.31541844748522346
0.999996805668539
0.3586670060665728
0.98985676722335
0.9997004177457948
0.37108881760639134
0.9998026416750339
0.9607736410205077
0.7199553912384136
0.06806388017095151
0.9999986803244966
0.33722600828401744
0.536012627904893
0.38519555337505834
0.23203848983161207
0.054418294241185515
0.6427634922595432
0.07468222375496207
0.1160614237174146
0.5532280572208562
0.2041407971406027
0.4741981407000213
0.14076578971794737
0.049467993963864566
0.16830283183974434
0.7871766577945676
0.7871135182245327
0.14955641781059595
0.025972942849203845
0.6252847426560428
0.15341693593495212
0.5309312659834478
0.42059386337043864
0.3075968215310832
0.05392223869849063
0.10209130236005785
0.9153675992461962
0.03174278533997583
0.05244138359336207
0.0917780692891785
0.05102071128968596
0.0738309571675859
0.003921935136824092
0.08901239037823397
0.11244684807014085
0.14280847462180205
0.9420722528465207
0.22493747667883204
0.0746662678563775
0.06428172821079964
0.9033744657075177
0.17157578563382175
0.25525772562901006
0.08303206540921385
0.5379876085239911
0.23597851950055188
0.7354746279021834
0.09708833179465907
0.05180600375336236
0.3133913643566765
0.044195186176587256
0.007821816664667176
0.0364545220417496
0.25254528334464676
0.16105477468170298
0.19850135348772083
0.08615498109449464
0.02631386355189273
0.059266169495404676
0.3061487962663824
0.5358487131467722
0.10062521258056274
0.212750741337894
0.942356331382016
0.3186933651286304
0.24002181776272735
0.4899482407959875
0.5713749741746593
0.19445689386298898
0.17468962111680303
0.5995553714689107
0.4680201633039161
0.040460880353638394
0.5943542510204651
0.6737748912872777
0.8937741103499054
0.3900992360993564
0.07553793688330071
0.18009332851847787
0.07088909844825662
0.1748981794020056
0.058407273091127955
0.004657790871581557
0.06388076512766194
0.5727871804763802
0.503039448599617
0.18499126566412244
0.6262416762065225
0.14379360546319994
0.0772104129198499
0.5992960896353591
0.11828805989292697
0.9092003991998012
0.1275343360873898
0.19260582489798644
0.1262761935843204
0.3097667658078821
0.7663322624822826
0.9848245352560971
0.9996695040000176
0.6463805323834032
0.48305744359717523
0.9999989252617543
0.2675120401739731
0.4352126043246821
0.9989100727927722
0.962757581224046
0.9865381110389853
0.1745693932495445
0.9999992808886754
0.9994134243652308
0.4203499908009475
0.8292969824025176
0.42646656122486915
0.27801075695266597
0.9985488810270065
0.9934861412620315
0.8250903000167849
0.8619309538972569
0.28424267838100437
0.8020866898334222
0.30220491367051405
0.9582541905270338
0.9953413989540081
0.9999040971538404
0.9870041425306386
0.3131351975514326
0.9999872768271659
0.9690181565700213
0.19010052336775723
0.7469895528488767
0.12832142249118936
0.42141056553699735
0.6813353164580409
0.3949271407467071
0.4127261908138012
0.9798598674894261
0.9999136749595742
0.9998506579312185
0.15852957278147045
0.20600794784804188
0.9999788937487921
0.15931622525936448
0.7566616822905312
0.14254389999665076
0.9999944463779332
0.8966880989196678
0.9998679137653455
0.9175844590455295
0.48941767848085016
0.15731891709738924
0.5590959760576856
0.6907283939936464
0.8591012707507076
0.7792008048000449
0.22792912988430575
0.9997568873912602
0.9999999937021224
0.7698236014929364
0.13642206246939806
0.055770735236789826
0.7196709657600371
0.4110740383231553
0.9613868199222171
0.9993978253156293
0.9996844530505584
0.028557617766429295
0.999610720491907
0.03766156294772273
0.6654471122557005
0.15263195298848942
0.09298827659062847
0.6490553979180796
0.03013971160117932
0.8067059391477315
0.9734762482101805
0.9463260446073501
0.999949862218703
0.7674600319467505
0.9991947322938058
0.9999860303136805
0.2636754421079443
0.12006129147384811
0.6609936085225138
0.0813690609543675
0.28378909526550755
0.999998375514803
0.9987623635103139
0.009848112480717253
0.933695689466543
0.5875778080967473
0.9999999999977398
0.3478709870681468
0.07749687631660819
0.9999999971270708
0.12077165372240406
0.9999920132292509
0.0034385270425795777
0.09027405329716069
0.02314330202289245
0.008010004626159329
0.9997064052734531
0.3198867813836682
0.99998155730379
0.9998007322362529
0.4147771843499141
0.06590986967338149
0.9313880805349491
0.9927588962189023
0.9984478679964015
0.9999484279509792
0.7812361472578221
0.9999992404313804
0.9498938921959624
0.9815730461425964
0.8616397667727538
0.857224707380192
0.9999903582984577
0.8559582171439268
0.6483026643139771
0.03825386228713411
0.052123024432914486
0.9951983347363976
0.43161043325140447
0.8872784379211902
0.19222132138767317
0.05434384485565637
0.999699434340864
0.998948190202421
0.45942084761961083
0.9787182764013407
0.5794925136400291
0.8350878078072513
0.993297951840032
0.9990238869952275
0.9287749688559694
0.47611104264268506
0.5901938723499159
0.37120728142924425
0.2704243411034492
0.3997718640686282
0.9961016331838047
0.9981388686343177
0.22173101958772673
0.43688969809582695
0.13112874956435544
0.011766175355663416
0.05993733320914117
0.7948595007189869
0.12322192241374082
0.969149932472747
0.9135981766169747
0.23521629531736582
0.4396910209911223
0.16978632490386003
0.9995342399457801
0.35369984068250243
0.11074148491672833
0.3413773231967416
0.09100621087471128
0.13465254943412583
0.4705742981512742
0.39564369537824884
0.6951383594356293
0.7354288434247407
0.016124676852456922
0.07592634976902354
0.9180265232683033
0.07379166842855354
0.9931992671644139
0.04221013422666208
0.7435123648175479
0.9977589905325089
0.7290305985651778
0.9999998698736597
0.9999999999999997
0.9999991675568112
0.9841344916656738
0.9999766960377177
0.35604676662648344
0.999205705617365
0.9999999698175868
0.5981172721813184
0.9994604429100544
0.9999816192119628
0.999998583088636
0.999998370190105
0.9982899151679121
0.9808168134779789
0.8933396647845198
0.9264853502013934
0.6289824949938743
0.9999999627866224
0.9960621112010442
0.9739766296916654
0.9999079681115749
0.7410346106532708
0.999999999915838
0.9999960021182565
0.900079725844279
0.8594081099720684
0.09802123124676844
0.9988010386384598
0.1813393872537457
0.20181269299411447
0.6838475306188317
0.0173127216106532
0.9718882422507187
0.010943219175908033
0.9878953306530278
0.38738678686677375
0.5342651994108296
0.05847259369120076
0.7817582153676449
0.05812964591339298
0.04322944099673799
0.9999834185647426
0.09733340029943591
0.6070927656163505
0.8333185422909632
0.9992694112582672
0.995596341358685
0.6024572374945407
0.9999967056333512
0.5159961320754787
0.3875798141613666
0.9668864486790136
0.9965621094315349
0.9951998761242977
0.06439639490288365
0.6814679429295832
0.2816245580095116
0.1323806101973116
0.9999999999821985
0.12408979573371037
0.10084102241170587
0.5596444565192522
0.8616625372592601
0.9763519888748323
0.059208307475841215
0.9795525422775665
0.12150744448358379
0.4831902828294895
0.19202894781909946
0.9999158715488974
0.12250214980193555
0.16151264215166736
0.9949048493412246
0.41574436198871745
0.839446891039181
0.49404255062222757
0.22889773215433284
0.9830174015547642
0.9664418760399782
0.9999996815917008
0.49878833619850055
0.3848807544122656
0.16449783364408294
0.40156638056516
0.9992543160394675
0.06307930244905761
0.12326147456676421
0.9638241013656726
0.9999778447164033
0.2712670497052468
0.967990347377844
0.4141076189332521
0.11604756475740445
0.22061156738937085
0.9941167690176755
0.2346412152682602
0.4310241060035537
0.14279620123840264
0.05523599084285149
0.028882685920617802
0.9829933146245915
0.9999994387917652
0.09954818922613955
0.058746522644666496
0.23678330205861534
0.05941136332025163
0.024192573495473716
0.9392998501803682
0.2743798730468347
0.34201899929128726
0.2070643299894117
0.5780735305458752
0.13724220043227361
0.32221615682036375
0.30677255332255404
0.1948186560284707
0.5040626572838356
0.9996583801084492
0.89104264492636
0.9968612034326029
0.7445234975994832
0.9838528279586475
0.14069638379902533
0.17776300869340983
0.9520470704691887
0.20707595697483824
0.9751978062360026
0.5980253736720059
0.9280049506708954
0.9781410570060072
0.17038423224562688
0.0792592357481247
0.03813645966201524
0.18436444098837096
0.3435140652477974
0.21899260167620094
0.017382327035623212
0.16563300049256144
0.9980931178036657
0.7680052786805442
0.7090275489398812
0.1274774257775016
0.5400201544510805
0.11640500999782546
0.516311616256303
0.6248343029721262
0.06953267471558001
0.9999999999824899
0.3152741442109242
0.12863395142772108
0.4940083565744932
0.03626852698124367
0.9999588596011012
0.2244605440946152
0.7236316445835025
0.41933738739482074
0.4164399927839747
0.06525451810722067
0.3114605833942422
0.058749117748727354
0.293947326403343
0.48977109158572585
0.008141686385266795
0.23644245411077555
0.3587011727834603
0.06604086543731826
0.29832348369004885
0.8708998604628292
0.6585719479485568
0.10628708895455466
0.21242676849500128
0.19593448489959425
0.9868037826251761
0.22029363240131597
0.03831187019892705
0.1577939988166685
0.20826582159228574
0.13766667654828946
0.999986461863404
0.8073327520769112
0.35543925435796697
0.8393806284678824
0.32539397280438065
0.3674686821759588
0.0013569874955520398
0.08199176153685876
0.16453950175915116
0.40023764728315847
0.6123972053732268
0.6823878271234494
0.9882109577650837
0.8823285279316234
0.2997015964707175
0.012195830595373778
0.995450474676886
0.018714268609420312
0.13881869710614833
0.09742055661716431
0.6896049500293909
0.36495473153305275
0.0494892357330313
0.18474797282027083
0.9999999585100943
0.9999854005258261
0.082000286583768
0.11545637608118056
0.6335526863594833
0.11395656446943761
0.1828341254337478
0.1216203755054918
0.012129801460514683
0.5402125131666695
0.0846714463461447
0.04751479927807935
0.16207289781126483
0.43719891931238264
0.9624714013916129
0.5990798642312876
0.9939813977150835
0.2125317961540837
0.32584365895335904
0.2980553320410394
0.054440035500911255
0.6973029052549391
0.6690070522704163
0.95772867014169
0.6333609475240668
0.7297136047531178
0.1869006143680455
0.02876604318075292
0.06356585226486589
0.18832454887247957
0.9999997262823728
0.3636510170983171
0.9121166555303011
0.03149459435049064
0.36716646035428424
0.2450773698275337
0.20327642179334166
0.08985610315222306
0.31628685278471885
0.24645831412797783
0.04904180475888896
0.23179491010190093
0.5095065081684347
0.9948773502220238
0.8561904074774569
0.2897502203731565
0.09029420926268399
0.01222874471329007
0.65353954829089
0.26310587985700895
0.04877838777347927
0.9379657631768306
0.9863970160182355
0.4149148126885242
0.7828757716764643
0.09249139293521452
0.9733911792402546
0.09357024761906074
0.17657117076313397
0.07287248745703037
0.05512307259716835
0.06321783383992896
0.15603245765800391
0.04639912166244628
0.017794202074834245
0.9378535219238111
0.2519760988366813
0.9452205465505257
0.39151295032948746
0.28260651377184826
0.05373433613202255
0.5350546686728148
0.22832509335357334
0.9681322203336451
0.1883066081876968
0.3176479847917745
0.45381692999721074
0.1983942120072628
0.9793453638021641
0.03743059683512681
0.7539985337838677
0.9956442740306948
0.3968664432478954
0.022702066259514653
0.9993481080366516
0.02313003160924232
0.9850934143786452
0.2024618339579177
0.0025872598442150765
0.011370600367019038
0.9193878129149192
0.8445485485420194
0.27017453123435103
0.11000996274205717
0.9849355836139895
0.6404720729292848
0.4648446190087497
0.0186304492781995
0.33530555566871517
0.08275345575209948
0.6351129416430008
0.7842966966688539
0.9995147684234258
0.9957340200301037
0.9657135356660511
0.23146563184393604
0.03583195476190551
0.8932070779065882
0.11826337869357603
0.9591731059210182
0.391142938727683
0.8132891575588795
0.691803302693178
0.24620529056596854
0.8315877078410479
0.07081751040082328
0.627564322831718
0.9855769324083721
0.7978747093901293
0.7254871130349164
0.9957226956519483
0.8745668155581893
0.9972781023999844
0.28191751806565224
0.9999999999638713
0.43658416187224347
0.9999999840872137
0.9994234199876443
0.9999995569626527
0.9955162128341705
0.7229005347059047
0.9830152504034471
0.9960057166252252
0.2682758381349559
0.08127203535542757
0.8887237975326349
0.9999362381955821
0.996925896231834
0.11446915565310836
0.9999712459338996
0.8620258405336413
0.9999999162637894
0.2538600571985771
0.9999888290078713
0.24077754960471526
0.9964067852071746
0.7353389289805367
0.10132275680742917
0.9681269716622147
0.48449232247651003
0.07232478925430903
0.537905757274269
0.966530862149628
0.2010586166848904
0.9999566997552216
0.1791608316449617
0.009874012815578906
0.6812783036840239
0.3869368269488983
0.9998609294857047
0.8923308070517798
0.12173135372503205
0.6053582853357306
0.18336036947234716
0.7455451410569106
0.9241662335269251
0.0551735897200978
0.3273186166985905
0.574865667804309
0.9989713848186081
0.8265594317532725
0.9197279588601722
0.3732979757923005
0.801472624716931
0.052056204030346075
0.9589584549823881
0.15361386073811706
0.973895986423407
0.5800072963095078
0.0934885477233871
0.0527824098965489
0.6054081454032108
0.1227610317011391
0.8025070018016477
0.543974581537529
0.05501637381499023
0.17815906875798965
0.04708022565334948
0.9083016506729044
0.8869165107298166
0.9280509391587447
0.17066424423540116
0.07000506109325001
0.9998260604192041
0.06050418967020815
0.3292179760092965
0.128078255793636
0.30485792131628997
0.053832841579770994
0.6027195263863434
0.0493043365946002
0.9956878465871398
0.9984436388611047
0.26811445723394745
0.2329893935838462
0.3002309777940074
0.05783886883092772
0.6551590311308746
0.35710125601119613
0.9994857842617456
0.22335276489374314
0.3656425911553629
0.9953271967890027
0.12832962760239747
0.9989722791150909
0.8385412737711754
0.9875197939199835
0.9999999933263547
0.9874635708811732
0.5125550173314328
0.9999999277769858
0.9996091681553099
0.9979766042769149
0.9992833962738764
0.9998790035155997
0.5422073791616971
0.9799603077978007
0.9924063807594383
0.9999960570767973
0.99930221054071
0.9982335845490662
0.22395427627144543
0.6477881026703413
0.9446103615731654
0.05204234309733855
0.770999428528701
0.9809380554357459
0.7859328487691509
0.17398344295442383
0.20720290820440046
0.6547433976092252
0.4594657785977242
0.9977198858224983
0.16779404059199568
0.5157777006672851
0.28004711921681824
0.0898213177988538
0.04986888893258702
0.9999991348162457
0.37421154670282525
0.7727142651762493
0.9998570244904904
0.9996512570647363
0.5143324600643792
0.9548360427951028
0.9999453486353659
0.059790752026279495
0.9689599695405764
0.047056865928723844
0.3024067024755
0.07111505701687211
0.9999040100867187
0.1150199684692614
0.39145077369497594
0.9771683975043436
0.255757032057199
0.24576658819319816
0.05892920974868654
0.024830840707411782
0.2070459527656591
0.25084856625265506
0.5924936626921431
0.11389644219986698
0.5495301508115763
0.21313291450280367
0.2064378150352077
0.6912287277049641
0.7815995623199087
0.26178716093104015
0.16725516695079012
0.18194673801222758
0.6049766006411368
0.5108522459018493
0.0726771957412543
0.019378218558487915
0.01925567811622697
0.2532190804141618
0.9256208811642596
0.11769839463556872
0.18241094888489046
0.2703296333061145
0.21064845971647284
0.13258000527300334
0.30404138342303944
0.8099303021924605
0.7176806931286225
0.7904899938384313
0.7079664899874791
0.9007046254021193
0.5971039268518703
0.04262771223536651
0.9728924842270725
0.24317564107944117
0.964507664503509
0.14302304404976693
0.1354847565512021
0.9999999999992057
0.3565445009807193
0.054065225202725845
0.01860284654799369
0.08575683369800166
0.08710231066108556
0.10655470843177377
0.17928760439723002
0.5183287223788465
0.5770724276821588
0.13744980047628125
0.2619128168307442
0.2873945275827666
0.4717519920263948
0.14171339246203102
0.10594709138088902
0.01443038931265706
0.8800164877873217
0.8031945124970168
0.10582498170938433
0.08131129270495097
0.26593018255800843
0.10036510029088515
