0.9989950178998626
0.3596006248140757
0.2451300936513842
0.48577138345189014
0.1816542209668675
0.01668213115584505
0.14155725430669713
0.9999954775982477
0.39913821230658886
0.997053070651638
0.997599400701392
0.9876384718765634
0.999898364002096
0.9998635813034987
0.9999999884931539
0.9999994798046641
0.9896289570005349
0.9977838676561438
0.9715798250424266
0.9999999956190905
0.999955625219785
0.9924484325985296
0.7863251983499844
0.7588944296162958
0.9999998739928457
0.9999999999994301
0.6553433459007266
0.9995185426578873
0.27025070444723254
0.999996379372025
0.9959206845770247
0.6743838518953084
0.880695917581857
0.8436470663108322
0.24977755131217783
0.9999579030433166
0.3156056294979783
0.23887108193936832
0.8818611719928067
0.391646841663334
0.07542411279956833
0.6697077295262241
0.4097747134422143
0.05592834843397966
0.8237913364043831
0.1261286928877246
0.04828048103169926
0.8641744446085244
0.03473980770699785
0.00432042911360084
0.9964360238928023
0.3822619343226247
0.20996517527149505
0.7156704294956515
0.045811873800070894
0.2036557358846006
0.41392875718268207
0.9988451615687527
0.2158503704708934
0.9068694251789786
0.11490918993853287
0.2819848681481525
0.15891369481507267
0.9997971926905928
0.3219467199065476
0.4400150602822836
0.5036035403758679
0.8092418620137145
0.9999971448372655
0.016573067639592383
0.07163667378437766
0.08396655504704527
0.46904013508395836
0.9746530024999689
0.7142782778722256
0.6173642710776124
0.9999932402656112
0.6058784883281697
0.5554297154942663
0.64662244379789
0.0741331754932302
0.9919514967012028
0.9999905373505216
0.07772587273049317
0.396793630414576
0.9999174574955724
0.9517656464261854
0.9999827999273906
0.4846790802741662
0.25959907481240374
0.43188890210780845
0.7050975440330661
0.35645326813014366
0.9188333433259714
0.9985922589580442
0.027777574331644718
0.06616013980590023
0.042520929718623035
0.17094544112213197
0.7286806183613738
0.23691828824917938
0.08409975128885865
0.9999999999999488
0.1564625281122814
0.6221084071521361
0.07908401536001573
0.09509124342534855
0.5650658437787961
0.1282903283362329
0.06940463631612596
0.12913297181333994
0.11901726916473994
0.15513372497864172
0.27877607985838243
0.12758299266845802
0.020325628742510433
0.9818633918876776
0.9984958270179938
0.23312039278769697
0.5394389314694131
0.5099572518013089
0.30734916698812403
0.09037868676861675
0.06997819113670387
0.7081714235887188
0.0241430267124289
0.3879724489595367
0.922564755091164
0.09499068837843401
0.746413033452448
0.9882068884423235
0.3440470660254037
0.06222611249834283
0.013299102874928415
0.10961089553215005
0.09040360218391934
0.06643790074588019
0.26679417181240817
0.1480275595787156
0.19792020012175846
0.07272790782293889
0.02929231062629497
0.14248755364358048
0.08705018654755976
0.01805452880913279
0.21728545809828925
0.30315192921451467
0.3894429346471678
0.02093613967118193
0.3301616549370655
0.41385943564047933
0.05689371503635845
0.3362438122978035
0.036801788583955594
0.07956002952188895
0.02692556896148951
0.05022400773336492
0.5942194406680054
0.1359446343447142
0.0966434780307904
0.5742747678456281
0.07430194190281206
0.2991356409141227
0.12347383522257024
0.27783270302868923
0.078648783059883
0.2180365609991773
0.505746092134511
0.14586898656593003
0.38802962072857533
0.0055474951957253955
0.04973407516608058
0.16754815283914862
0.7147797778507587
0.20376885809748316
0.03884794534025018
0.10498758875551457
0.5598130506154472
0.01397745494135555
0.10907820636369117
0.12073184240143213
0.6620412529600304
0.08089229134978726
0.9990821084004924
0.10377604974255528
0.03831584648234141
0.2494529913990616
0.9892205107573318
0.9999972625825457
0.44653063838197804
0.07686841629422722
0.5403993592538823
0.8300333135222487
0.9221824345264749
0.8854515607454886
0.3375894510252671
0.3210600707323601
0.589334569958569
0.9997669027001109
0.5541623964190625
0.9940749649959436
0.9692580308050832
0.9680098709514791
0.07722681330257611
0.19455722158287037
0.48693024765990334
0.9999964238774322
0.13697541249819192
0.9527511863102702
0.7807367384250951
0.9999990402652946
0.8200586298350802
0.3299879723188692
0.5945720432684256
0.4253807152215495
0.45277048553952043
0.06767461613978082
0.9999917696287083
0.9839479443345329
0.999095570447745
0.9999949643884796
0.8221496650937496
0.9999999952766119
0.8130908984114441
0.9977882359628587
0.9715596730483196
0.9618596156725658
0.545291701757152
0.9999778780408933
0.3158566102986111
0.6513912568931766
0.7068329207003069
0.4691624219268058
0.28038952039365694
0.11629260055389494
0.2903663765317152
0.4485345531792345
0.5333971474989859
0.5321233334492173
0.999286329474673
0.3434141000004568
0.01649722062769145
0.12114705498595749
0.02355006849264688
0.21880907089944457
0.5841790435092991
0.040294524051403505
0.019067672168163477
0.05351362433624336
0.05922971820417637
0.18997379887440488
0.1369151647326643
0.09034881305229361
0.9992723735923814
0.2702157038209726
0.26511648470408405
0.8768921282230073
0.10027895362155315
0.011427668187892788
0.12134271546302303
0.11586754500369958
0.31061153796236013
0.6333601109005544
0.02697325303606274
0.06679338103779545
0.08068360962940854
0.08768115144907379
0.03027659569889505
0.06632143711582844
0.022256219016803545
0.12861450940792546
0.0492975326891429
0.0645468173339607
0.00461195631163379
0.42796099834143797
0.07383639060359516
0.13345061467768718
0.9124611263846989
0.15303445995261447
0.03752806016168814
0.06746837149294176
0.9587683033991438
0.026404001312760873
0.2044282529274307
0.07767322297328551
0.03888849515255588
0.048212220000693626
0.10939249542409293
0.307438888197532
0.24796746454935645
0.05736513915748688
0.05391973904111892
0.0010353088753399851
0.018590062885781244
0.16511931181957273
0.03905760368122947
0.021043461529543596
0.014915364270864645
0.11857409572634141
0.004139397828833104
0.015028196429984755
0.0187857772275727
0.007184555520962875
0.95652047582821
0.9996776815349927
0.6751787898606059
0.17581487852890065
0.47851517776855923
0.3487636593308812
0.9293560280582843
0.016996586406040452
0.38295545026487876
0.6828755557652438
0.9194073623473656
0.7640051032677714
0.6207114934454715
0.11255941422256033
0.06722221506697043
0.4655650977394707
0.8065301924234657
0.9818402131942104
0.6694281734868591
0.7187514149114076
0.7604705683096384
0.08243946335886992
0.9626894732519151
0.9958891521914834
0.35676457433377246
0.9804003954270328
0.6687156444863961
0.08116865950106907
0.8673137717029686
0.7696784313250038
0.9497205465489639
0.8102608975156926
0.96336206099402
0.40591662960970076
0.5832463803086385
0.08060793259164555
0.7870310162836489
0.4428160053216881
0.8663094391985398
0.362334271271939
0.5223359907733041
0.9999943540191796
0.13532573296052347
0.4223572991924026
0.20346901791299937
0.9770285058557372
0.9077828128216522
0.24984027323475658
0.383028104231606
0.5300437882655576
0.06592961181873278
0.9617564211840481
0.24105403102801298
0.1619672320112054
0.10886632221641279
0.21473116642436355
0.16046564885075193
0.3386289989098571
0.27644499391102906
0.03767899609035504
0.12342669737918224
0.027802417479730203
0.20225539723757519
0.12707931353864996
0.5045593951981729
0.3519519424473555
0.17129875750298665
0.07469602601894071
0.48518758322401234
0.112267915655588
0.028144329470024165
0.3338305973878723
0.043090300241178485
0.2909621170644379
0.208686346480162
0.1036665734614866
0.9060124648293947
0.3644142452272649
0.10610001027947895
0.8483784319974784
0.41052228462202595
0.18942313725575888
0.011973813892376083
0.08263342403327781
0.20386699385629448
0.006695232023830562
0.10462884401624688
0.06817516469665413
0.19383578400712045
0.03800623625144158
0.11075348399840598
0.11444277407859231
0.09532304931799226
0.18226736885321698
0.26824637047427974
0.14806410587385596
0.9951445795417146
0.02270872572256922
0.004894151660303144
0.1639721067846
0.34985642980649817
0.19426942619255785
0.05189253503138482
0.6500436412038983
0.07282376566524223
0.45919714596409766
0.10885004260034825
0.011756525971604984
0.11175241710036354
0.14728359976074376
0.18100164549559206
0.9939718952348094
0.05938023175316076
0.14448532485976798
0.03928938190956419
0.15665602521976502
0.04534667383078352
0.19530752018232084
0.13582498857664807
0.47888141479219587
0.2529276973822863
0.16378238158776096
0.05508055799040214
0.03378581225241
0.06275263335061182
0.14439457151788876
0.00857376802502031
0.18819746662934206
0.06784516941249728
0.5301708608327887
0.07648288313130033
0.5791434816575112
0.4068185864329116
0.42567510340948084
0.02965549511099088
0.2359219873877209
0.4909216005583601
0.5048822112100253
0.03370516406975504
0.022371017848026663
0.6016952206077242
0.24163037410978205
0.1932429394621819
0.05964708495975733
0.2328745329236656
0.4493809637868621
0.05847479474740529
0.2061268283848947
0.06730848731459158
0.3838559094357046
0.20413038495968436
0.02115834264121492
0.1988914326956304
0.28171725645220447
0.05959328045038633
0.14722500182694714
0.04912597765067766
0.04321090085615346
0.019489131375457998
0.05135344955366185
0.7470358091604604
0.06244450951236158
0.054689851018595026
0.36930362413412576
0.32180104418840827
0.09421589247657519
0.10909649361434307
0.10239421294086685
0.44769824757555987
0.22914425183615875
0.02370118026702144
0.059533490238097994
0.03717850966204174
0.08342579341444792
0.11280886642014787
0.4194102471881685
0.01868648166714364
0.7328102054727275
0.6754970908230856
0.4104866174546881
0.09598733861135215
0.10448854954971949
0.07490000369106303
0.2672477869905522
0.3161675264017216
0.6451853612329896
0.3928923258051683
0.127557929566462
0.7636985006224362
0.09893573207264425
0.13181963058722174
0.1935205882006111
0.15269243578929365
0.04643787955842819
0.15789460616899656
0.7375072793616964
0.01795898968127315
0.06605766498505862
0.025082000638632408
0.1836738782966662
0.7470745772690164
0.04914140827801781
0.050230157847827084
0.9472409265194177
0.14726138773788905
0.6462322199017518
0.08633643165024382
0.9999999990819924
0.16577061043286764
0.9999995812433198
0.44038570644634073
0.12246977945436652
0.7026220997359944
0.7398667566131177
0.42943299746267594
0.572922605703112
0.3317921320548426
0.2599523567071021
0.06312066091308993
0.7435474869882132
0.1810201197427001
0.32530661674124595
0.270558415262041
0.5529997436229317
0.19608705121139963
0.2389961041617222
0.09594041752298418
0.07708783571853642
0.12284168584102165
0.0734223363050498
0.829016071777793
0.039788804484963615
0.11509603416825528
0.03148713325221222
0.06488409380417594
0.050221133763123205
0.9999271558719383
0.983160924044826
0.02969596208192084
0.015737678623240645
0.08673445104782372
0.0009572103556219257
0.14697016478500377
0.07361415483051482
0.3105500555343834
0.05748839245334066
0.03689269654273312
0.48329156922907196
0.07150224936021406
0.026808280490888254
0.1788708311218265
0.06628907816404624
0.42816892393123585
0.47215634027227515
0.04930558951595902
0.22757742806853817
0.1816576043210573
0.1991312102581881
0.09454337867161788
0.17888478999277788
0.015737678623240645
0.5416680974445841
0.31472881916454126
0.9944243583478274
0.047221218217274416
0.07042417266390559
0.10591023277627623
0.6709547785103137
0.1967836518896606
0.999999998396369
0.8268873988150698
0.8785579372491125
0.36412092859702905
0.18865200017418468
0.15138962740447076
0.024616890823472556
0.1612480797330437
0.1699835214784056
0.355753761231683
0.3901404872901789
0.024269787889185757
0.2037674167487431
0.4657683663071547
0.931345957079361
0.9752873607297319
0.7284092123028403
0.3676600872603892
0.38152720363977
0.03969074429772278
0.04582848438187452
0.11621086326365049
0.10120776668488514
0.06832452762207325
0.24724000296317117
0.027761670960186457
0.19871943131751013
0.049246238984005444
0.056576879073713005
0.34922787175234743
0.023687029392427207
0.12948095779644292
0.9861982259364608
0.5434354680510424
0.2568590974312043
0.041066675429391006
0.06493167141762743
0.0219806708294786
0.261256481522281
0.22363573744550064
0.20087767951853247
0.0729558478908701
0.19766266724226908
0.228257332215455
0.27223594202870793
0.241599513536906
0.26803037910144945
0.10358067990036432
0.03373123963769407
0.04261059534633942
0.336731685368322
0.14422882002121773
0.2229146829077516
0.035553884295216845
0.014080926190246642
0.1754058274636644
0.22466718411977996
0.040083107082956
0.005388693882916051
0.031021743911021048
0.023830920500090426
0.18628039636851662
0.07265543785103304
0.11190938626334701
0.013171906563565686
0.027333180857128048
0.24710435817753607
0.17075193142831196
0.05798870915176306
0.28469740397882465
0.12130611529909756
0.019430096037315003
0.6924862089750171
0.05866800255666856
0.5468811995249682
0.7042397892141719
0.2906341341279743
0.09705393067279121
0.03913452974754637
0.13383239921926046
0.6478229489778544
0.8641847045425906
0.4384182795087108
0.30684520403431065
0.08453109716426385
0.07091821308554414
0.5581960252595117
0.3908332579133765
0.026782901775822383
0.12801644247039598
0.16946899989087477
0.3979925069743591
0.032170952843164916
0.07528414075749634
0.3297650215011917
0.1247185635975677
0.007540781885502143
0.1612714534580703
0.010097675267896239
0.049556716869915765
0.9417730178541298
0.34472257520596983
0.09555384803670101
0.24383853272075767
0.007318330191029951
0.05570587293320626
0.03666661707140471
0.567324441960819
0.7064721355546286
0.029725747688360588
0.37387635426092103
0.030250355763231505
0.014058141284130837
0.026453005369693843
0.047878264900575486
0.07606943920458206
0.04758657090553618
0.5510177045751637
0.690260621721941
0.19189189692290948
0.2656353248668771
0.036460483895350296
0.007043689570378894
0.09673924535682168
0.07677387576487642
0.06611510029745171
0.13135910544859597
0.18955194649640136
0.18157906544005636
0.14867534194903823
0.059344073525539276
0.031000252699412405
0.9999999987886966
0.16381842754513126
0.030390423808571727
0.9996592746401569
0.9977193131864046
0.19064753182432842
0.0025755963343227486
0.0001816909930311634
0.1590099226822202
0.06821965658059914
0.2769479475016887
0.8708184504258837
0.08106952297705508
0.18745889824401338
0.08465644370064809
0.10366906592998097
0.006938618627434697
0.01718314273793285
0.04466669456915173
0.031879775491880355
0.16031061943455652
0.05441106312056666
0.08393409176107205
0.038416944150960204
0.07673263964074473
0.12682518378731947
0.11570060963934856
0.08387551272923487
0.6841237676761441
0.081800733766935
0.04840341825779575
0.37372621830668595
0.16493918017371953
0.11017726507724497
0.1124769899861546
0.048779330429649534
0.1772461409811757
0.35340082640775705
0.018836403328361388
0.009241691618229178
0.14716088722665277
0.025347567527093717
0.47469468307336865
0.02943194475225947
0.0710809384246746
0.16412500070820124
0.016093369257810745
0.046958550075568734
0.9999536087921767
0.07974448348174605
0.3703815619989959
0.1834252427208084
0.2677090626131569
0.1340098759535237
0.031386050423867884
0.019524412743486947
0.8403690951602044
0.034646051651843965
0.5966008004135315
0.06573849254991619
0.02590540497065503
0.1150410248054476
0.1453679598162211
0.7125916100569236
0.07251022900822157
0.5416842098542325
0.13773624349240499
0.9523269078705263
0.09619690994663643
0.12526938460744735
0.9682388618017059
0.011890451223938305
0.16417060403049558
0.5040963953275586
0.18851461103073502
0.13679264682429793
0.029461026968998983
0.021146909293657083
0.08167353844997396
0.015074514286968033
0.3460361258279231
0.036460483895350296
0.14922730950316873
0.11002272800441522
0.7901239116131027
0.11122356871060815
0.6639755388452925
0.05087398843170281
0.03922555914156502
0.009366322578635107
0.08635546800219053
0.3496567597840262
0.10161509318279793
0.015737678623240645
0.09749982125418935
0.4040837711405512
0.5992977341822534
0.050708527464631406
0.015737678623240645
0.05777149201615556
0.009072038180735936
0.8357899358482435
0.053115765608799194
0.2457863805823055
0.1692971711184888
0.0501573274204193
0.28931231144818226
0.0455734205851583
0.14747850678719224
0.1037813265955759
0.7555806346906068
0.053731960674635426
0.03622690517955918
0.04377761272165637
0.1021740876462914
0.10617935765101545
0.010932509877330581
0.28458975129277564
0.3581196993061696
0.019195705548500436
0.2198276128667298
0.38806754172796276
0.2700502470119088
0.1632069053646594
0.3198188874209123
0.2543270146641003
0.0701369314489768
0.19701953682130421
0.02284037173749539
0.02321864410541124
0.20564992843023208
0.017515946225127105
0.13267521499150037
0.2502313782500244
0.07239302697558452
0.011142214384114455
0.045477852516556
0.41851461933066175
0.06116549105092613
0.217654212465549
0.2778209138070647
0.22778705475080088
0.12751856761634875
0.2675549131338815
0.5428546046284415
0.13188036818430987
0.11103733620596072
0.12937532185448797
0.08670332841526547
0.10680249959966973
0.03766508900841059
0.11588395315698134
0.033823300137405185
0.05287127186510828
0.035815855073467726
0.2290672904539015
0.07731876629097013
0.03279564396973392
0.03818115798163932
0.016448598913286934
0.048320138620491886
0.041502933742935406
0.09274986794236613
0.023102108295410484
0.006261777789106085
0.16674953936049325
0.00831123225440181
0.050332001667434886
0.0869019201611824
0.3540160124851447
0.016518640549097255
0.11596674974564089
0.011361883337675079
0.04827613705557402
0.03313956284195327
0.6838695262012594
0.43284089105661205
0.05560255736344668
0.019124234720068255
0.03213712100088195
0.0020711770988729207
0.4074006922322476
0.29106545469822404
0.13810789760653847
0.6367233635111349
0.03699564976859519
0.5838056419491136
0.13400833472109805
0.052408851664675835
0.9999990680791544
0.8457975692142368
0.05485191049194895
0.2421082368934376
0.21162750669980607
0.0546158747585674
0.7272905043687683
0.4295757281296774
0.006460163421740167
0.3610845898331509
0.09758453313735457
0.27111126931803725
0.5236511446483079
0.034618097674730924
0.09850871423375777
0.0704155206338322
0.0069205434617998305
0.02655067997366136
0.06821197857179702
0.1115860452653457
0.03679805237857146
0.09055863070254587
0.1366020031152797
0.05551571207446242
0.0031542930806402513
0.1849880007170467
0.020043053947272738
0.17007018484038056
0.2347511907870489
0.07776629968685496
0.012320606913365884
0.04802975634241132
0.0370742894187131
0.030132836696486903
0.2652623384161753
0.01677851088560996
0.06132895297357353
0.6327910983894374
0.2994766898444241
0.1357053878657173
0.07019828747877976
0.003398140245098313
0.07062271698374713
0.9866228304389049
0.07856008126520134
0.13802867762841003
0.020685812661021527
0.15202611449946188
0.02438628032486418
0.024321992867194185
0.29803883271070986
0.16740210798354327
0.04247511432603325
0.06590834012365546
0.9999831529115898
0.8731384427270173
0.1088693987287371
0.027678572960638526
0.11111384999210587
0.06753497510465481
0.4443611976155248
0.4818099812186354
0.025012091882883537
0.3532913373262672
0.2390410379239679
0.30599258245855804
0.5273083659612455
0.9776386694083123
0.21947435268727994
0.06106010733529661
0.12013820386811988
0.5897496628513824
0.4621543164565825
0.18435826452010362
0.07346797684136117
0.16433435798081208
0.744003868641277
0.3015688963467557
0.06860960499359885
0.1438717151027964
0.07492276259459504
0.3167649126602322
0.10476658756907845
0.013890245273724584
0.19286513810385864
0.15454660703406137
0.10125803491546921
0.4071852269539571
0.12049784930891491
0.8078572272987833
0.9603485051155243
0.025178047419293838
0.21046657578164085
0.4423929623879685
0.13288679416277954
0.3227008806341228
0.19271378303958492
0.32394561004036226
0.16187909671422207
0.4692034170788554
0.9087745577395522
0.04740051492461835
0.1630624850688303
0.22221282496267047
0.02982181203937062
0.08242138675097414
0.27389558738885705
0.558334765072503
0.49419531760624624
0.5418048166913106
0.03288903216302743
0.015415370261040912
0.8286214349353014
0.992798918190083
0.42226405200204137
0.3510196808673064
0.5458115033836197
0.03914195121514616
0.11097164093216683
0.9999605806540627
0.24044716175567996
0.5103691126006483
0.7595141106613064
0.17605667539713368
0.12343932368682509
0.9997227805700767
0.15549907548567177
0.02435599754778762
0.3246023426089478
0.009875353313854422
0.6362864015422272
0.023922530012803214
0.3959073859538901
0.2522507781177787
0.265320295535643
0.9795251107963907
0.11042733136596368
0.8741070816076189
0.023119297010348393
0.9879230772744796
0.026936818034030207
0.730056176385833
0.3381161750903733
0.5135055961747114
0.07669684738660118
0.12182091069005227
0.023062601207574272
0.2628242838023435
0.040257917676667566
0.9837110983030437
0.7374921717028057
0.3091130472148024
0.003945600986039973
0.24688095965291076
0.22658215136676177
0.00791826311914473
0.5065158129743784
0.27629835955875354
0.29994282479624257
0.07561370419326395
0.1093171660009338
0.756931729875827
0.6044537282529637
0.21591599695927596
0.3085980331566681
0.13993951043885755
0.5410473078742155
0.061965803793265106
0.10327243849714982
0.8224953852325809
0.16442425604198627
0.6499857448411523
0.02906762307794073
0.9966102168744385
0.5023997112656698
0.32993380160286756
0.23663626003848454
0.9840155626408027
0.2919879115118897
0.062448358790398895
0.05182478811257616
0.026451343359958523
0.10135776820030491
0.1210987036896608
0.9681675486292256
0.6575650692217234
0.22348024212647535
0.017674817092329494
0.3764339268729474
0.06288425757438591
0.4939320969696886
0.07244652867691612
0.9988955606226957
0.23538056016980685
0.008577055212989062
0.18102477515675108
0.672156605068549
0.20857905198216242
0.6625864626672913
0.34727483770915946
0.3796297663677628
0.027559204685682376
0.18973940661386507
0.016654904674481236
0.3480755147379077
0.6457494705636673
0.09625129656259818
0.14247963025073124
0.11700341781449823
0.17487283056538974
0.0877072560161469
0.9996479572765509
0.36722940359849565
0.9937967537989311
0.7323669182095525
0.029418526426879532
0.021165866297597306
0.08923859135492387
0.017565633491642786
0.08153011887145986
0.3952721190811377
0.9542659823270544
0.45870218470504553
0.06505274295078327
0.2414651577880226
0.15604185980387766
0.9776358914447976
0.13287697175007634
0.21711613380053024
0.01914893722247973
0.9604458151187508
0.3601862701172065
0.08229960231683048
0.03783896015181867
0.04923226520320978
0.8209491499490843
0.02886649623620697
0.8660879136335545
0.06862621353527883
0.988721330535913
0.10690910381747656
0.5495315613804681
0.4565939717701267
0.022970472178713487
0.7968811335852097
0.050547387845794864
0.09629447377786604
0.07160228143554573
0.08401540870355241
0.16502730728285667
0.08234109108808467
0.4364676690991707
0.6402524439946797
0.012208449050295103
0.10624516729792302
0.05742265511457436
0.10850881884321999
0.09038482469876277
0.13088252857895383
0.010440391224863762
0.3114108666605294
0.09434140507435614
0.13329882258785503
0.013258376836459385
0.06757591254130049
0.1380363259155608
0.1939065306724504
0.045940566728818535
0.13488475060184849
0.2551646701099881
0.3624943047515613
0.032717896612942374
0.13296326479241463
0.31636089457399696
0.7206894044068367
0.04372705733495994
0.08167040193431546
0.006294898045856765
0.16292874264325452
0.11031048735074016
0.06467789148181154
0.08095532013949261
0.37075318704191507
0.02306265461063551
0.06235211900434008
0.04444018907650192
0.026367749748491248
0.008656668246357229
0.10353442146080676
0.8908305451967881
0.1835618383859248
0.08040986482653842
0.8644069378807572
0.4038528562631375
0.021165906186759946
0.10401066353785213
0.03291837862877856
0.041438999893182504
0.09677553549963876
0.11887457882451749
0.13393987703052318
0.5090389782340029
0.3139572389030332
0.07229828649443429
0.03957933908091319
0.3225563569934363
0.1020863443092003
0.32038156379193117
0.08224248159625318
0.6815719247952595
0.006627251680182275
0.9745521528246458
0.05049126302691035
0.1471819812825365
0.041742196470914344
0.7773392041372382
0.09866396485817999
0.3836064660198494
0.6702105533785381
0.020757793679660064
0.012735031577908063
0.5229623302648967
0.07084501035619044
0.05305837262074544
0.10596328720965054
0.4159886602652908
0.17705586112418473
0.14748924684217132
0.02830887062050417
0.9898249193383482
0.9999999999901916
0.021931338956939782
0.9000649601051487
0.12642792643905754
0.9612933774954359
0.12860167182261617
0.1396883172825898
0.5332159796378335
0.290737382958668
0.14399566334688169
0.03538884204658291
0.015737678623240645
0.4599899962931538
0.01665115093447771
0.385321948818877
0.5402163599620694
0.25037090032385373
0.054915053157085295
0.05144325633125903
0.1812741439205559
0.07094546801757064
0.05882154005363747
0.10246146363030506
0.027162535812587846
0.14570161584111269
0.10072920974070554
0.0559267294690172
0.07867273614713596
0.1897447559270136
0.07194616867944514
0.02522493682765916
0.04711883681467042
0.2835849080903335
0.010722511357686284
0.020115405982346218
0.18212538101395898
0.15538817465101165
0.03410585360986611
0.12636681156312982
0.1562765868685344
0.12703984541767627
0.1343924220170019
0.0793531947777936
0.12188747052124789
0.06823443917346901
0.0799865919543273
0.010943541938059105
0.1300474626390338
0.29440696749776574
0.4784610964460274
0.05676405427236607
0.3930680851469105
0.021972874064095593
0.12750212450200427
0.004884049948183852
0.13617242861615328
0.06481344511374192
0.07890377391137544
0.006352799985310788
0.025903305973231955
0.7877074613776855
0.14634406628671576
0.011945990549240984
0.07320691468617128
0.026761795656603565
0.12151734835170684
0.026420901289653558
0.053898235194921075
0.01912305456785825
0.03016399069071394
0.0031754111748873
0.03540390457452104
0.019301141481278632
0.149837117036711
0.06343858704963218
0.2761816068891891
0.0800786649241432
0.05896954967885568
0.18972949062201314
0.3869317527298498
0.02562564152164279
0.1049254632188138
0.002504673445369682
0.08011537818184483
0.0556254828261208
0.3666792334763144
0.323635574440158
0.019356239411217085
0.04211342594385895
0.1419321163619129
0.06476488683116144
0.11054531305015707
0.10642571092661202
0.16128784722311335
0.09084520986985448
0.01595269737005914
0.019050181007557086
0.3200921674486579
0.025933680467506735
0.18455317038978486
0.34316424759184105
0.1381839564827063
0.06065402685125417
0.08259862648648933
0.0380220520883909
0.15153157289983596
0.011609664351790904
0.0210608782410377
0.07141980031191773
0.015737678623240645
0.04970563392370588
0.3779392524028265
0.11199363036386459
0.9999929456032641
0.7340607886389434
0.8972254920922851
0.9991076649467846
0.7514152478721329
0.9999999527607131
0.12074369895525452
0.10915154340793091
0.05991719808920624
0.018027225720001195
0.13143675927456822
0.19342506762492012
0.06472117157055673
0.0442600401823765
0.4118895757500346
0.6971334716799905
0.01530965310722919
0.024594437428122232
0.18720523990670723
0.21148286944945163
0.14525379929908527
0.3687325558097009
0.24594239554689118
0.4094070760763815
0.2625788762767904
0.2646950579285342
0.13100884170382412
0.19185115244133027
0.3552004937736043
0.0534259038442428
0.3434416386442459
0.08447528962618009
0.2442232487864698
0.31014709652770667
0.020050237298264335
0.017206727088122903
0.025843540827604823
0.029528689496536815
0.02978983225478594
0.00900588573356568
0.12131346574410848
0.07208507482875426
0.6074893679276034
0.06282941058009037
0.47972371570451067
0.3712293469504672
0.005763688393394114
0.2710132799158178
0.17851613853707826
0.14945731643096527
0.025734410850146043
0.2791309593222112
0.3733092924364033
0.005337047709696909
0.4482319644378124
0.27178325336190884
0.121317603462167
0.26639424959153174
0.09977451457876
0.46384683100370616
0.12789219634959362
0.27463023624595995
0.0447878100496996
0.10368841289871575
0.30535293892257
0.12812268176384287
0.3489746529273712
0.12877746623817385
0.019166593323127937
0.12891854496854466
0.08441251984062556
0.053009944244896204
0.3278875024993601
0.1641571775064884
0.19711474705726875
0.010331055483532253
0.0536147073979872
0.44815387714396715
0.09340677206474973
0.08576092857159397
0.09081364055320926
0.13699395629649608
0.08851360380708206
0.024991525809401713
0.01667193166285766
0.07225073093209378
0.08301485559934672
0.1026506303814489
0.05682199994862168
0.485674365067324
0.19454196193311715
0.18951333793574973
0.049668177190680916
0.7294827715540582
0.20418220135302229
0.9728312244370795
0.05531152107287759
0.1812467860189712
0.010919390078673586
0.20842945989468414
0.941793513018653
0.05754672801639753
0.19947388945229716
0.07602846683123088
0.11909250377891945
0.3532181454551028
0.14485232099992512
0.2135377831264516
0.096946116625426
0.32596292313512865
0.023099254149324393
0.017344422289583626
0.16960259917106657
0.12538014141778506
0.029758053963173416
0.0762338151330749
0.171466503373427
0.6504166845535454
0.5271119211587292
0.7170989445657554
0.11642629947945145
0.017221567226535468
0.013363173421227743
0.025454695007636995
0.010482337878953625
0.03888135087745894
0.0293040597586842
0.019175271394729215
0.09671171499341888
0.3606690129379605
0.09506876018874248
0.6320748324352865
0.23023170867552817
0.08415184012940183
0.1237434173874167
0.03758641844629775
0.357532794021709
0.3228588576852055
0.041919331741335844
0.03570366031617858
0.0666321049937186
0.5073484668000843
0.006997921124048276
0.8956446780876011
0.7633879503471933
0.8036030693099466
0.12003080698914759
0.4991971983746878
0.0354465785993151
0.3902700932180638
0.1506053047091428
0.13397343316202245
0.16008370207864578
0.08133214187267637
0.06327056552960059
0.5220544215128289
0.18826301060664638
0.16629755572239344
0.05357378516987042
0.00158289516256394
0.498089676824436
0.012180523514948496
0.024128838456015576
0.15338410601835295
0.34203959489815305
0.39027622148341024
0.5844211869439742
0.08658923667165797
0.055952227689421506
0.08217705169476691
0.736108826306587
0.09773445838472741
0.2891756731807737
0.010638052908272291
0.007787662152558279
0.11671451264688282
0.9750923579770852
0.36972607801737845
0.41592455541801343
0.03998555570705507
0.7131205624358261
0.023545217819057974
0.08623247508674654
0.9918646929102293
0.0243234345968051
0.14337458385005641
0.0576751733716536
0.4460259393726222
0.03749625579722654
0.8621983895504808
0.0548954602930886
0.12550141587084146
0.03901080811621006
0.15205754843249195
0.031423741132809296
0.578598738279412
0.06702536618094768
0.07257534039207207
0.09575053292524664
0.015737678623240645
0.15171349452843047
0.21804439882570953
0.4382885301435423
0.18955299860237937
0.4837425985822783
0.29804065887764264
0.03978019282723581
0.5205716657272002
0.01805186434126884
0.16798061245707682
0.41733152554516
0.06048659858302615
0.17544129651198964
0.007192813503791272
0.27938286655686695
0.2183770415641781
0.38001261669644115
0.08503898764298978
0.9564145147662375
0.23643499536343415
0.2320816046596293
0.2914356499419587
0.1783872544245664
0.2836827897167059
0.9815277688668835
0.16979279829399602
0.8082615083837148
0.5594509539006465
0.6787452162014834
0.639340619775859
0.6900344146646871
0.549178677408342
0.5325169988619722
0.0949260013376225
0.6178082780662162
0.10390625344137787
0.3758769543757196
0.033699871256252616
0.3680673267184342
0.40733509296661896
0.03845750295677324
0.14504876268571673
0.6127744803781461
0.8920816582708666
0.05385076132474973
0.057987814887533795
0.7187744574173696
0.5299943911850182
0.08570154281476187
0.20342945608843768
0.4192749575715424
0.1959314364773923
0.05384343501291332
0.05534746331850238
0.9999704578817866
0.027340322369854564
0.5333222945283042
0.13113104489446553
0.05715259653554648
0.06313085405033018
0.4507349728544644
0.46882261185490115
0.41718236513621665
0.04968969612660171
0.27999866686292757
0.35908725745688697
0.06332447051201455
0.8224546273306623
0.4727696514285797
0.42958284380214373
0.04341617346141796
0.747268929846104
0.08250868065332863
0.3260447931474203
0.007445194383819654
0.02172553227280028
0.016253826373160217
0.1059671314053007
0.027024562530345915
0.43585115558471577
0.4178116031741167
0.3687016273084421
0.9482235298006934
0.15260643328918524
0.43828023467506066
0.5041771231656224
0.16411739750528928
0.05001154791354121
0.009650887886678885
0.972019184173402
0.9966349582580033
0.6142107826060508
0.14670555615716063
0.014373053989234849
0.03514919251639066
0.8296526586555082
0.18169971228041598
0.007320972060324614
0.027072119105340065
0.029520244546787276
0.9285589810571804
0.12938065660894366
0.003313815882403972
0.032242044520539394
0.10373075250311145
0.05891434220368251
0.05007036069102359
0.0025651215981725463
0.007470369203679656
0.026235133283174117
0.09163282313337306
0.3640132142245388
0.11620793683200314
0.005592989225002599
0.06273911234722167
0.009497728011961488
0.63933737975592
0.03707962335788866
0.02528946455511923
0.03821449497876572
0.03852030788439513
0.22326882387662855
0.2809662331729632
0.01818583491431474
0.04145692644434482
0.08007629958945947
0.03839405404839992
0.039924281028955226
0.055406982723156216
0.01641251754909595
0.024128050986623926
0.009177641798806138
0.11196693571425591
0.026759689638780653
0.18082135597512794
0.04594032039029309
0.07015633239639471
0.6410941949579341
0.05392871535255441
0.11727578922377142
0.03621417368608947
0.1349462287263719
0.009791769105969707
0.794412574588354
0.06103392255208059
0.6963574596433164
0.031176385494228732
0.27598281400431873
0.03214098101315403
0.03921793582851272
0.37371840677971957
0.0421726731152018
0.13679992683816208
0.45902657402839875
0.123148038814931
0.010850491789048409
0.27320104396642925
0.023760931005380355
0.07760048982415971
0.06578318019914779
0.04453204484561084
0.04549663070799478
0.11148560982323272
0.04940586264598118
0.06433775984154907
0.03643462264985655
0.06532207133766989
0.07344629619551468
0.02096836432104431
0.7030689218138033
0.15949913649321923
0.6272876285437721
0.2298912098115776
0.13044472408337301
0.08359882500655391
0.09362852125026236
0.00806191800965039
0.9429296823213296
0.23233500841981933
0.09588469067896163
0.9162183807950195
0.1337017934368645
0.0732440844652224
0.1712186959896352
0.15331475152446122
0.6587846745598206
0.1329553913288134
0.6086758241948812
0.14604281299101687
0.2792244108963407
0.36072071138006634
0.12463875585444453
0.028805994842008693
0.0073238858181588085
0.01586351842198431
0.003978359712708499
0.17787031733528239
0.15801710352150627
0.42721722111376687
0.019261636898050407
0.16281509822177706
0.10341547452745517
0.0334035502529073
0.04073262655341249
0.0512034265284234
0.01098567207295156
0.19959211194485976
0.04912406012012222
0.2082735446008186
0.15884915292208093
0.0033780436813514113
0.21864993182654913
0.017145722805887297
0.21607213661861585
0.12359308891721939
0.05291715777843736
0.28401166394510097
0.04226519430281942
0.0027818769299838954
0.09965885076850743
0.017309653513310132
0.05264371996703303
0.45955099317567205
0.03280800096847688
0.8760398993190233
0.007169688075264083
0.08678043463439522
0.026353497543195364
0.046214655901061476
0.05893069272487657
0.016684141151443285
0.03954988573709385
0.03336673610657439
0.7887339317867352
0.46718962146415743
0.07754500377748753
0.020194082036601693
0.607168852521253
0.0574137686453168
0.17269943440524343
0.03310072585474172
0.057504042660804965
0.16870307834238352
0.10157921668298368
0.08756050744467202
0.030678263932236688
0.016987016891654935
0.015737678623240645
0.08229541439425914
0.7540553035680958
0.027449876424764975
0.21132830553563897
0.08954131353958043
0.10868597704384117
0.07975130311686138
0.05541342792087335
0.29628931191329666
0.06107085061175842
0.015183436984761652
0.5376976830132824
0.24616758041240433
0.33242376729334444
0.05224923662386407
0.7145214344187398
0.08076867329443674
0.6766401419538537
0.020693011885353566
0.6802519895380981
0.9112435908283587
0.32009556800188654
0.17243024400008908
0.2161074711964265
0.22294397894796186
0.35160636855570326
0.16203357005224855
0.06399542321668952
0.0231200648068147
0.1190144517726722
0.014341156279149659
0.05144480730537684
0.08355408090325206
0.17676250401329743
0.16299210539350648
0.10862355092703765
0.07207390301251176
0.04823902567524417
0.08992563686883547
0.07575647238177592
0.3848955202902383
0.15611965425801694
0.06122538720992583
0.30693840469807915
0.059610660822015125
0.2920250665673674
0.1774573826223043
0.12449690475729709
0.037228803765154486
0.8591876707073579
0.9639389791647124
0.12126056043783931
0.008602372531807907
0.4136748476237676
0.15337435620996812
0.05815175863044949
0.03385643298933171
0.03385643298933171
0.036460483895350296
0.682223356334885
0.036460483895350296
0.590625492165308
0.09927210394117067
0.03262553682749837
0.8788387340316326
0.20440343411224843
0.6027401444298747
0.07287263339423608
0.9530946806955084
0.9986034211963004
0.4242978229689366
0.9028568398377248
0.9856082807544088
0.14254952504648896
0.28553505477014574
0.14466066652765605
0.4074935515712223
0.07360036049961544
0.9756224489845102
0.685835907285325
0.17804961254168256
0.1058729269416944
0.07016435577919397
0.16425022209982174
0.1050782415952353
0.33413438308552473
0.006220591609616434
0.34180303495372727
0.16761655080728927
0.018539550679886885
0.6580743702495482
0.22791745314584366
0.9988822430804731
0.2717013144797328
0.3524728941862813
0.015587916871479169
0.34816819389230386
0.9800017007173916
0.68316111613111
0.07294909890767527
0.1688870124886328
0.03509181381653163
0.9776145934005804
0.20642990274378872
0.07102868700319433
0.7983309044208113
0.9998455339014134
0.07370991435183571
0.01993620632462096
0.252895259521318
0.14380171257959354
0.026273986219099967
0.0789590766333395
0.9691852160174635
0.8087456649850665
0.009647112849752776
0.19159230519474515
0.19624938894342453
0.9204106326559185
0.4079941401814369
0.9872699997552765
0.9998785776432442
0.8455880650404757
0.029237368217445235
0.28843832696693045
0.08067325464497535
0.24014837698503405
0.1399149568458254
0.04662838563152642
0.9957529837910716
0.07073601770037796
0.5735396383919928
0.4295111607651231
0.47340381012955335
0.9999706315366227
0.9929088233271786
0.8888550276955227
0.0836518680963905
0.1419009331041037
0.4102759459485153
0.064558623485817
0.11404835695301188
0.9973711243088937
0.9912689777400818
0.011854153476910986
0.6182196690254222
0.980806683148429
0.5057377984382115
0.3165579434036577
0.09827549233966286
0.13680008399998062
0.060497139540151804
0.701096205369334
0.2505726745403189
0.01764379333640314
0.3444136210249712
0.04981490736486956
0.4854708708494222
0.9004002007718361
0.5657649078228288
0.20852016688357242
0.8177738352676405
0.06507472920953186
0.9254655399543061
0.5766981948555484
0.013264783153856199
0.0976091781477784
0.08244043788325982
0.998940009192434
0.712441003527594
0.12488734686519139
0.631249262820036
0.9377176899169688
0.2356367879486918
0.6564554939412767
0.9340517820772083
0.3169148569909668
0.0730004066048996
0.5513369579186513
0.7517799078683687
0.20484966324918238
0.41543816809542944
0.2463719594007955
0.9999853659114739
0.18570446108618405
0.015737678623240645
0.7672957672731189
0.9812750664320602
0.6096409095336682
0.9859456006940487
0.09461950437161304
0.045924017682736504
0.9999999437460966
0.6503888308076625
0.15390764532145135
0.25717936742457725
0.24297027966246326
0.8127353319122805
0.04398291428195657
0.2739315188900463
0.07444995649815826
0.06168521391504781
0.2742177753875107
0.026001657852038007
0.17239879133752545
0.04052004532563215
0.12969554927553156
0.7844919246613873
0.9141938186448011
0.4710566579032346
0.08007350641329386
0.30717746542756424
0.034089562130450266
0.1310232923876406
0.41752987498614436
0.30245307262784477
0.2511254214841353
0.05829627360599958
0.11275541037844117
0.040232565974206054
0.7569530326499786
0.1906795160248147
0.9229997277599518
0.38871442741144147
0.31372357645897797
0.05421242938075803
0.21059004582532248
0.025035993805066388
0.6793752962260017
0.1160290095197539
0.10397060739162485
0.06869181615269325
0.02791943047961289
0.10008005544089542
0.1511840367903842
0.4594683908388072
0.8565671455591793
0.20553117885364217
0.033232866695165536
0.03229837021172036
0.11027273992292694
0.1905022766522997
0.9799132924161771
0.019980912624686133
0.6920266582547538
0.02429848708769359
0.7217261201390508
0.7051284602437906
0.0398165264197103
0.4933698769144077
0.16698733536076146
0.054563677176784994
0.04441770491902649
0.46521991696131126
0.0748476781516271
0.46521991696131126
0.31600274040942544
0.9521786044181575
0.031435709597262385
0.06750219609640519
0.6968295906348013
0.4948415102840409
0.08475847198266852
0.31528634861131277
0.5200608154103649
0.043345743761789915
0.09664543927116823
0.9846750307373793
0.06345810650739704
0.39999447122060205
0.0048616006699731835
0.3460038476821746
0.022657845784806764
0.2359226262807424
0.930213214246599
0.4119670415432619
0.6673999264011217
0.66066735115796
0.47423736141034656
0.06689319838687327
0.338259917957266
0.218295251060015
0.08170257556884046
0.059175902947228985
0.9596878026680796
0.2532093983752314
0.09215472800583278
0.9934940773770927
0.48150803761211974
0.035690876007538314
0.8946870279369232
0.3230236911699474
0.3635635782330091
0.20301519299809773
0.05337873893285544
0.41987505552455573
0.9680189828389348
0.05101395512666694
0.41975594075822464
0.13033454473311862
0.9439897735962338
0.6561459356010102
0.6784257269082838
0.006758930233525341
0.09338483014238627
0.9996923226427864
0.1799088980473115
0.11887211861970763
0.09813628911815864
0.05153648998966287
0.02520372366968641
0.9624013966283804
0.2372465377833211
0.999757971257392
0.15499321859077045
0.6460217373899868
0.05005638387288047
0.8358528232787258
0.055308121731167184
0.36340940547807016
0.3506844210116708
0.2226919546099778
0.21280956899570014
0.14513274069147214
0.1514840922689471
0.04271399186653315
0.05089313061732583
0.09354099360644581
0.2690453818744676
0.01127806052327399
0.18626762402462055
0.48530339605900996
0.7029943244409805
0.3832013074324128
0.15779836443798517
0.05047766838481619
0.14510788871367356
0.053675518265498656
0.6338929717197407
0.012993700260224051
0.3137321742259541
0.41635855192053023
0.16800718178670423
0.9337535706677903
0.3388222340207115
0.46098316400216854
0.3190793915791111
0.026170980210014107
0.42839607645179856
0.08847856075626423
0.20112366064915516
0.7766704073619646
0.8350044263339178
0.12369721931245573
0.011182829872848275
0.06755587770324463
0.22092781365455139
0.007525699536742421
0.31013708771541854
0.015737678623240645
0.10167338123039193
0.2888070903130033
0.23931754087145932
0.1545536427612609
0.026083248388878554
0.026635130347755897
0.2704927346642042
0.5105190248636425
0.012164107210369075
0.5503734555891504
0.18232172360896942
0.053898728783226324
0.011823559877417603
0.4023009174767462
0.05517700733578666
0.07250955848548424
0.0013921972556568871
0.014138832644424854
0.21014720437168197
0.08479403913060274
0.014736646379934219
0.009212670067311187
0.2688025477973177
0.02186652967275001
0.06891052670251743
0.4064495749938574
0.29974534813757453
0.12668402309503243
0.0831404075190807
0.028611666935436673
0.013981099113513803
0.020141178173429464
0.2522825838311401
0.073304781526881
0.007347657791410553
0.5823877154203615
0.017257462582315954
0.014550337759377396
0.017747640156669874
0.35692623450366046
0.949415525265503
0.04984609208717087
0.01913412273109239
0.05132595146547876
0.010534307124305387
0.039478274677353035
0.07866270326079856
0.042776318165224876
0.04443206337982841
0.6078457653049896
0.055100581500824974
0.032634682735288745
0.025596571612371288
0.041992585239353196
0.23623085773936095
0.7290872770242525
0.02442297883535114
0.030441243118762795
0.006314840016958099
0.08248256476663415
0.002027209103983049
0.06558014797430281
0.003207233039472768
0.015737678623240645
0.0005874438845634367
0.0573335177812475
0.02365601016195919
0.02211113540512685
0.1383160891929996
0.008881869914420592
0.2711065269342624
0.05650557843779369
0.3873391046142848
0.17065002233281729
0.11892608427439619
0.023195221240538248
0.8106976078439045
0.40768280735016094
0.24659517699176173
0.07079602004795338
0.05321716445233737
0.10874279798958149
0.8098562742797984
0.015737678623240645
0.09331214545897284
0.008139510293096088
0.24167388641299947
0.28007511068809304
0.6994211777794753
0.07363598327146861
0.04415309559481403
0.031229872470253734
0.627220294590988
0.23782150679613706
0.2951119506775092
0.37472994272447596
0.10681633600351723
0.6064260958774997
0.12412047730700837
0.12975562554066758
0.3792740743592195
0.05429337904781027
0.03611750058735196
0.9299255444337865
0.17819695124266927
0.015956035465343712
0.2732053648494738
0.20662543867611705
0.18080668602911748
0.06717713579996278
0.057614245969169864
0.31791398588709113
0.1424844984148995
0.9731844748685597
0.0541940965856869
0.09376205070931945
0.05283807350564333
0.19491997224237131
0.818250738120609
0.07524700198401989
0.33349919666281375
0.16051216247281902
0.2562293958891231
0.04128894647494506
0.36769435002382167
0.10786673993293912
0.10367205848441144
0.029658964016784355
0.36725186615249367
0.2088485538723563
0.03811866166549544
0.35421971419225695
0.902050817427239
0.5086113854385559
0.18024859441195776
0.07196421617332731
0.06136261168156334
0.060337923681027014
0.6018227142252407
0.11574550332799054
0.47072134337408167
0.30374630915751005
0.09474119135858443
0.5023282413019555
0.015949479036108057
0.11072517339457119
0.055855211089545
0.6455794448366337
0.02284667441973583
0.031935007820751496
0.04509950398796526
0.27748552613675265
0.13787335902772097
0.0924680127362893
0.19563745607279043
0.04352133235898845
0.7304494578971019
0.296326817606413
0.03435943794563549
0.08080612594383901
0.25885774724932986
0.069485137087658
0.9689678702176048
0.0839277451693163
0.04885166223839461
0.1428366518773089
0.33396516511452146
0.6697585931177066
0.2527464003896669
0.3585721070509213
0.725441346116918
0.25873378090050336
0.07283226355842694
0.1299436165813184
0.15684054071712994
0.05186933477065529
0.06299331982804972
0.9040522416440352
0.12634842357803952
0.8395312849001713
0.03217190686349358
0.27957108111191503
0.1463412684351176
0.07018455783054818
0.11480039376350668
0.08463692454791238
0.14227154460047448
0.0676536512451795
0.3556681787741803
0.17693286818108092
0.05174518184296052
0.9999940096994748
0.7354746279021834
0.5995986259838426
0.9812981038782261
0.5157995717060058
0.9999981277142576
0.9897051856530791
0.29452822715578925
0.7782461401194285
0.9999965900419022
0.9993789528676003
0.622368566679612
0.9937063866309304
0.9990186067304336
0.14079448816369466
0.9970453950332697
0.5559076847680564
0.18499126566412244
0.11828805989292697
0.028557617766429295
0.34412667657232066
0.98898728890389
0.018830754259095483
0.44336353730784106
0.1793360015874434
0.41393250554156485
0.12538527839285712
0.2882917182176794
0.09660927384785004
0.4636921402138923
0.17180719181690754
0.3467831523889745
0.40900214151926184
0.3005515992669152
0.7543602285457387
0.162396435041275
0.2669410302814059
0.3797105866228698
0.028758473798290645
0.35626246495378816
0.16208522845474446
0.11039064316334266
0.24290962536535615
0.021245887580176086
0.33901035547175323
0.30675228208844685
0.01797553659232299
0.32851408501778917
0.048304546339616304
0.21245618989564993
0.5747521260370465
0.05141906439106321
0.25053212083964
0.2005996173889287
0.026439897058632193
0.5643765193511834
0.1928692394622472
0.16921866899863944
0.024251109891798593
0.09857406990677788
0.0037212074000864117
0.18780044462058187
0.16467286152545096
0.10980357588001219
0.206116023917318
0.07181790107533174
0.05718386590962445
0.04749041789697961
0.12436598162498465
0.10960464952176414
0.4528200866594497
0.11731306790265945
0.032702076661744815
0.24656686835573946
0.14035631212548116
0.7989147325530409
0.08409359029620642
0.09740955410748045
0.19163294622931143
0.15460759381858966
0.8083790096040884
0.4845744379838157
0.22500854088489125
0.046801907698797406
0.02034590415434143
0.08007045466245052
0.0408108080037328
0.41302704484372665
0.067752401746572
0.06596741000687925
0.009957288816128044
0.522905136050639
0.04123062541855273
0.1522059594809702
0.0763505042380487
0.029931280039279307
0.017895923786743432
0.27494138060334344
0.1272042380073946
0.1037931605546365
0.14028630771677988
0.06817704629278329
0.008682363356331588
0.007759935669881773
0.2390357593432358
0.361501320261981
0.05898641604853215
0.09248372301831012
0.23129906436341457
0.019211270475240134
0.02648833118591003
0.06128744255598197
0.03070078993037
0.10330654686243182
0.10656886938378611
0.9991094735401888
0.9491931233765415
0.9999989314785083
0.9992900936759295
0.30475172808582
0.9998297751546431
0.9945506642326588
0.4590684693238444
0.7180414080938317
0.9999903518395925
0.9999894766806448
0.9953743279276029
0.4083856648072201
0.9988300468585546
0.5606437759338341
0.9408372619990404
0.5126159667095123
0.9999999009107308
0.6336502598719524
0.36023882240431004
0.4646166285228569
0.05022400292395157
0.21768082690059476
0.08726874289403211
0.08003408561899056
0.5633090224450352
0.14602450312500648
0.4455049561404003
0.2688367708418455
0.1083717127556302
0.13894818546724666
0.21978705405444515
0.09852779050940054
0.15294390045933
0.2346412152682602
0.0341493711851339
0.983313613882301
0.9730407304592952
0.12137878087149086
0.07470923154332597
0.1369569897922896
0.8183243350645375
0.3980855250310006
0.5852789395943769
0.5213807974202356
0.7485288281246147
0.30964956537831245
0.03405570679845022
0.8977065849244958
0.0686547461184579
0.21593430141823472
0.26896205714736504
0.2229917699850426
0.08926766244002078
0.21996370657497444
0.3109118707129066
0.11212492022469497
0.7470356673064826
0.7604519430756046
0.7896285436890251
0.352875620506276
0.8665426642010063
0.03017845560499586
0.37101899381833775
0.6458369683886969
0.4432999873250119
0.8622913096331761
0.6319105647275203
0.8884922084130682
0.04777843259335812
0.27756399724074854
0.999972631592082
0.06919583734166161
0.6417050644415376
0.2542709777042339
0.23274442354513464
0.06340364102383587
0.7926855693892925
0.9778765795734394
0.025257338932240286
0.04390806695517741
0.9886144200154225
0.9928984188319671
0.04942540286774163
0.188409443287824
0.8407771440583804
0.9999856963430729
0.9236105486614845
0.043759059587138896
0.6431492299989928
0.9954934466996779
0.999312562894913
0.447842668078804
0.8720523057607146
0.6238779538894612
0.9804904037802432
0.1891318059628787
0.9980893542644198
0.7263171416852876
0.9997521179456046
0.8076428982122279
0.999798058915838
0.6886587093953445
0.9042711036179856
0.04841055213617227
0.9989115984582607
0.05858391914825074
0.008001626604379168
0.27006271372821444
0.9962721723066471
0.10948214817152535
0.29946548963761827
0.056756327156723296
0.14147587179169668
0.03385643298933171
0.02359820099398613
0.4707195095561098
0.1295504219350628
0.9074374419419634
0.091139416626643
0.8718422541807935
0.06973681189080153
0.060259404861921904
0.13653965036965188
0.2861522696543821
0.046866316485306515
0.4958100872494494
0.05151638418724961
0.15147331621670285
0.2107907024371035
0.18034787174696662
0.7065980411232881
0.14517149863361
0.004467966625016341
0.07290643048806159
0.2544284582207871
0.03899899356453937
0.025151456916215453
0.04768726282662424
0.02750891973608242
0.334978826522876
0.043443529700117375
0.015737678623240645
0.07175401622714496
0.2000819534352169
0.08654894089184341
0.06793970924875034
0.077202458362492
0.05974245294612899
0.18231179084604188
0.37303419682494365
0.09860151734322228
0.21526012848112258
0.01600880905198947
0.006905830732913334
0.031045344303958416
0.0471098233809004
0.01200915005533022
0.029818696023831432
0.4336922350675748
0.07839743884520863
0.06303050228572787
0.31100036761232214
0.11457563767705266
0.07703328677690094
0.190438568564611
0.49336779732290825
0.2552998967698702
0.1182122040919857
0.05785590383530666
0.10161031839642551
0.05803425859816127
0.03488141969906712
0.022897186872040235
0.10729132495781493
0.09511117997545541
0.011086275371151741
0.02580097261324748
0.0935707172238595
0.106001468447898
0.3114517193667762
0.08272984563030598
0.004199391413716095
0.04530244331228198
0.6128555271044074
0.1495440216927617
0.9841232605845572
0.14600727924558687
0.9989244526049802
0.05121384450122692
0.05636358966923287
0.035785731191803144
0.010180324872025047
0.0023097028980313197
0.05247659223655404
0.0185216367224666
0.050630030827350334
0.02615898341288673
0.015737678623240645
0.07777491840839486
0.04311936055765338
0.08522011659491899
0.05611426904967172
0.038122956046629346
0.29882099781731364
0.03223151410686331
0.1151401201149039
0.2994282935968968
0.29310108546986163
0.7111931463730706
0.09316235328054032
0.010709374565526984
0.024126235769279074
0.17958518599310083
0.007303946194790243
0.08162350264640325
0.43674472409448395
0.38527024767031753
0.018054640397755277
0.11539543349988494
0.2384225767737825
0.034865582703011426
0.048880101465428406
0.04982564810282897
0.05748509905985551
0.023460199410796044
0.082000286583768
0.032751884045090274
0.18394277493095273
0.12016117740697285
0.23632610068602827
0.12447282570485925
0.007883030920442829
0.5726781793193867
0.10665068645822914
0.16550232718283214
0.053840924675000214
0.039646888092773044
0.03738222072585235
0.2803890304139825
0.022166446394070154
0.16863294938188306
0.08167761991992124
0.002865307103461535
0.00771668299093959
0.4024044611255159
0.1392532778709557
0.03263279940495128
0.6791896712859286
0.7121767210944377
0.3948184649994973
0.28395917557902456
0.2276633619464727
0.14088590013442462
0.06378091262946414
0.3011196561336241
0.11545637608118056
0.23771063031303624
0.4331003628642679
0.05782684389705315
0.6255699350510092
0.010346513822043065
0.03643394674878148
0.0541909804575468
0.07697046954502233
0.01763738861444274
0.0075029171464274765
0.3790489229344386
0.06660430327883808
0.0519556676063095
0.9999962180446904
0.03945929762236878
0.08185529700530825
0.009071898620898447
0.5731068516689457
0.6102901325625515
0.02193209465584023
0.0379498458374818
0.21483724418734934
0.19598805698741617
0.2273219434875605
0.9991962231165994
0.010122736497096791
0.2029015541584466
0.8245991027585848
0.120565780988792
0.9408093782056357
0.6697991435356354
0.6873006936285468
0.10785200587736592
0.47847831424226317
0.44493346614468204
0.11395656446943761
0.6819926592412049
0.1328746437755594
0.39199244148092216
0.34551181872182246
0.028653752739705152
0.03648463811142081
0.06078637217347464
0.5399179032017115
0.588225659345178
0.2011461307597407
0.027934084563457383
0.7035181470534696
0.1828341254337478
0.43134710815487337
0.1321362214799991
0.20683295798331497
0.6636844213020021
0.5620500530477763
0.15690978897849694
0.40514296103228825
0.02950515879071296
0.08120265449235985
0.014571889044369953
0.03410229813944926
0.04470672329975789
0.0791078092015143
0.10283520685768725
0.1915564364680446
0.012281736431678935
0.30091466835427955
0.12582934953280311
0.0967754475739007
0.17817231501651945
0.04975133929465037
0.35542023456775784
0.050311114103097854
0.14173823564929683
0.24862773235744773
0.008026969673478363
0.04764925885669548
0.03441980932916375
0.13902752009513386
0.3889484055386505
0.20044348973167408
0.10008165340338002
0.0039806629481072015
0.1973602188905859
0.6483007908045
0.09270734957447341
0.03059544432877841
0.13061087769122967
0.02411841748041669
0.0032263836373057605
0.11487377541670882
0.3265411630187901
0.011422439993401427
0.11338149504060593
0.21524564212417446
0.7928692293197824
0.1115888234909248
0.9810153435986979
0.022094835517836028
0.09142700549055668
0.2032767315189342
0.1131798363019338
0.036460483895350296
0.6645335718913212
0.36766101075915275
0.37618915080064563
0.047181961696832156
0.15596791765720786
0.2043524436449939
0.4145491062804828
0.045505551370281935
0.29063356540363394
0.13535245366631438
0.20021047083288696
0.2869929092938369
0.029220736387072233
0.06624341668362857
0.0065592708983381294
0.04749544089313426
0.9391990672119732
0.28759599056484764
0.11740464744505248
0.10133413448726918
0.09298212960563841
0.091372954843075
0.18907602748102909
0.22545863586522427
0.03629447792258436
0.3085645367678659
0.015737678623240645
0.04797587831677723
0.027606253669770688
0.6487845165462194
0.7687711532402629
0.015737678623240645
0.02085699650217859
0.40769756452233663
0.057444652173939306
0.026934381668478762
0.24589999153451975
0.43166905625046537
0.32704171331113885
0.11846935525374855
0.22354845116550104
0.1216203755054918
0.6629143310587151
0.01998271515051698
0.1285646915769909
0.39019654047177826
0.18610263932125953
0.3255034289652784
0.265668800625392
0.04122121858480281
0.5402125131666695
0.08004047943201824
0.05898569804617636
0.6116703323880054
0.23776470234450367
0.1166649366836929
0.011010194483937795
0.20458799779883136
0.015737678623240645
0.015737678623240645
0.06653246652077176
0.46231171766184487
0.18350305235462777
0.03559765533767742
0.0846714463461447
0.04477093833064534
0.03384861595761211
0.49409502995650517
0.7276020706155062
0.10357653335111769
0.03346575056750266
0.4022825348787224
0.04989210365229223
0.16207289781126483
0.11000996274205717
0.9217968918368001
0.049941963410579486
0.525151196214329
0.527452068811874
0.37883419184997036
0.20809201542649586
0.10395988122110214
0.1940568087698263
0.31960452242803844
0.5969853556211231
0.6427399238405909
0.34530925912261273
0.09489764012336652
0.05800559039537164
0.9983739277674539
0.03725511266352421
0.11051196325567285
0.3825018173533456
0.5523277023780961
0.26885868286568443
0.9881449509334042
0.888073400699062
0.10345161829863084
0.8444657985292648
0.1783318158819347
0.5475149225811776
0.9144319397919011
0.038121362050078954
0.24026579441759868
0.1723860415318702
0.06397916842796136
0.16431542952156492
0.037947109881782314
0.015737678623240645
0.03437408042160116
0.01436095353046613
0.40458499106551515
0.4953868573867101
0.284635976441698
0.9846670400141153
0.53339458290569
0.03004481016121257
0.013353032676596785
0.44874544050294424
0.3788088951323006
0.35322735131936006
0.010406619847469632
0.08910335830026184
0.4384223716174896
0.9977017644416388
0.015737678623240645
0.19397518819094983
0.8588258987207492
0.7440177362823249
0.1434628235927704
0.9479987590332648
0.9999956012214593
0.14571866501303882
0.526528467987089
0.3757463786895924
0.27516861892601724
0.42597731741198314
0.029913915514386297
0.30939989718786365
0.20997745575136606
0.06055577846894056
0.5687046513709345
0.0030321248092471877
0.8125641672064907
0.4346640495557007
0.09469831921302684
0.08880197125899728
0.1826951803899264
0.06642776245011792
0.09017878269790414
0.06003812130149757
0.03812063115920143
0.22417802914367538
0.32449555679021236
0.30289250129756506
0.9544562312252569
0.6594746594651455
0.03916213037311851
0.7425102368133828
0.975674631031147
0.9708744020382586
0.06826319723926083
0.9745805562166321
0.03598069540890729
0.021765512960578513
0.01801730705002666
0.10103606738054927
0.018619174672221232
0.3187872203860817
0.015737678623240645
0.04211495065011005
0.015737678623240645
0.033205193184588526
0.015737678623240645
0.014309498991435294
0.015737678623240645
0.015737678623240645
0.593979750358547
0.8403522385464619
0.4713699082339399
0.0171029024670227
0.4500411832589986
0.3861244313871349
0.0632098533633356
0.08174016397449127
0.7420472075608952
0.07432836672785803
0.4580302740116813
0.024671361140661513
0.047498568522936546
0.02254301722373158
0.10781327158806067
0.062011719899887366
0.1892513631246394
0.2040684806082301
0.2737666980327507
0.005556959073543537
0.6700628362969631
0.3232622064867533
0.022081043711073063
0.18369598525454625
0.1056143396869983
0.05819526098291848
0.14931151331029677
0.006586849042810622
0.021774718124004066
0.46417751063983925
0.13190922142650133
0.09045526065445607
0.999986117304798
0.029096312170448224
0.4468149976448764
0.8368605191168562
0.04378816866585959
0.03830036566550313
0.13176582449369206
0.15364418158381546
0.09904481168171375
0.19387390261792609
0.36502834264655054
0.017325444783123197
0.06839829415454053
0.11001589442088736
0.024798015366417403
0.6680036908209885
0.030105423286199577
0.08725820513015488
0.02239263856885542
0.1809309262083975
0.0665242887615027
0.14341932789585354
0.02108956669466507
0.19591611720145952
0.099526645072799
0.023172766583880577
0.10114680281843032
0.5184812143448703
0.49889823954814483
0.328189670656264
0.04751041182792926
0.01758901832024973
0.040510175827490294
0.04443215777980549
0.1393740387935582
0.8892618194454913
0.0032108901245251837
0.42112768784999427
0.06153894108352592
0.048231661542130835
0.05843948058729319
0.3428472335112708
0.005944578287093091
0.0520211938086592
0.011724592419011252
0.35829086526149234
0.13710465374853917
0.019411103477342588
0.028455863882799453
0.9186540264534667
0.7165454173771243
0.03173537851238567
0.07517742482468437
0.5327702934191885
0.03605082528001465
0.08511405232169642
0.08522346052211886
0.6419717064778439
0.0453166878795591
0.009122482001885462
0.6401348533660731
0.026363188104916502
0.21129027224604363
0.9052052836795269
0.13039900541382082
0.028661699428456682
0.011665658635645774
0.013847996639461815
0.056964414106767
0.14946410618316489
0.15606433764295363
0.5357538972059533
0.03206605539454126
0.18769534612231684
0.6797163080016984
0.04407346041936653
0.023518258944838683
0.018712961340709416
0.10684187555412816
0.2726560632858257
0.026590403723298073
0.014862845119193235
0.128078255793636
0.9689599695405764
0.28082896559810344
0.5215793242173283
0.02907395370017123
0.041946674107503815
0.3474759783822766
0.6424127117419147
0.987783606576411
0.9213651358334551
0.08813616632036328
0.9969349941619072
0.9998500110683413
0.6871035855737724
0.29366646909572786
0.4750479909289518
0.999115367101291
0.15320561197407495
0.9999999964610395
0.47904584853694293
0.101382583677233
0.30041702453255203
0.9999549185083607
0.9188869986611147
0.7206390583521409
0.8613930196489823
0.10300745410325177
0.9690101260611957
0.23958529126169234
0.2666221170161992
0.9960837120787677
0.9693941971602638
0.019904932771697446
0.3711373901672109
0.09331217644584047
0.3940877036767097
0.39686312641759364
0.6020696235629016
0.9378947397060633
0.4280625844283311
0.10441702334484033
0.4777736198608113
0.6374753207602667
0.49052251885721204
0.8140809659932037
0.9831108422360446
0.9999433977278827
0.9998435808658156
0.2518046560415713
0.7929472603276445
0.5036228503590809
0.7999392968557874
0.16171388624531838
0.4218551162472516
0.06544833276812265
0.11136360075052192
0.30355792834036627
0.25618074042358596
0.015076459782226544
0.7441366610634386
0.12393404155249688
0.9501425629807951
0.3926475838426743
0.2962233465920871
0.8240495479378331
0.33078883971385187
0.9889542425072714
0.3553908698521391
0.8507843453836665
0.9365531047232851
0.9294790477564465
0.34672699041696636
0.6567346564455536
0.7378493437804299
0.11495633182133753
0.999999964748558
0.10060253201427538
0.7392484968519517
0.21347305268595634
0.9655419337931841
0.9373874265632776
0.2052322026545733
0.07705772212786223
0.6214202996236152
0.997139027300112
0.999999998528574
0.11860378522072834
0.49680513776724133
0.5729514169074259
0.708561430188808
0.43580850124429676
0.8237036249381762
0.21352392028546766
0.04867718564020304
0.15016723412617675
0.1027263841176165
0.9849988776623115
0.13731269634007187
0.7158641311945694
0.9828995561055756
0.34858115913735804
0.6665441379073379
0.31382044286285343
0.887390490453941
0.23985451112338044
0.9007501367880556
0.14869908360874567
0.31582153149080794
0.2907928771122192
0.04032235027024774
0.645506865551907
0.01326847255153768
0.03254742615935481
0.4898514354935988
0.06014350955439174
0.990050779190921
0.066385453929736
0.07747330580282974
0.20869462364334446
0.6253422555689592
0.1321449560714711
0.27382166241257055
0.03460212771188185
0.44284389775398453
0.2518973423001857
0.23432981965145885
0.11223306253297613
0.20936611660634954
0.005294878206682294
0.057455531042953624
0.24995916606906343
0.3319078429179138
0.7458435592016286
0.10316504397984834
0.03732714903079056
0.07328531551486805
0.01601288697982022
0.04202839181562859
0.008686263724475302
0.2552430042050384
0.99993400191536
0.9999661360192874
0.01443038931265706
0.6265988109207938
0.20657942494978396
0.8447740157109835
0.5400072443312002
0.04058669395586179
0.057978817854479246
0.20982130767626955
0.26209824867010445
0.12280640667464764
0.14022935914545404
0.2564666613432662
0.035457603217071934
0.04283243132505446
0.20068244342217328
0.1118042038768499
0.3256734805553724
0.12415442688916126
0.09141155071599391
0.4068210439670912
0.4173255484209988
0.14482051186757636
0.14948065164530366
0.2137238207656103
0.03857083999952901
0.2818070645598395
0.5630884380218998
0.14571643378473026
0.3250722344766318
0.018687936145994805
0.37401335473448266
0.01801065561114366
0.2175440550816221
0.18486620957980587
0.9992103718560512
0.6936113287325788
0.6905890234424563
0.6390691314993816
0.3120281930563321
0.240214541727736
0.6845942296090531
0.06158651734956624
0.07929713666217103
0.5360460226471935
0.2620139635700293
0.8675323712464451
0.17234330932337244
0.030382633794436176
0.030084419382613536
0.5273883557962972
0.1286019031435324
0.11065416341548973
0.2632367742307086
0.04788731895144198
0.4007311902533452
0.882262890269528
0.18160874129707497
0.2561409822417505
0.05313045558303871
0.14557709975294092
0.07653737503141797
0.08180679260416708
0.12780263240920048
0.8816362924547837
0.4328400293048544
0.06333527877760695
0.12493608187527612
0.35838395612302737
0.0876170430786574
0.4796994615981152
0.04381711870210853
0.07944973533206025
0.05910739182624854
0.24131400740466252
0.021220621230200108
0.18714111252996568
0.025631030018127703
0.029481141621675477
