0.011124845488257108
0.014206787687450671
0.027607361963190184
0.026204960224613945
0.025732031943212066
0.02553191489361702
0.022975929978118162
0.02042740414833438
0.0213857998289136
0.020526315789473684
0.02048780487804878
0.019002375296912115
0.018602728400165358
0.017510468214693566
0.016344983481133717
0.015820698747528016
0.015352511551647042
0.015080381277564376
0.014816847304156949
0.014615997874036673
0.014175420832805975
0.013623326959847037
0.013231436067069693
0.012889131622064445
0.0125997480050399
0.012600702334228464
0.012365376944555246
0.012236573759347382
0.012088015865520824
0.011848341232227487
0.011589113257243195
0.011397465339797568
0.011245245576318836
0.011041766682669226
0.010832559579077685
0.01066146107065095
0.010587456804646718
0.010531630960109645
0.010528547201808932
0.01037087912087912
0.010264323091372601
0.010097062080646212
0.009940483727997974
0.00991878990763127
0.00979739945570003
0.009732937685459941
0.009744071378257807
0.009688022605386079
0.009519543061933027
0.009446397188049209
0.00936742934051144
0.009316112640271015
0.009268419682374381
0.00921140166828719
0.009181254098774152
0.009131060493275767
0.009026497136756285
0.008946842430876125
0.008907224227649899
0.008876149969950535
0.008848750228060573
0.008855955178022772
0.008780098443528003
0.008694896095991653
0.008672505581315474
0.008634555151104716
0.008585479703259149
0.008512728165670787
0.00847902450841846
0.008439154492257473
0.008386237165922095
0.008350407855568872
0.008285822881033827
0.00826943316794467
0.008220091087495834
0.008200322155513253
0.00815648910062076
0.008106378439877692
0.008142403947832217
0.008130932439977666
0.00806977782356375
0.008070008172160175
0.008047138047138047
0.008041106402856095
0.008006853603084122
0.007979936160510716
0.007987582058661838
0.007915064051622747
0.007890352393826036
0.007884813164209805
0.007850743511591391
0.007831068316167956
0.007832108621367444
0.007820693374883888
0.007735066615687774
0.007697670365421484
0.007703849039182873
0.007710608536130937
0.007706964707220658
0.007712518010000847
0.007687576875768758
0.007688037746322509
0.0077156241388812346
0.007732806844356697
0.007739895892949609
0.007746478873239437
0.007686559197181595
0.007679271263637327
0.0076315927029428675
0.007675950417509465
0.0076770996482399155
0.007978384440875837
0.007980744869521156
0.007995964182116282
0.00796762994230337
0.008047940965257658
0.008091048668145152
0.008115397582237635
0.008033365719566815
0.008040556472530064
0.007988076107967116
0.007921565025716386
0.008110924826679959
0.00821483581489832
0.00821851583272903
0.008203995930471676
0.008164052455644125
0.008148714031066972
0.008131451443016642
0.00818593772840228
0.008150599917252793
0.008128245653646421
0.008100462011275518
0.008099297385951769
0.008119735805611102
0.008132699895321685
0.008135118928642814
0.00811717308035803
0.008161012438644562
0.00815910249872514
0.008201374072696667
0.008204388665861168
0.00819656248183386
0.008202258033388015
0.00820554210384719
0.008219650521152666
0.008222836974148622
0.00824479226170075
0.008205844070098658
0.008214131313321178
0.00823145578639466
0.00825082508250825
0.00820587965930946
0.008321069748006032
0.008318715301010905
0.008321800240846918
0.008320509608846581
0.008329320277525105
0.008346532362833906
0.008379491549495811
0.008408280559842479
0.00839195359743305
0.008370458025894473
0.008358859872280775