0.03463855421686747
0.026402640264026403
0.019422863485016647
0.016644765659220323
0.015195369030390739
0.015226848974518334
0.01345860843067547
0.012930039251904871
0.013713539399216369
0.012894534257120862
0.012679917751884852
0.012517826018063699
0.015404737683476239
0.014632163663460237
0.013645949634040441
0.01333021515434986
0.013327458971252341
0.01284840949124443
0.012771635531833778
0.012486328837039738
0.012980314622195479
0.012759569677257944
0.012712198973549152
0.013983399386824198
0.013965877186667627
0.013742215001353912
0.0134412110139632
0.013543877168892772
0.013501955034213099
0.013409398341469153
0.013263964324509749
0.01312026913372582
0.013168907985045478
0.013075456278943067
0.013070517550332034
0.012873326467559218
0.012752658904178638
0.012795275590551181
0.01261313306373965
0.012516593969277451
0.012322230972344467
0.012545858055165542
0.012414157422081353
0.012178387650085764
0.012053758924821504
0.012033694344163659
0.012608384376740117
0.01298550275215133
0.012914988984274102
0.012704309063893016
0.012613337233109097
0.012492458388046988
0.012921776484445369
0.012730227518959913
0.012542495956695382
0.0124634858812074
0.01232484076433121
0.012481231231231231
0.012390310221233469
0.01228358936844672
0.012227891669937502
0.012143941423341369
0.0119488485129036
0.011984824969822384
0.012103045556089698
0.012124937140302845
0.012256052115825214
0.01216922574322117
0.012116316639741519
0.011951142466041908
0.013051744514670366
0.013093873391924596
0.013267541099166688
0.01329574935142686
0.01322489741434716
0.013195006499399113
0.013093765912562741
0.013083307421846971
0.013012562218535199
0.013103706476974916
0.01306405077899596
0.01295172538719319
0.012889607473277644
0.013024409692996057
0.013262308737778948
0.013150198227864555
0.013080304492334084
0.013390965336045427
0.013333333333333334
0.013535395474361635
0.01348982075452239
0.013474455526155098
0.013502430437478747
0.01339197664786399
0.01333281277451344
0.013301745732761132
0.013253313328332083
0.013253241800152556
0.013427362482369535
0.014031300593631947
0.014022071779653159
0.01408087286667404
0.013958488984456147
0.014021831919646911
0.013950561797752808
0.013905024038891173
0.013914445437498904
0.013905387464188387
0.013947340962053493
0.013985165673090254
0.013924508167094098
0.013829206738967328
0.013770091969986959
0.013769884689840922
0.013726767196032262
0.013702715689360927
0.013668401291087543
0.013629736415313795
0.013679046040874679
0.013588356517259145
0.013601409804549824
0.013616871479774705
0.013614649681528663
0.013679133391318099
0.014078765834692086
0.013954570121714862
0.013903430436657017
0.01381236550113704
0.01373763688411614
0.013722826086956522
0.013773980815347722
0.013745959251460601
0.013723264692442623
0.01366272258669166
0.01362916466878805
0.01361794500723589
0.013646767529906286
0.01366327832657099
0.013645976223136716
0.013835163904339724
0.01383390857223357
0.014109667424950805
0.014263140385894877
0.01422265140019313
0.01412298194334417
0.014063666598791828
0.014074633304572908
0.014137580843444332
0.014139931968251852
0.014085812250949866
0.014063549334351668
0.014066193853427895
0.014006187262593168
0.013926784167173134
0.013849135552104324
0.013765553039362867
0.013693789203993285
0.013659319039085703
0.013761010055642887
0.014029618082618862
0.014007570993477108
0.014000984251968504
0.014011492847536373
0.013963258417416432
0.013975434931383496
0.013915032524005813
0.01382951082977065
0.013844628567381913
0.01384748984908583
0.013797849261704262
0.013780191410928797
0.013978805952863512
0.013999147377032181
0.014046715361946589
0.014064297183724135
0.014141985078001356
0.014258383974791808
0.014279319606087734
0.014347138369683873
0.014375381880797644
0.01445567917433924
0.014413207899272204
0.01431130897442858
0.014241546101888459
0.014198652838661393
0.014302424500212676
0.014283442023222523
0.014253888143932594
0.014235585812741636
0.014179143408628515
0.014131450524348457
0.01417074877536739
0.014151184548215253
0.014141517128874388
0.01407651380795541
0.0140283996934124
0.014018738413748184
0.01403039586472543
0.014015389056449766
0.013980605627937414
0.014016108654453569
0.013990141967474395
0.013936124467378132
0.013949808043607802
0.013945369259725188
0.013920211525001945
0.01407541571128538
0.014059872182980155
0.014055184588226265
0.014059619664364786
0.014239875448556077
0.014223380744602483
0.014170401901916011
0.014151562294989784
0.014114088885155003
0.014093291258249789
0.014080582542306763
0.014074973806455202
0.014048991354466859
0.014105152529247449
0.014069890251182441
0.014059609078752129
0.014004097427725928
0.013912462532952944
0.013893015675787617
0.01386918975206018
0.013826944218513984
0.013763261244291223
0.013753272482841576
0.013712495269277146
0.013923164435109828
0.013900879923955035
0.013945572324204165
0.013922418641677266
0.013972193694821054
0.013984629816091361
0.013959965484540662
0.013949403569205583
0.013918511280112164
0.013909975318275503
0.013891238875164968
0.014026973650895464
0.01399030341733117
0.013976852663111957
0.013941308504447586
0.013943412982313445
0.013944041450777203
0.013936244165645999
0.01388021945530405
0.01385537734228671
0.0139424599468936
0.013940927448785946
0.013943351589590692
0.013931913520490481
0.013922888616891066
0.01388810885838301
0.013868992837421473
0.013843946760181717
0.013835407185819304
0.01379152094443829
0.013749655471118637
0.013747217918570542
0.013737342020566763
0.013700236939029253
0.013664905966125991
0.01366037324869503
0.013622310213633158
0.013600290551661785
0.013580066127677285
0.013543082202823778
0.013571855049832361
0.013583421338598344
0.013554848699817693
0.01356172528930156
0.013536905719969024
0.013590248334342822
0.013566125430071829
0.013592670471613097
0.0136171802054155
0.013846645795066668
0.013821950768091801
0.01407694119032201
0.014075017941620164
0.014060061549232093
0.014020962535814021
0.014014767627045026
0.014006978205748713
0.014189543563694885
0.014232177594690467
0.014238250057038559
0.014225459304517294
0.014212390762655914
0.014193156795212014
0.014200650980337019
0.014252696456086287
0.014244297740053792
0.014298941154357557
0.01427054340507937
0.01428126190393739
0.014250010356112177
0.014254785387814014
0.014295490316841169
0.014276757847105805
0.014285423577053783
0.014257265332298241
0.014230950299280383
0.014222687805959025
0.014177997032045883
0.014144346922738835
0.014142272187307129
0.01412748419822069
0.014092201569164341
0.014052090436972146
0.014135428631095332
0.01411610184920284
0.014345084736985201
0.014324556474789944
0.014353203529328357
0.014356620247142177
0.01433452787732311
0.014314784927373517
0.014275009842644687
0.014281271223555846
0.014285351805333536
0.014282817529718906
0.014278481012658228
0.014270726682087646
0.014268217230450648
0.01426319440065578
0.01428292535471154
0.014276909143511238
0.01424835535598939
0.014250352498825005
0.014241575141977934
0.014246955565002125
0.014259469862654186
0.01428036916936892
0.014274859555810216
0.014346747262177944
0.014354810633377266
0.014349464067377934
0.014342446827624235
0.014452507898894155
0.014528709592026448
0.014531132875382479
0.014481059703043529
0.014453263109127928
0.0144515171965151
0.014448835123275716
0.014402124705740328
0.014395116136256908
0.014374467778883866
0.014362624872883891
0.01433796373513784
0.014334385906597972
0.014319469859825537
0.014348987668009365
0.014335314541281704
0.01432522059082014
0.014321065655767915
0.014322050707643483
0.014310426167636421
0.014262431051383032
0.014240881270120158
0.01422180715529268
0.014197442161230062
0.014147111655206343
0.014132662088962711
0.014113707040905829
0.014099881742927317
0.01412501489082895
0.014248682716906968
0.014230723709794684
0.01420796365640005
0.01419295459264705
0.014142034977929261
0.01414443743334022
0.014144421400057982
0.014125832157106817
0.014111460569450686
0.014111272396866378
0.014101337109917405
0.014057652355524695
0.014061357652116075
0.014061925182431653
0.014060917873074081
0.014072730054979287
0.014047577515154158
0.014039882193466201
0.014019402287862163
0.01400485805374222
0.013998245481030618
0.013996679304060011
0.013991187333952524
0.013980436012827077
0.013981569748967271
0.014070670088149715
0.014081028994143194
0.01407348234247082
0.014089628215616762
0.014089925462851647
0.014081801446066007
0.014089758955919563
0.014074322204675844
0.014209911917648307
0.01420748225390043
0.014199717276322686
0.014213578694949451
0.014201071142411335
0.014191191565294746
0.014192455589397215
0.014190387258553577
0.014247411580856413
0.014217960131402897
0.014314408349898533
0.014291547570436913
0.014271062573120512
0.014259864700923242
0.014227569435556125
0.014203370620159392
0.014198112007328057
0.01425505902406112
0.014209124764402403
0.014182396905658857
0.014176520546155353
0.014151794666131944
0.01414442731586218
0.014108749120697655
0.014096573984598373
0.014175456011912148
0.014180396813616348
0.014151897360515763
0.014140927589800052
0.014131587214324982
0.014109200609227544
0.014086226854678396
0.014106857743681608
0.01409702326033118
0.014086009513511417
0.01408935040781138
0.01407048292062817
0.014063117702075962
0.01404378157324994
0.01403018338664899
0.014035490835284038
0.014092169373273077
0.014232846711860864
0.014205905069679064
0.014185872762178572
0.01422312258550834
0.014272769527637058
0.014292671961636446
0.014262563805592009
0.014302264447659946
0.014299965201252755
0.014281281981226876
0.014252527445121304
0.014240185693495201
0.014284139046376359
0.01427655971071543
0.01426939596088824
0.014264438645151594
0.014285260064408582
0.014249578033295775
0.01424244202581245
0.014241405115905832
0.01429143008707927
0.014413340740873493
0.014430472578971846
0.014399457902761308
0.01441612255707031
0.014442354778041943
0.01445146700940317
0.014423267424812775
0.01458773505756467
0.014607145361475352
0.014594263728576425
0.014697111512592238
0.014755806381593227
0.014800372608912286
0.01478507995968492
0.014786576810330312
0.014773207342202143
0.014792415822164106
0.014936894515419352
0.014974934933394874
0.01499844343706155
0.015018517730194542
0.014992885811973073
0.014973715448533152
0.014949857096954221
0.014946604195686126
0.01493481037469808
0.014913694094681974
0.01494773957939806
0.014997489959839357
0.014993423936869794
0.01498007104381035
0.014965607762344653
0.014963711133150471
0.014945218814075347
0.014940185501445224
0.014943013232170456
0.01492765163861715
0.014902841535449265
0.014968080957366011
0.014977634001238228
0.015012568471559228
0.015017039743055386
0.01500828578192475
0.015000713543047033
0.015002033346888979
0.014994537472128923
0.014986210253082414
0.01497179139789295
0.014958205015398152
0.014945465977702719
0.014933423497399732
0.014913380259055701
0.014905246935876134
0.01491526510461123
0.014904888803527557
0.01490275423051086
0.014899253239358961
0.014895729890764648
0.01490890551187375
0.014910936411583243
0.014890101597439014
0.014883680328226616
0.014868548246517599
0.014862651060091644
0.014861458967045642
0.014850235141874191
0.014861083743842365
0.014845860183135638
0.014868574525489826
0.01484611073442785
0.014915802931551517
0.014912554653341662
0.01489872608485491
0.014889757404004857
0.014875840360626433
0.014880074516805092
0.01488802993098213
0.014870952150797487
0.014863685174169326
0.014858726317698866
0.014865875567686768
0.014853447778141298
0.014849105862359324
0.014840042389150834
0.014827990707588036
0.014820318004963083
0.014808978708268474
0.014798887887444432
0.01477994014829499
0.014779845457455077
0.014789524910274347
0.014780325280996941
0.014771065532159932
0.014748861037070644
0.014734918699340458
0.014733888698236233
0.014757998143506217
0.014746993376986435
0.014745800839832034
0.01475618025091875
0.01475107329872327
0.01474662648485143
0.014739500067235428
0.014728650358703074
0.014729682360925695
0.014750755399431404
0.01479049278118465
0.014784247947869198
0.014766089447928158
0.014761156795712833
0.014762461590671835
0.014760704918515898
0.014757190178049507
0.0147458398813283
0.014736625906826967
0.014714602595919443
0.014705237141143952
0.014714198672693905
0.014792156005899382
0.014791242362525459
0.014772298219627661
0.014760936610964335
0.01475006334383031
0.014745400426050569
0.014766690621761096
0.01475763300979275
0.01476971847475639
0.014778520061445258
0.014770517902514583
0.014758452372406862
0.014744938371605421
0.01474470806122851
0.014881600897325526
0.014881834378894074
0.01492223398604739
0.014926703044862084
0.014921336479162441
0.015000053229429487
0.015008089466662882
0.015007305068156996
0.015011842123923928
0.01500132802124834
0.015004544152542073
0.015000882612533097
0.015004301044942395
0.0150094469981106
0.015016718519327595
0.015020461637071837
0.015024460876655326
0.015032946035938575
0.015037963658839809
0.01502699176040998
0.015018150728131527
0.015012431678224107
0.015010502109159028
0.015031377870490848
0.015025146251712937
0.015008664187215897
0.015027767570528242
0.01504628828217503
0.015062414751635906
0.015056275803127735
0.015050144203302565
0.015041807629892455
0.015045923161873144
0.015067349856680599
0.01506043653736403
0.015053037049168022
0.015045637753102992
0.015047740119715701
0.01504873002985967
0.01504292165611142
0.015063492009785179
0.015063519644100685
0.015050251849652673
0.015038480719205317
0.015038733580330078
0.01503210348494434
0.01502773575390822
0.01508192984338125
0.015079030064255898
0.015087382344182373
0.015071768737017172
0.015072357330039558
0.015050590500043298
0.015057101083405217
0.015055939656406347
0.015058887738903846
0.015194035303299514
0.015185598067709785
0.015194102672889266
0.015200580711238684
0.01519029251576804
0.015181081528030427
0.015185278247989844
0.015172973883073022
0.015177977104519123
0.015248001946273642
0.015239877844547335
0.01522772731744106
0.015220515775447465
0.015218543653104898
0.015247834448351634
0.01523360253849938
0.015205047113543804
0.015200671552056629
0.015208203310686487
0.015204621740253034
0.015200291309377648
0.01518935200679659
0.015182449833931907
0.015243149245542719
0.01524883471352373
0.015235262130953523
0.015296171807418898
0.01529021801774837
0.015273191830145328
0.0152565440707594
0.015299092507245688
0.015283414887026009
0.015273172409223847
0.01530655604062863
0.015303717021102723
0.015286700162878206
0.015333703122208955
0.015409105977869934
0.015391387691260626
0.015371719526103566
0.01537719557540022
0.015369266439986823
0.01534134254578834
0.015319183183257548
0.015328746649538656
0.015317657872739443
0.01532213402252169
0.01536770755307784
0.015372121174974334
0.015397122284568649
0.015392684206032663
0.01540837211568919
0.015383773962134585
0.015415527220743429
0.015546551838999013
0.015561216010829397
0.015591558521926289
0.015597455469204368
0.015593644604502691
0.015562672397491964
0.015598216319240497
0.015594279404239273
0.015578127938248648
0.01557565573868173
0.015609437019638158
0.015596757773893017
0.015570852264985871
0.01556096709383627
0.015547928616576974
0.015541734127229884
0.015579632337150776
0.015591697736546986
0.01562715071004548
0.015674109505334342
0.015666391151584892
0.01568101273207228
0.0156764835267281
0.015644977567008393
0.01562790103973264
0.015628348828453095
0.01566232309035911
0.015657764760930976
0.015696398010867623
0.015699016329279312
0.01568567708258479
0.015678247113979506
0.01570748147256564
0.015707360625432817
0.015689130714193908
0.015664240776056944
0.01563286370292441
0.015615242247731944
0.01559285726429369
0.015598121321865097
0.01568202409883401
0.015688494259379727
0.015695300402710215
0.01567956467469812
0.015665533025924328
0.015677682736081614
0.015670021267854797
0.015644121328356502
0.015659537980991407
0.01565692081483808
0.01566128347616683
0.015702271211488063
0.015688962720746966
0.01571446310067466
0.015731197637289827
0.015843457834672416
0.015922072147489825
0.015914581145444025
0.01591159433791656
0.016002058424210572
0.01599855602776365
0.01601107261901837
0.016023264941238034
0.016011712170153014
0.015998956235271092
0.015979374448741434
0.015972103684557048
0.01597034311072627
0.016192571991737657
0.016186938777712143
0.016194462764310805
0.01621248242886209
0.016213909827904993
0.016203709909624907
0.016191243505702668
0.016222959508048702
0.016212525702947272
0.01620636747219026
0.016199115008927074
0.016185874435886396
0.016169566821205936
0.01619742400496424
0.016185121130177532
0.016172257158201343
0.016167648846489257
0.016206736254912733
0.016190209908260752
0.01617185359994943
0.016153295882513834
0.016215875483928582
0.016230358248748283
0.01623219113601737
0.016237447465926497
0.016237936654519388
0.016278261596628336
0.016278074196276613
0.016270422770248073
0.01626272191812184
0.01625325233999527
0.016258030340013815
0.016277054929548236
0.01629148378499597
0.016288847268742666
0.016276109052518268
0.016261675479812467
0.016267030395089668
0.016267001777913105
0.016272940182258992
0.016254349710276506
0.016247967719813735
0.016247899752459372
0.016248463744367062
0.016235359048261483
0.01621920940285444
0.0162014504349776
0.01619655759525403
0.01616917950176779
0.01617944008685858
0.016170275251655764
0.01614166464548468
0.016134160312085227
0.01612691752982824
0.016126188749194068
0.016117146098106334
0.016124334638947475
0.016106346010645634
0.016090233468586748
0.016085965157909474
0.016080261479034484
0.016059151123542288
0.016035914076964423
0.01604093443783455
0.01601683738732932
0.016002375855369805
0.015992088020768947
0.016056545892944845
0.016049881504328418
0.016024923834277158
0.01601684483635497
0.016003140757462366
0.015986708781662824
0.015975918652031865
0.015956316194524867
0.015952075477220728
0.015937487063728033
0.01593980134834084
0.015971517743164597
0.015965916113506323
0.015964734760274803
0.015956649731961155
0.015946731643767868
0.015930342097591414
0.01591880136261283
0.015904663302049277
0.015906028824423667
0.015899483212813634
0.01588301818077266
0.01587100263479703
0.01585443355520621
0.015855613121128955
0.01583063131794774
0.015814002199298318
0.015804994054696788
0.015802395195349355
0.015797011607276458
0.015796918461699117
0.015787364892257575
0.015782904537585053
0.01577914871161405
0.015796518144713133
0.01579782561467474
0.015793262139359256
0.015803499834913446
0.015796924946939198
0.015793463215284513
0.015794483682559084
0.015788645422537693
0.015779407450865358
0.01577550388760188
0.015760718107964432
0.015763240021258014
0.015760100153271946
0.015758069081017106
0.01575852515168165
0.015749042982298383
0.015737210745633477
0.01573699007936046
0.015734355282580454
0.01572685523383228
0.015717795603573115
0.015719046446017484
0.015707778670294516
0.015704619497118034
0.015690218990959005
0.01568177028939026
0.015675656912770314
0.01565832680517908
0.015650680504515152
0.015633968727452114
0.01562446020299822
0.015610335118423233
0.01561415045318054
0.015602928104334963
0.015599252741401707
0.015586897929997616
0.015576416714367488
0.015572367457527827
0.015707069552695938
0.015728169068694422
0.015717517548076376
0.01571205121841823
0.015703376123497738
0.01571924818418715
0.015700036522263837
0.015690336266819573
0.01567618103329236
0.015657806415451687
0.015654998260806716
0.015642662298544035
0.015636061921961732
0.015624261174420255
0.015619268790491171
0.015607024733966062
0.015603531112767506
0.015594926713714652
0.01557704972380641
0.015574064123231238
0.015566065172551108
0.015562732586077802
0.015557779336409894
0.015546134106883856
0.015539062796094946
0.015524554938264733
0.01552036853642524
0.015518395839219098
0.01543501390212989
0.015423062560626115
0.015419499131218083
0.01541557621949874
0.015406560796167321
0.015403122927540766
0.015391895758589572
0.015372984424826217
0.015366549604916593
0.015359296658602433
0.015356632397328786
0.015352186281648441
0.01539876643820502
0.01543566762807786
0.015477345308293458
0.015466398367556713
0.015457449607800924
0.01545286008315421
0.015460896219656742
0.01545713064811059
0.015455361051276605
0.015442344397172942
0.01543624306190714
0.015433551725180421
0.01546202755514912
0.01546578311280392
0.015445277193706652
0.015468531648667272
0.0154528603113716
0.0154630572648768
0.015560230221358476
0.01558134078450611
0.015594371622888506
0.015589953991973068
0.01558088110222827
0.015573189319543334
0.015593198778833106
0.015584630111225
0.015599917939694135
0.015577790774518974
0.01557407653510021
0.015587070128118679
0.01559874049004781
0.015595435318257887
0.015587363933160443
0.015572903022999948
0.015565399801533302
0.015578532618925126
0.015573335339829365
0.015563674321503131
0.015589267212714905
0.015577556656073372
0.015622497561259701
0.015613313388182498
0.015602109885002137
0.015596045022075742
0.015581748277953876
0.015590412196195716
0.015596228004260837
0.015583183851879344
0.015568608316296804
0.015570261602611705
0.015570596231878692
0.015560636971202343
0.015554998911807099
0.015551142331932773
0.015576081433278148
0.015570987370062689
0.015564600249524472
0.015565307281515712
0.015559325286251166
0.015566519744718866
0.015559635420381166
0.015556229925884891
0.015557092862374867
0.015555654993145587
0.015553793930524218
0.015564415719998944
0.0155589657398273
0.015551639026744843
0.015552600748340962
0.01554774612369735
0.015543045003572998
0.0155605704599682
0.015556533784575123
0.015555138383404084
0.015552372498386055
0.015554072230747978
0.01556024330635526
0.015542467726298088
0.01554402061005605
0.01555956323045404
0.015552733833474643
0.015542855766393467
0.015535955355942878
0.015534732067480935
0.01553478637413395
0.015532007839145228
0.015537868548831156
0.015530212084833933
0.015528180067703345
0.015526169059176908
0.01552154260684418
0.015521923169075953
0.015520568695030903
0.015519578913788978
0.015518863411678413
0.015515919253483114
0.015519157019461669
0.015516249669115379
0.015514624408429102
0.01550962467543312
0.015508236079753235
0.015507140714488627
0.015503506556426568
0.015499752916870915
0.015499585381627446
0.015504983177807402
0.015505290401911884
0.01550731585557673
0.015507130705505131
0.015509612873097411
0.015512956484574106
0.015506067591666305
0.01550580627821124
0.015497538521691221
0.015490812073756
0.015493996914615333
0.015494688183451429
0.015495484837730195
0.015499153175640639
0.01549814625377697
0.015490882734116182
0.015494608301738145
0.015493803462973353
0.015493517636594064
0.01549019183855603
0.015494566189492472
0.015482282826974152
0.01547606202979863
0.0154754085503936
0.0154751730788832
0.015474319839183062
0.015476983349657199
0.01546793285942442
0.015461951472357238
0.015454358934276475
0.01545255156546925
0.015464913599091195
0.015467670129733253
0.015461916715917758
0.015461043240229127
0.015456504709830041
0.015460251331386026
0.015449848343852572
0.015452328254519004
0.015456097836107406
0.01544932082461163
0.015459224184959338
0.01545494587373319
0.015451481146749312
0.01545056555778306
0.015454323371683166
0.01545706220822929
0.01546087961257653
0.015449930565374104
0.015451012738372532
0.015452833438816729
0.015442089264789485
0.015442336240489888
0.015436802991930981
0.015431097725780918
0.015425250720616778
0.015419411066035262
0.01542707263347164
0.015420317766008666
0.015415166553456627
0.01541171967710976
0.01540481114451116
0.015400722299062548
0.015393918451969591
0.015390962294924686
0.015387211585665195
0.01537936796277986
0.01537677700608712
0.015364892273544832
0.015356701062464988
0.015355387191229425
0.015363686214717115
0.015357442908424349
0.015386433782668291
0.015377845844381458
0.015381568020965863
0.015372436182885939
0.015375539951666
0.01537171125832349
0.015302940387137743
0.015293973241684055
0.01529128183638838
0.015289140804250693
0.015292741372478725
0.015293456279617278
0.015297665182536673
0.015288376387240217
0.01528973645595324
0.015283871562775867
0.015283058267129949
0.015283305104022349
0.015334439871421275
0.015336819059304244
0.0153476795747855
0.015341993935082924
0.015355380742370002
0.015370071796749624
0.015358288530549559
0.015349249969238112
0.015336886366260339
0.01532830016014642
0.015316664560772393
0.015314410472242282
0.015312481452905216
0.015311568740826401
0.015302003481094693
0.015298496418634937
0.015310017691000882
0.015289966858821532
0.015300997642739582
0.015306300851536059
0.01531515792377362
0.015311045234756496
0.015307987151208385
0.015332235116285042
0.015319030442038849
0.015318043978259914
0.01533588626646331
0.01533200144034539
0.015313628216500754
0.015324308309403345
0.015310759054510091
0.015301749629238734
0.015287152031926378
0.015282796187017703
0.015273002886693648
0.015296529888459406
0.015289629210210693
0.015309486859387223
0.01531197886210556
0.0153039325660327
0.01530081819377553
0.015299254204100438
0.015289118030912601
0.01531989161876956
0.015333841531769875
0.015325086832002925
0.01531928453910562
0.01530774366536112
0.015306186153618385
0.015298319911878255
0.015334065476370588
0.015327938951384778
0.015313497828086763
0.015308078405759032
0.01529694008003986
0.015288613754440144
0.015284870490892425
0.015281919578898216
0.015274191353344256
0.015268469709411672
0.015259700734138222
0.015244348348602351
0.015235340076440652
0.01524848437975142
0.015236991580851044
0.015230795686245609
0.015252148640523632
0.015256427768379687
0.015247691955365275
0.015238514358361798
0.015244338539795068
0.015239523045812706
0.015255846361538126
0.015242061897280924
0.0152402406317191
0.015231599491585462
0.015390534154300459
0.015409966022954844
0.015407816842582231
0.015405254486644227
0.015403181114270472
0.015410510050632563
0.015410876320267877
0.015412146292361033
0.015410455523025429
0.015403134546466123
0.015420636894602777
0.015416051687400253
0.015415826366768845
0.015406160067246802
0.015398800186797266
0.015416205052453053
0.015415697381262894
0.015406423185633651
0.015401970086899537
0.015391278105237672
0.015388101481053655
0.01537956054020834
0.015372132502781171
0.015379018782223778
0.015377924557791233
0.015375918022266814
0.015366791175163439
0.015427724813192475
0.015420986496052457
0.015411660006158573
0.01540565578426334
0.015398778705901232
0.015390691990358453
0.01538513439431892
0.015380335828444265
0.015382645194882225
0.015380314141063688
0.015366808098277585
0.015366992923715059
0.01536203917244347
0.01535822703363791
0.015349132330872503
0.0153416734602133
0.015339073822330915
0.015334226838666443
0.015328435377794446
0.015320350571376472
0.015314345328455926
0.015307094191590955
0.015307519213690965
0.015304428490629312
0.015289194913488987
0.015281195986292382
0.015274962640493378
0.015271212882237694
0.015265526073897513
0.01525776757566597
0.015251134124661588
0.015244458747068054
0.01524612213150506
0.015237536540258913
0.015233504766163962
0.015227560908588286
0.015219307894488728
0.015211947403654636
0.015209081508254564
0.015207637341858902
0.015200974341032564
0.015196826365578273
0.015190253181875876
0.015186390410676773
0.015182606289772204
0.01518057492250021
0.015175817396668723
0.015170572345067633
0.015165682077742812
0.01515542063639304
0.015147488269842833
0.015149700697033874
0.01514659582841401
0.015141135904764402
0.015139252948885976
0.015137718352948113
0.01513794588258023
0.01513611538014596
0.015135648132997349
0.015135133366810662
0.015129050556039605
0.015121629432722546
0.015123480962263904
0.01511606483391242
0.015114183377820363
0.015107914840672323
0.015113694426092927
0.015108245947282143
0.015105430936156523
0.01510525939734854
0.015103896103896104
0.015097669333791822
0.015089434478466356
0.015092585243057524
0.015090618198777075
0.015080457687522952
0.015076091824312198
0.015070026834599671
0.015093242915960281
0.01508880465879551
0.015079865404986207
0.015077287409280934
0.015078815592445297
0.015074568263592537
0.015074916451398745
0.0150748119262224
0.0150708038885563
0.015067967893933828
0.01506672889671576
0.015063383859835838
0.015063734883393042
0.015077904374722685
0.015079006627395584
0.01507228840456538
0.015086344739366805
0.01507712652967351
0.015072209367270406
0.015069222747031602
0.015079266486378013
0.015067414389690968
0.015064551004833376
0.015065503570611705
0.015069275817740323
0.01507105833553995
0.015082098150117351
0.015077748600715243
0.015069039398187854
0.015077642502784247
0.015115209412746532
0.015110775491633385
0.015112972270514466
0.015112392603587162
0.015102346873513316
0.015095450274412654
0.015088321884200196
0.01508676579913965
0.0150892687544446
0.015080302296076393
0.015083792756082163
0.015071153686642075
0.015072696788078228
0.015064430130110421
0.015063208332227428
0.015065052572462637
0.015058208134019768
0.015065053996218552
0.015060808129537267
0.01507490811395735
0.015066893216248203
0.015080898614829473
0.015077573698113675
0.015089201485219831
0.015095437778531106
0.015102819811682607
0.01509377395346537
0.015102386180104564
0.015105875312520726
0.015100929762257078
0.015103883481686965
0.015107279227644967
0.0150953316545369
0.015090317686048904
0.015081699572053514
0.01507172522271843
0.015073782926492897
0.015092918362285157
0.015097254835970905
0.015087326767778655
0.015083490803103465
0.015075399896505456
0.015061967845031594
0.015064889165131842
0.015053694707236002
0.015048847152446008
0.015047105834554821
0.015049044914816727
0.015051352118189528
0.015045243380274857
0.015042870285746331
0.015033642830207824
0.015036911121168683
0.015029803993931813
0.015025851903365283
0.015026587709227143
0.015025480351817598
0.015019927473353324
0.015028805839592194
0.015033037406213113
0.015033651694788847
0.015049751805563711
0.015051986690684834
0.015071832576633696
0.015074742782976281
0.015069969322759391
0.015056497471593848
0.015056801600711161
0.015112521440310325
0.015177015401019367
0.01517823046446131
0.015174120463844766
0.015168515917045645
0.015159805402576394
0.015191851724199405
0.015181566131192823
0.015206533177216878
0.015201281853830753
0.015214345630757714
0.015212090510461636
0.015202062156854355
0.015195337030452588
0.015193695684195022
0.015184461562906424
0.015175789288023987
0.015171139737196093
0.01516877185051678
0.01517077755733765
0.015169273504023067
0.01515727982580396
0.015154129620963968
0.015157999909434712
0.015149922936808183
0.015152156060789493
0.015146059619205612
0.015138977915039917
0.015135344487429437
0.015135835352851705
0.015131148256448304
0.01512613595056343
0.015124205997354536
0.0151223679698715
0.015145729737577584
0.015139445699535544
0.015140900737827015
0.015139721730610067
0.015136652955247841
0.015130124281612317
0.015127171880337426
0.015132275438363058
0.01515409722422807
0.015158449102980729
0.015153111062694518
0.01515262974935055
0.015154049346544704
0.015150576145625401
0.015146277170390217
0.01513947778228743
0.01513373091561877
0.015132410388094208
0.01512997811061398
0.015123940469504339
0.015121508792776347
0.015121194776653598
0.01511888958020925
0.015120056284667444
0.015120693360074494
0.015136678205645796
0.015140006437077566
0.015134532353529866
0.015137182052014862
0.015137791619640842
0.015144614145729252
0.015141049098159212
0.01513898080741231
0.015137667655693271
0.015127060757535397
0.015125040407967383
0.015118738240744167
0.015115453612984636
0.015113095788328486
0.015112952578117003
0.015114248993425991
0.015115335936601103
0.015110170935317167
0.015111766917559928
0.015103277786912665
0.015100889871337075
0.015096835599015356
0.015093207349021929
0.015092369489276027
0.015090651405811081
0.015089745166996857
0.015086002795850607
0.01508851789218491
0.015092543687455691
0.015093513700516108
0.015096295187570514
0.01509236362815171
0.015098032855778954
0.015093999190889471
0.015094350255423343
0.015094360884251212
0.015097840993250112
0.015096065873741994
0.015093787460112893
0.015092396976456986
0.015088461235645435
0.015081773731242623
0.015084959977531245
0.015078007356563157
0.015077871484704767
0.01506692910628104
0.015065399151162286
0.015059815257683486
0.015060906844569314
0.015069883439064829
0.015075636614575257
0.015071736271835662
0.015080852061166038
0.015079959340581196
0.015079340745716603
0.015083048703704735
0.01509301069581243
0.015088386560958
0.015081245203696907
0.015075160442778998
0.015081949004880149
0.01507671559037288
0.015067991747820492
0.015056670248950244
0.015048936028874471
0.015051446291565409
0.015058941920644048
0.015049596831547534
0.015038786853719137
0.015037832368627461
0.015035688410288621
0.015033411405729991
0.015032492644083751
0.015052281296900815
0.01504108610217935
0.015031585826812735
0.015021020650302794
0.015015002666074511
0.015009740713442184
0.015008039532036234
0.015003641062423688
0.014997599563407772
0.014987803961491948
0.014986997519694933
0.01498453499894898
0.014984538030170962
0.01498113557307512
0.014978217217525399
0.014976147383702324
0.014971123521637281
0.014967294747165068
0.014967173910974614
0.014964766001399846
0.014963925159992935
0.014985759861143366
0.01496923202038548
0.01496575597661516
0.01494247121532009
0.014927228074536175
0.01492194736003586
0.014898397350797012
0.014893023744512441
0.014886096259563768
0.014878294181579486
0.014872062354310787
0.01486204993143795
0.014867330239047032
0.014856461253920176
0.014870863923830331
0.014888334151177763
0.01488039581318558
0.014880578882020747
0.014871237335503279
0.01486223909120713
0.014855117332257415
0.014848034142097323
0.014832683977220951
0.014817428585830983
0.01480860242406898
0.014819462258419337
0.014827682394638978
0.014832374751550128
0.014835374307601184
0.014824128219219967
0.014841450766290586
0.014831240905464149
0.014816166144751935
0.014830761243361096
0.014821277454209143
0.014817383112762575
0.014822374559301259
0.014832496544739586
0.014871943286376163
0.014862584566348452
0.014852470403675525
0.014866794457983619
0.014859615159743786
0.01486882736071827
0.01486345457020438
0.01486014551961951
0.014866258005181782
0.014856494482445791
0.014859982924904452
0.014856448310166099
0.01485028519561428
0.014847465491242315
0.014847193075346446
0.014836944209897646
0.014829554663161118
0.01482110706588858
0.014821353542284223
0.014812884140571535
0.014808655235514081
0.014800813518982537
0.014792880453793551
0.014784342194720043
0.014779390498908406
0.01477501850712988
0.014764738870557516
0.014763115959794067
0.01476117390244867
0.014781522141044766
0.014777917099924561
0.014774523276146423
0.014777629138786249
0.014775210720073678
0.014771899445815391
0.01476657602480368
0.014762603267737286
0.014760175710331868
0.014761336818331769
0.014759422304113338
0.014765847341437887
0.014759129188589718
0.014788246829237435
0.014816556319851557
0.014862102962952676
0.014858299237592746
0.014861500646015189
0.014855071094465504
0.014858326704459638
0.014857444761024208
0.014850968675328789
0.01484536548719482
0.01484472634785066
0.014847253653448607
0.014843988191055967
0.014834678521371315
0.014833550055245297
0.014833416833667335
0.01482806579179618
0.014825084523502664
0.01481823251533589
0.014813916808102724
0.014811011246623639
0.014807941362700272
0.014806649697462983
0.014801886757145513
0.01480893149263855
0.014807769497914522
0.014808878097543403
0.014804989382305503
0.014802107401800654
0.014794894057413244
0.014780944807534604
0.014686299410449981
0.014683113925518541
0.014683572406477793
0.014680337741461845
0.014672746021049416
0.014675989367294952
0.014666537095649242
0.014661909281818495
0.01465349064623761
0.0146519202179312
0.01465004111387931
0.014649583053160109
0.014640378312966438
0.014634020820671672
0.014624017668800586
0.014621042454504289
0.014623595931719037
0.014622525562209632
0.014616480849097882
0.014611682505557862
0.0146037612863614
0.014598522335763574
0.014588788282160427
0.014582462791573115
0.014578995433789954
0.014570732235570108
0.014569992409054636
0.014564647264158858
0.014562670167250097
0.014558217684413607
0.014549776381409307
0.01453838093759702
0.014531483871749656
0.0145275312039693
0.01452307021844528
0.014516421702050445
0.014512801785744515
0.014507817107718488
0.014505341053086793
0.014503182683112945
0.014497894999764704
0.014492561377528933
0.0144891897625798
0.01449069230361267
0.014488248179931896
0.014481305316394726
0.014480837478511685
0.014478297593808732
0.014465839703831916
0.014470552473774828
0.014463380488004015
0.014456668990517011
0.014455235554361283
0.014449643854405331
0.014444369883237149
0.0144473279991565
0.014444423157057806
0.014442183385204692
0.014437491774446346
0.01443940093654512
0.014435593526405858
0.014434806099530354
0.01442700494517308
0.014416341065806778
0.014411315303881704
0.014407074666437775
0.014406333208582537
0.014405626404634967
0.014397167005232086
0.0143866661907991
0.014385468714132965
0.01438018513433354
0.014377915445833006
0.014369689133627543
0.01436957283017076
0.014367972961105481
0.014370460680180459
0.01436596644582505
0.014366604278708332
0.014357799196768134
0.014352385853459442
0.014345231339613362
0.014340187145586695
0.014332415224472303
0.014332627443759016
0.014325755216443475
0.014318824314415259
0.014315022406993009
0.01430675808861712
0.014301366703188973
0.014300068476549722
0.01429606352551558
0.01429157492967647
0.014290716968360886
0.014281638178929681
0.01428292999074809
0.014284372541883372
0.014281121368997611
0.014276549655957788
0.014272501022813728
0.014261788198917805
0.014257684914411746
0.0142528848606538
0.014255718605426461
0.01424822467050469
0.01424297051981994
0.014241097707969315
0.014238976615151812
0.014236083962436996
0.014236813080472796
0.014232043014261175
0.014225372287833493
0.014225396873439367
0.014222432183678005
0.014218952089400862
0.014212566619589792
0.014211357932893392
0.014205544969711326
0.014209890399415958
0.014205804357560305
0.014200036404404237
0.014199754025485371
0.014195382590642841
0.014193620108458389
0.014189281473027749
0.01418292866314243
0.014178690344062153
0.014172851715946799
0.014171940873457143
0.014165541593104165
0.014161551715786341
0.014155314293617315
0.01415104664062401
0.014158584901424149
0.01415436881918798
0.014150612395618958
0.01415494463307487
0.014149729868793414
0.014153667404889261
0.01414928702741037
0.014147831763327838
0.014159436145495747
0.01415045153335709
0.014145433055715896
0.014139723775751513
0.014141090426292928
0.01413982628115361
0.014136825624468911
0.014135556361000362
0.014130347860855657
0.014126351605941927
0.014122952765250416
0.014119643963219115
0.014118709342016157
0.014115051458513533
0.014115308603746778
0.014113327711219077
0.014116068738524157
0.014113608983247334
0.014108650238381662
0.01410606516518392
0.014104018697950941
0.014103375599220475
0.014104521113119689
0.014102774864658031
0.01410253067997502
0.014098706806709743
0.014095429145874276
0.014093241966240953
0.014099715631236466
0.014095984249387709
0.014109050662932261
0.014106354802765049
0.014106462762414973
0.014105169789048773
0.014110433599750952
0.01410306406057341
0.014105488046731332
0.014101084048993384
0.014100824724857151
0.014101405413436009
0.014100113732367827
0.014094055559990241
0.01409310282041887
0.014090172158287203
0.014085693207223858
0.014079543924226782
0.014077807147056316
0.014075455657828476
0.014069067554389858
0.014075339588292957
0.014072692861182505
0.014067921824979292
0.014065676370849635
0.014063683040931748
0.014057465856528692
0.014054457392050329
0.014045285554361304
0.014041593730929327
0.014036856225927817
0.014038537423838092
0.014031562662544147
0.014025542070503952
0.014021025975947744
0.014015267345338901
0.01400569870196233
0.014005776425034729
0.014003176939548235
0.013997138007920396
0.013990618968485632
0.014004035023382528
0.014024423998848552
0.01402407857732383
0.014032050516708455
0.014060027583404463
0.014062375861795005
0.014066284594920122
0.014067984970629223
0.014063804984254797
0.014055663333502158
0.014050429709892185
0.014050639035245895
0.014082155059710184
0.014077254161359744
0.01408056633874553
0.014076536437226983
0.014074967119684348
0.014105051974050209
0.014107048050661456
0.014108712679791186
0.014118390304577738
0.01412169543369019
0.014120514716240994
0.014127590449438815
0.014125375805492352
0.014117775354416575
0.014114426033323125
0.014114100049123777
0.014111820936672115
0.014102420433169085
0.01409605232259804
0.014102178331397932
0.014129113484414344
0.01412623355040132
0.014129424662406513
0.014126063627987642
0.014131898440995397
0.014130308879263963
0.014156464248085898
0.014149806345469305
0.014143360873924015
0.014139204658941352
0.014139855158494597
0.014134710063728064
0.014135060209277359
0.01414473613363572
0.014154141528500922
0.014157704744218257
0.014162428642776205
0.014159132414943747
0.014172996835541515
0.014181043403107284
0.014180057037460172
0.014196430005944635
0.01420510201787601
0.014201344264084436
0.014205894558507065
0.014203309187137473
0.01420171587591319
0.014196024984833078
0.014200184054712505
0.014200466379499784
0.014223187750768562
0.01423758287142702
0.014237270089701616
0.014243434600350552
0.014257544107449022
0.014255545506043701
0.014254620083940687
0.014252717319159556
0.014263896951834937
0.014261826854928723
0.014259160885280979
0.014256230744129475
0.014246636828265463
0.014257869128972658
0.014265692843883375
0.014275036816126574
0.014277686585924907
0.01427411752659375
0.014278885672891959
0.014282474911802396
0.014286949151827693
0.014303729589240545
0.014296964987755085
0.014294554325199795
0.014304661952439103
0.014306592366733257
0.014298557750881187
0.014297039475411213
0.01429259625042375
0.014291635405900284
0.01429169319589532
0.014290849601279427
0.014286282947596011
0.014280643969097692
0.014274353876739563
0.014274824087445454
0.014271423598807108
0.014267162437327811
0.014262055080896282
0.014262966926831815
0.0142665169833526
0.01425961763037603
0.014259612287802148
0.014257240884232329
0.014273204630149281
0.014277448105186255
0.014278224069808812
0.014285105245809249
0.01428716919092721
0.01428688675315123
0.01428629294846029
0.0142887697869663
0.014286574190347897
0.014284750862449095
0.01427966998096044
0.014276976664627888
0.014273192383486365
0.014268345977875676
0.014264035790515347
0.014261069937056442
0.01425705281197704
0.01425629505787971
0.014252603354355726
0.014250040518262123
0.014245155326664686
0.014253757499536111
0.014252723845875613
0.014252537371844055
0.014272247127643372
0.014282598766371907
0.014294012717898102
0.01428875260330243
0.014303769267019094
0.014306690376049556
0.014300965327978718
0.014306148713450772
0.014298074510948307
0.014292863495273407
0.014292115703730682
0.014288504467138894
0.014292592815981206
0.014294691346040861
0.014292791803504758
0.014308788035954211
0.014309503208006138
0.014305646783320346
0.014310051802061276
0.014303235520024122
0.014298032277209782
0.014294567616551047
0.014293039353928984
0.014310289784639035
0.014304862149174195
0.014304215995489936
0.014301303948390241
0.014301702506323899
0.014299451636266258
0.014314480560168878
0.014323947187348312
0.01432802369326823
0.014322875794491794
0.014331179574881475
0.014343928610079184
0.014342370904003065
0.014340260131288198
0.014352457824316463
0.014355670207139888
0.014361871138570168
0.014361355703913104
0.014364630862744466
0.014366250240478318
0.014353142649007555
0.014355857097168053
0.01435525047031368
0.01435431710183332
0.014351596017241206
0.014364589839944887
0.01436768925182079
0.01436136297104268
0.014377531449597473
0.014375956660763085
0.014376051726157286
0.01437374949979992
0.014376722107359522
0.014388417324054137
0.014393884171919794
0.014393163621555911
0.014390305226525334
0.014385698659149581
0.014383756879426404
0.014407229614163573
0.014405092959047839
0.01439948267714577
0.014397288798992845
0.014391749790285966
0.014385430604352979
0.014389117720932126
0.014397747319584151
0.014407790438628583
0.014410141504993158
0.014410238472948724
0.014409227609549642
0.014439404092484245
0.014442354742935386
0.014465650138356769
0.01445893401807935
0.014458650196687432
0.014455330569780371
0.014469978668651406
0.014462689673608009
0.014458957523361215
0.014451297079292946
0.014454862895935621
0.014461809723594258
0.014479457362054284
0.014485545417104484
0.014490090872559317
0.01449064698175361
0.014497619068653869
0.01450333296049701
0.014498950630602357
0.014494529506160616
0.014489132660609605
0.014498034214655533
0.014503464836243783
0.014528262009690726
0.01451892495426783
0.014514579568764922
0.014514339515023187
0.014518048238614124
0.014516442242105293
0.014518243646622263
0.014515421294355114
0.014518302826186737
0.01452449657533913
0.014523175061847872
0.01452858478624046
0.0145353586432239
0.014532352003483644
0.014549249218320355
0.014546683395028879
0.014563323480836148
0.014559919781766063
0.014568573671509289
0.014569409375502619
0.014562063302709653
0.014559404033383733
0.01455739012044392
0.01456102659445321
0.014554063682124942
0.014559440262251507
0.0145783401175109
0.014593934341767829
0.01460871007336656
0.014614450633106558
0.014607108362615279
0.014603296835519192
0.014627191336823695
0.01463887411914361
0.014658456239885915
0.014660481230992605
0.014656589081805825
0.014660944667190512
0.014659023985052266
0.014656250239700547
0.014652871293771475
0.01464845621175019
0.01464841973433881
0.014643991111978734
0.014641746335976863
0.014640914863667769
0.014680700494418336
0.014678506717784324
0.014676792804449699
0.01467673223787257
0.014678321878306626
0.014673390581247671
0.014664649559336945
0.014663797607615886
0.01466168811092349
0.014658601503802297
0.014665295586820906
0.014670202936699437
0.014675052410901468
0.014673944497840086
0.014673290968903775
0.014677382824012607
0.014675689989549847
0.014671135308361847
0.014667389907010603
0.014668008923992787
0.014680571789546949
0.014698251540381676
0.014696283421575897
0.014692010699862805
0.014688351538822383
0.014684168666037058
0.014680100004998364
0.014673037233892171
0.014668963912577798
0.01466513387018871
0.014676754779260592
0.014677858396525096
0.01468865357456499
0.014682673881185887
0.014680861452480395
0.014674582200933949
0.014668626360381671
0.014667931973503575
0.014666547914254507
0.014681605153871725
0.014688911247864847
0.014698575803537426
0.014697300148516147
0.014702899546387975
0.014701979328261967
0.014702420761985182
0.014699415440548315
0.01469805836660861
0.014695055896077431
0.01469127431018353
0.014686030511293505
0.014687036020426519
0.014688102534487095
0.01468697306270967
0.014683626304688968
0.01468107418045867
0.014681414423052779
0.014677899582344504
0.01470276738300774
0.014714608469396567
0.014718317376190984
0.014715010331124845
0.014710491808751551
0.014727967573827447
0.014721404366424088
0.014717912840046345
0.01472873235789201
0.014742734703800352
0.014738049755582077
0.014740467495533262
0.014737220989095674
0.014737016895678525
0.01474491898684925
0.014740952886451261
0.01473807925091025
0.014737398323090463
0.014744026801298844
0.014751327150388304
0.01474701993816952
0.014753919210675424
0.01475141240344943
0.014745152143661117
0.014741697078618717
0.014743804742870025
0.014759184301569897
0.01475321593742791
0.01475096591876216
0.01475147254017869
0.014751794835226218
0.014767859231534008
0.014769686064248591
0.014771268563373388
0.014772084192847625
0.014769901774267869
0.014775974947069025
0.01477372603509079
0.014794573470360284
0.014788944037156778
0.01478732634542182
0.014783440435312437
0.014782838949313771
0.014783115771355689
0.01478870165022265
0.014787635696512551
0.014785972413091058
0.014785116013634657
0.014787039568021926
0.014786411936634073
0.014785999282805953
0.014788095093296977
0.014788823156752087
0.014786312068577567
0.014786463115036669
0.014811307748681222
0.01481105297046314
0.014808354472152062
0.014808986197256131
0.014808154726999005
0.014806706332449522
0.014806573168952767
0.01480762052482614
0.014806387417197548
0.014805932516537577
0.014805893379456484
0.01480582744039912
0.014806646241208723
0.014807330878119262
0.014804320429763162
0.014803091212473377
0.014801806548875245
0.01480066712322084
0.01479754716436021
0.014809560424089496
0.014822058615242634
0.014823698079862222
0.014830760469567161
0.014827274765628024
0.014835030894320644
0.014828413304037313
0.014822321708529079
0.014820688082209248
0.014827173368705789
0.014825570184918294
0.014823552400065611
0.014827736980370654
0.014829250468171922
0.01482508016823243
0.014822371364653244
0.014818392408346526
0.014814629401836543
0.014822921878350367
0.014826695911629249
0.014825045711673618
0.014820975678536179
0.01481745124852481
0.014820158768943211
0.014817244769794286
0.014811350171499845
0.014812176684800513
0.014810219309449826
0.014811611919397357
0.014806765046430102
0.014805068962605066
0.014817078913651154
0.01481455165553503
0.014809468899050075
0.014821302283401614
0.014855309287539366
0.01485596073155037
0.014851625501241254
0.014859963374764008
0.01485723492366446
0.014877787705345848
0.014882531462891826
0.01488837255752828
0.014889505959601403
0.014889163649209574
0.014883674125128437
0.014882935322548904
0.01487846358494494
0.014890514295387458
0.014889140209669699
0.014888700357416908
0.01488523469957433
0.014890088999042416
0.014889882955280207
0.014884000622437828
0.01488841378595236
0.014885822369663418
0.014881621272351842
0.014877191874096226
0.014876512841559527
0.014872990550987852
0.014874386476460498
0.014873958485697544
0.014870409251453857
0.014867630299645858
0.014864473549530603
0.014863847194682811
0.014862623261312671
0.01485607115952339
0.014851939243416828
0.014851191151991308
0.014845586521565687
0.014841351967766083
0.014840240402648266
0.01483831417357235
0.01483209093436595
0.014825900203050373
0.014822373564909702
0.014820495055192787
0.014827575706163075
0.014825154147860193
0.014820449072906978
0.014817724264501418
0.014830674089965518
0.0148292560980585
0.01483777579069612
0.014836566288144792
0.014833886812859213
0.01482901127223096
0.014823149594713314
0.014815256886296427
0.0148127012947712
0.014809597677061413
0.014805549748893039
0.014803287432871222
0.014803631893372441
0.014812464268745596
0.01480979642778953
0.014807972834529995
0.014806584149461226
0.014817525160779317
0.014816663367955459
0.01482007754951781
0.014821972142394777
0.014823935160642036
0.014823343352934662
0.014828282655025879
0.01482899381603784
0.014825431719484498
0.01483696806506204
0.01484408573615194
0.014849172450613988
0.014851091380739253
0.01484624629655907
0.014854860122714062
0.014862323902169105
0.014864170469347236
0.014868166083174697
0.014867079745330693
0.014880320656589034
0.014883853289801038
0.014881142462988746
0.014884263298336404
0.014883479533407639
0.014889145730267226
0.014886818866837176
0.014892288346920309
0.01489402897113247
0.014891899394154444
0.014896285134428856
0.014894169213910837
0.014890346582291145
0.014887199821695974
0.014883776091081593
0.014886977558146035
0.0148838178173957
0.01488223975973068
0.014876880550909086
0.014874721601208587
0.014888133965304704
0.014890203973312914
0.014889849082174257
0.014889022925293852
0.014878482963643224
0.01487227508942431
0.014867838624004048
0.014863321660788254
0.014854140892848571
0.014848909817284333
0.014844008336607787
0.01483672788092273
0.014834255815673904
0.014851851167261234
0.014849302135715852
0.014840349366383138
0.01483865500672463
0.014832443202258074
0.01482556020102625
0.01481990225598546
0.014815794695416364
0.014805767372599542
0.014802957580745115
0.014796772160469164
0.014794016879752653
0.014791913553491659
0.014788989324443577
0.014783519879329101
0.01478188339311035
0.014777105324810346
0.014772401517323218
0.014764729543699985
0.014763346003172317
0.014761075176273074
0.01475868599763841
0.01475599124190575
0.014760055568441715
0.01475820923310673
0.014754828407302722
0.014762866320181344
0.014761318006848427
0.014760184352909832
0.014757141067349681
0.01475941310681665
0.014759211449208316
0.014760364744865907
0.014760068108094672
0.014774229239060943
0.01478825085721192
0.014785267696432782
0.014790390878266314
0.014787091353826765
0.014786668275740078
0.014795016276418197
0.014808329995333684
0.014807629598748488
0.014806813296176701
0.014812492523214132
0.014817405131411068
0.014820610831784624
0.014817867489789947
0.014825903766331564
0.014830422960302013
0.014835881457865373
0.014841970709495915
0.014843958257229457
0.014853019902980883
0.01486436941106451
0.014867710170463792
0.014863493915036411
0.014860940943834397
0.014873162399896911
0.014872341088986229
0.014882200015915037
0.014882485538322216
0.01488512061924988
0.014893031123582982
0.01489182653898186
0.014922084570492475
0.014921009551247772
0.014935609110967075
0.014941686191866173
0.014944283040843836
0.014948401767119894
0.014964077224772535
0.014965003770458722
0.014965968614183815
0.014966695305328424
0.01496554984311891
0.014963552205109955
0.014964241483794858
0.014966675474911184
0.014969015003261579
0.014985845343468404
0.014987863089128911
0.014987326683336442
0.015001981654840487
0.015011734272617455
0.01501231917644476
0.01500936408742416
0.015007341165534954
0.015006329437690969
0.015004281256213909
0.01500258791193636
0.015000745741169452
0.015000822662362346
0.014997415635486322
0.014997371369229061
0.014994044327049445
0.014991121707869388
0.01498674190641517
0.01498397144370197
0.014983943465479462
0.014980789302759942
0.014995422169617093
0.014997748522013644
0.014999326498299307
0.01500790144160996
0.015011213282844684
0.015006931170775832
0.015006111632715835
0.015005658412199634
0.01499968229532379
0.015002416113426275
0.0150032799326006
0.015001526913865986
0.01499904398166373
0.01499649479519245
0.01499548850934569
0.014995786347766764
0.014994904877676945
0.014996931297158742
0.014995299681405026
0.01499292809103359
0.014990853663424434
0.014989428938261473
0.014989818463321224
0.014989078893178274
0.014994773456367372
0.0150054714535815
0.015000592054942698
0.015000991695351188
0.014999300517616963
0.014995153703122165
0.014992439075242584
0.014988900068675834
0.014982827853118483
0.014981103082148336
0.014975772609374091
0.014972684912857937
0.014968719225167399
0.014965755579502889
0.01496493799170994
0.01496377843961561
0.014959224895128706
0.014952508752571713
0.014953074994199922
0.014955897139389818
0.014951097138865072
0.01494852272069143
0.014944023342107766
0.014941450913964986
0.014938039465520562
0.014937656788760242
0.014934780594683152
0.01493164673194595
0.014930759168207857
0.014926943492947495
0.014923944900583483
0.01492376829102455
0.014921609775954536
0.014917059411455639
0.014914550572980351
0.014912855664974058
0.014910268413249994
0.014908731952930259
0.014907016537668696
0.014908914507026144
0.014910281982180222
0.014909992060094128
0.014909429473085059
0.014909209565980897
0.014909870933474552
0.014909414394573925
0.014908901859772668
0.014908693114830014
0.014908084399349562
0.014906748189011962
0.014907573516504364
0.014906812743986904
0.014906252631197922
0.014906118981506972
0.014907061881411983
0.014904415030996812
0.014904487540810656
0.014903833683245783
0.014903977642461718
0.014903735088014307
0.014901138265029576
0.0149035077797049
0.01490244494341783
0.014900797452173285
0.014899255939997896
0.014897295617376044
0.014898902545301088
0.014843700566891565
0.014840023083092103
0.014834634336332366
0.014829295386146739
0.014823073534514012
0.014835262036894881
0.014832680508424402
0.014834230395454884
0.01483021493809652
0.014826825848597692
0.014823849144894609
0.014819249474212096
0.014820099935412718
0.014819119569954962
0.014815700790569397
0.014811634729669617
0.014811365417898749
0.014808263020075648
0.014815366289458011
0.014818392326530233
0.014821289776130796
0.014816329565734681
0.01482029205444663
0.014819407099879105
0.014825608164105454
0.014826345155829809
0.014826801485774222
0.01482782967251794
0.014849510427666518
0.014855732221195137
0.014859777845084961
0.01486380637655903
0.014863045009204462
0.014871153975303
0.014871257006716723
0.01487569759976294
0.014887202267526812
0.0148859086389795
0.014882515184390979
0.014880075976806106
0.014875964279191913
0.014873906528664261
0.014870177627348373
0.014866657377090827
0.014862052937935365
0.014860047053610034
0.014857447875485711
0.014854476871764038
0.01485168682172211
0.01484828227411386
0.014847891498009297
0.014844182540980648
0.014841198257498705
0.014843644489189555
0.014840885850374474
0.014839380654503508
0.014837034095665332
0.014854348773796034
0.01485235351205691
0.014859532417597555
0.014858923999981637
0.014860060309009108
0.014856988204929037
0.01485283957863331
0.014848875619944567
0.014846195733943097
0.014842418120866343
0.014840410063359689
0.014838097243906423
0.014836577920834456
0.014834701761477826
0.01483193975725394
0.01483129657409779
0.014829633355434128
0.014828061235374614
0.014825211465073897
0.014823782005892967
0.01482535792301896
0.01482454451434777
0.014822626074492027
0.01482076489264758
0.01481896633014044
0.014817512476544704
0.014816070468882907
0.014814358871479453
0.01481439268740241
0.01481218702902426
0.014809892500882852
0.014807846495863551
0.014806902954624302
0.014806049630285192
0.014806709157287896
0.014804272406502226
0.014802937225564269
0.014800940320012133
0.014799314621904805
0.014797005429307954
0.014795463775055612
0.01479495679154496
0.014793374410052285
0.014787329946841002
0.014785911534267247
0.014782890247574263
0.014781842454589118
0.014778727403745457
0.014779673318489901
0.01477869376635589
0.014774219579977845
0.014773922346058071
0.014773391580979485
0.014773139197680038
0.014772206445435936
0.014769958240105803
0.014772522323668862
0.014772038124892514
0.014772061368876179
0.014772593600226818
0.014774345110553222
0.014775107852863609
0.014775335385505082
0.014775136098665511
0.01479930701359117
0.014802776300817564
0.01482599638709367
0.014837296959349789
0.014840041140113037
0.014834658651936622
0.014830441693646798
0.014827485314307578
0.014825463891007456
0.01482108924361622
0.014818689504464942
0.014815602831566164
0.01481339452028734
0.014812118979206871
0.014808903608126256
0.014807197327758929
0.014804860328047452
0.01480253561121426
0.014801319030128424
0.014798354475619951
0.014796929080293935
0.014795659063051213
0.0147935714691351
0.014796820117938305
0.014797170977497633
0.014805637269728465
0.014825830089716429
0.014826125504876367
0.014841576705848828
0.014841583877842922
0.014852160405717553
0.01485666426233808
0.014856726468591881
0.014852362659214914
0.014856616119573682
0.014854212105196555
0.014859417128628063
0.014872363709676819
0.014871663656730406
0.01487449666675342
0.014877095948050596
0.014884260772902636
0.01488588945752455
0.014887423239741591
0.01488842590461369
0.014889892305156673
0.014893326465694212
0.014904254245638612
0.014900323355780355
0.014898734871774339
0.014906797306843562
0.014920241361858275
0.014934837879964203
0.01493462674914464
0.014934967791245203
0.014934966839160301
0.01493216856989506
0.014929537644682628
0.014927405087969954
0.014927934745861139
0.014925064064400901
0.014929842162424321
0.014933790620923124
0.014939104821290145
0.014937038388631894
0.014939571806626827
0.014939007729084724
0.014936668113746372
0.01493221352187101
0.014931980141846065
0.014931823679692247
0.014937983261673478
0.014936836875647737
0.01493357778046329
0.014932739687378222
0.014935398765866744
0.01493284526544949
0.014935854073076819
0.014937574917824941
0.014936066573443445
0.014933758884545945
0.014932658942539551
0.014931835004472788
0.01493018741352872
0.014925460825347212
0.014923959398019243
0.014930008244688856
0.01493323937665617
0.014931791961814067
0.014932151595969083
0.014929478495140255
0.014934742084938687
0.014933885794004599
0.014936258136771794
0.014935939104224728
0.014936058457489059
0.014936710158823405
0.014935844855870635
0.014931316821065037
0.014941558165978613
0.014943336040326887
0.01494121148871657
0.01494501830285782
0.014944129483622646
0.014943701628866402
0.014961808188990646
0.014967404675843812
0.01497025670392857
0.014971339014652195
0.014976216520937786
0.014972273702389564
0.014972137985395706
0.014973204270092784
0.014973525050497974
0.014972521559978726
0.01497162139194866
0.014971099193286087
0.014970861030483453
0.01496951423980965
0.014964826573696617
0.014968873714966543
0.014971910378199803
0.014971751001198089
0.01496878319968565
0.014976146540757448
0.014971707667465672
0.014968895659638057
0.014968423653554065
0.014967668992096542
0.014964174889299537
0.014962149820480346
0.014959832432452054
0.0149578527819777
0.014955798065884176
0.014955111446816879
0.01495002154056371
0.014949127864820498
0.014946662549847577
0.014944774980598964
0.014947601900485987
0.014951136739654435
0.014949272660805485
0.014954274624334091
0.014954405447908785
0.014952672170889336
0.014963238988867946
0.014963603121116408
0.014961827648127875
0.0149911307050945
0.014996635485948462
0.01500049799574755
0.015002521705062243
0.015001868021066084
0.015009541826508183
0.015005603139199273
0.0150049351229458
0.015007701519492874
0.015005308906365289
0.015001190799116146
0.01499901095146469
0.014999129880757708
0.014997192519808732
0.014994652467914808
0.014993156516397418
0.015007888117271207
0.015004022843723467
0.01500064917690824
0.015004987082345298
0.015004902719719255
0.015000970600475774
0.0150017003454386
0.01500104492011371
0.014996992017580065
0.014995323346939008
0.014992772758661609
0.014991585589383908
0.014987038758006575
0.01499207654507371
0.014989556281150907
0.014986640480485966
0.014983908101741036
0.014982619904115228
0.01498015696146564
0.014977620548884735
0.014975693899952956
0.014988841735046072
0.014983626125837389
0.014983151076308676
0.014988896981502563
0.014986383779543925
0.014983647992075895
0.014981361334016277
0.014977965423101567
0.014976799612070744
0.01497690447451815
0.014975311203909273
0.014974104051335726
0.014983457467436994
0.014983919678635008
0.01498264270958307
0.014981411636783808
0.014980353808848983
0.014976087348213893
0.014980465965961351
0.014978984327583567
0.014977938591018909
0.01498050089521517
0.0149799648197259
0.01497811838671899
0.014966283928389442
0.014964710876833
0.014963609486289017
0.014957195472829199
0.01495379805694612
0.014957258919109855
0.014955047982014955
0.014953408298096505
0.014950956513881418
0.014947957394792634
0.014946731716679627
0.01494407259839498
0.014938696137458286
0.01493609390375598
0.014933997818249469
0.014932050504345963
0.014931082165330952
0.014929293967925751
0.014927674711885316
0.014926371354208101
0.01492713833157339
0.014926287115994412
0.014924742926792193
0.01492370351556921
0.014921677895730423
0.014919936658125452
0.014917765990727364
0.014916885912040842
0.01491782091727697
0.014916238879044192
0.014915831042436104
0.014914941353155298
0.014914345233203891
0.014912010920167341
0.01491296849148427
0.014929541489894702
0.01493195847362514
0.014928586103723171
0.014932874615164618
0.01493043511774001
0.014929105836859361
0.014931319710476362
0.014925185112607254
0.014928819584148231
0.014930019033256086
0.014926782126741289
0.014939374324575592
0.014940296108941261
0.014939767449980795
0.014949201336388095
0.014945078563368823
0.014945104315056166
0.014944150343912816
0.014944799680984264
0.014960188169701193
0.014969851318517198
0.014972640914262795
0.014974943144362155
0.014975763038024018
0.014973265752681252
0.014971879907801152
0.014989317182684172
0.014991981615063302
0.014990558359899892
0.015003445554678729
0.015005246662587858
0.01500636951518791
0.015012750013010218
0.015016660516656354
0.015013913457117913
0.015014432155007721
0.015016074295887628
0.015019265059790267
0.015018623508699513
0.015038156205731948
0.01503727652599805
0.015037646011930752
0.01503804652752363
0.015043579969468774
0.015048860565526817
0.015046783565090854
0.015046900192051328
0.015048221737087905
0.015047267438608267
0.015049481435658945
0.015056076308234351
0.015054619842034503
0.015057404413940984
0.015058136366802985
0.01505619526994415
0.015052927501831563
0.015057485201556454
0.015061411049029656
0.015066307590926337
0.015063834063786568
0.015072513633939476
0.01507112871129124
0.015072580600784685
0.015087282996081171
0.015088963273254359
0.015088922758987664
0.015097252089815145
0.015101115010207356
0.015104150206046881
0.015104932771163634
0.015114981850755783
0.01511976942300125
0.01512421549912795
0.015133981275567636
0.015134056362212624
0.015139257981491735
0.015140353332071237
0.01514069947562985
0.015138180621812799
0.015133286378671987
0.015136364943847312
0.015139460235209054
0.015147170240040078
0.015146403832481526
0.015148001529576021
0.015145412233269574
0.015163537525432601
0.015165335984448613
0.015169198850222259
0.01516619321381977
0.015164574636445343
0.015160394007882067
0.015170782096431627
0.015172445753548449
0.015169187710948114
0.015165993629015835
0.015165133878899553
0.015164532626040924
0.015163280375390038
0.01516138995508593
0.0151588729873073
0.015158508689342003
0.015155932403807535
0.01517070265843783
0.015168013033738374
0.015172912706550927
0.015179734129137276
0.015187684964524101
0.01519204740542332
0.015189396557214659
0.015203310238697254
0.015203241516111752
0.01522319270705695
0.01522579492482526
0.01523404341665173
0.015233962452958017
0.015231648408697309
0.015228460698948166
0.015226036069024876
0.015227226526859202
0.015225338247070596
0.015222619162519716
0.015224104922739422
0.015219530089422326
0.01521769172950071
0.015220992501715184
0.015218463478921751
0.015218859935972346
0.015222759193281974
0.01521862341092639
0.015220795405835165
0.015242263661493522
0.015239551683741474
0.015243086694803475
0.01523862512363996
0.015237781800230377
0.015243261751860592
0.015256002609217355
0.015256935245097447
0.015264415497993589
0.015263970510314816
0.01526358739565501
0.015264365534785856
0.01526839317955475
0.015265999181221427
0.015261776843729532
0.015259151138577731
0.0152597313500167
0.015257199677203933
0.015256851536989002
0.015253471196059893
0.015255661142139562
0.015252707520932305
0.015248187879577045
0.015252850566643132
0.015257587269356818
0.015257820766611483
0.015255878939541096
0.015252638060029692
0.015260514501152365
0.015264191255607771
0.015293066628322496
0.01529221732159579
0.015295136855777113
0.015291740331748953
0.015319057266279657
0.01532014257665889
0.015317429192451626
0.015315195576762052
0.01532894382819678
0.015327108266091405
0.015328359090827614
0.015330515072650194
0.01532622974748212
0.01532439725231428
0.01532149883593477
0.015318557188241743
0.015330444921429896
0.015326695562052786
0.01532423474826174
0.0153207509206482
0.015330043550583388
0.01533068724432038
0.015340758770305307
0.015339336027205865
0.015354454576460293
0.015353411990491353
0.015357447463537129
0.015357953787445497
0.015355950645454353
0.015350845352442475
0.015347671196727801
0.015346046185221045
0.015341970909977819
0.015348317642755698
0.01535378660423619
0.015357491906017602
0.015369989742806468
0.015369214578639871
0.015369606033374603
0.015366160511762528
0.01538017512913785
0.015372788646331247
0.015374238479665207
0.01537909118419921
0.015389722950869149
0.015390821259207273
0.015391121893646319
0.015387711331123884
0.015386712291873763
0.015385885233755794
0.0153852199455744
0.01538540122276416
0.015384635530736206
0.015381513775549945
0.015380567774042241
0.015378998110914881
0.015376634319365597
0.015374623597401611
0.015371568385138572
0.015374649640227576
0.015373555236766345
0.015376031319173847
0.015374917942303234
0.015376668967377145
0.015373618554614827
0.015371131275582659
0.015370019099149184
0.01536701242498984
0.015367064779744173
0.015364712218933619
0.015371465677760566
0.015373415357903772
0.01537503273986758
0.015384976103853474
0.015383793913812987
0.015385486709072124
0.015384044618676032
0.015387888934944393
0.015385726339647878
0.015385666106198431
0.015382464627548897
0.015380805098462895
0.015382665496733937
0.015384175496830759
0.015384215586913021
0.015383616098105953
0.01538217755939926
0.0153819882047616
0.01538212876666446
0.015381680206672467
0.015380712701755478
0.015382170665819164
0.015383747427179618
0.015385034309988018
0.015382421940818892
0.015384366161133449
0.015390944102718584
0.015394449992810871
0.015392744539755579
0.01539595992816384
0.015395967029446317
0.01539545609839426
0.01539606090109556
0.015406274776598346
0.01540561370295944
0.015404048402934585
0.015404012009403834
0.015403847893220317
0.015403037979261961
0.015403759436852916
0.015402434355492343
0.015404107719028972
0.015401909299867456
0.015400462994318031
0.015406451479769963
0.015404115457691065
0.015400310107093926
0.01540331159923167
0.01540176975417075
0.015401669115312204
0.015404177786075978
0.015402411164817
0.015402061975101577
0.015401167796411671
0.015403283451684029
0.015401755991876816
0.015399733241069557
0.01540190655979507
0.015401605922280355
0.015401434802113768
0.015400807822746778
0.01540151541918139
0.015399051022321784
0.015399670341877433
0.015399381739155556
0.015399772787080955
0.015399473785535519
0.015399272475316127
0.015399487346595268
0.015397085256285706
0.015396195736152047
0.015393905128929965
0.015394881235641615
0.015395183190248992
0.01539259738471245
0.015394132043743925
0.01539019912586383
0.015389154566121204
0.015387804934233258
0.015386918623993613
0.015386347527258119
0.015389838831576888
0.015385510188298653
0.01537940639094382
0.015376903034637785
0.015372565441283018
0.015377890373981769
0.015373996384240186
0.015370342030759813
0.01536680624514349
0.015360032823795724
0.015357737910231784
0.015354571861179134
0.0153515835358611
0.015368247439473844
0.015365368739593285
0.015367588912705739
0.01536216118673124
0.01536144654839062
0.015356064905991958
0.015357157364530019
0.015352805555661295
0.015347503446561493
0.015344480545209604
0.015340624994058812
0.015337879907852374
0.015334279182517872
0.015331827768058555
0.01532861125629438
0.015326249784912498
0.01532392128990565
0.015322017782543166
0.015318110863231604
0.015314828678739864
0.015309892225128609
0.015308567456256049
0.015303910873253584
0.015301812915040463
0.01529939213559664
0.015297981221278852
0.015294563242505386
0.015293614334778497
0.015295816750005827
0.015294540650583124
0.015290822107516052
0.01529256951039234
0.015295795685265614
0.015296469339130129
0.015295842881182416
0.015295378879097593
0.015294761129378037
0.015292943487819318
0.01529289494287628
0.015295576684580404
0.015294037096896782
0.015293083946155783
0.015293012460973116
0.015291328113180186
0.015287497199488659
0.01528552919290122
0.01528286216820432
0.015282896638828843
0.015279254518827612
0.015278391550311065
0.015277471370409738
0.0152766699478622
0.015275681993712334
0.015277224572821395
0.015274784583963105
0.015273961026360102
0.015275938300381304
0.015276920785548629
0.0152765706898828
0.015276732404729236
0.015275909742075532
0.015278176526551038
0.015280046630659658
0.015277446914404656
0.01527613248858369
0.015275768913913395
0.015275185838407146
0.01527375792930732
0.015273733264775324
0.015269373380490251
0.015268634171592922
0.015269462946893981
0.015274975142978585
0.01527445019780335
0.015275573060181303
0.015273313401404634
0.0152727454147464
0.015269317163767355
0.015269007262111622
0.015270752409187375
0.015271656030715283
0.015270228598661239
0.015291529221424207
0.01529095593848499
0.015289145323142645
0.01528920063644309
0.015289903111451399
0.015289330269450717
0.015285913216183021
0.015285752499206847
0.015285530804611284
0.015285025488516952
0.015284463085600329
0.015287725625261452
0.015293643928773824
0.015295217075765258
0.015291053634218468
0.015288231601184558
0.015284699408774766
0.015282859171080652
0.015281538762178611
0.015278002591089702
0.015276992370804687
0.015277718372004942
0.01527628772821
0.015272378061058535
0.015268031270572949
0.015264581120133127
0.015262441965959965
0.015260418664090171
0.015257575148627802
0.015257127212972513
0.015255219557523873
0.015253705494842139
0.01525410018777412
0.015250575592412673
0.01524735844713778
0.015257522352079018
0.015255123688858629
0.015253439005354702
0.015252581592498204
0.015249656049432767
0.015252472991118173
0.01526612265607874
0.015265789340848344
0.015268613006628172
0.015269664414336826
0.015272734429585018
0.015285472254393535
0.015284041393331293
0.015287500729541357
0.015284561432380354
0.015283624311128818
0.015286439698100795
0.015287437071850832
0.015302364291948258
0.015305040080541225
0.015312108094987661
0.015310052461318892
0.015337064511328569
0.015337612999409174
0.015346498900149217
0.01534666126598636
0.015359906448543029
0.015359339450573438
0.015358167730607884
0.015357457752326624
0.015356824097836983
0.015361963399992427
0.015366534898273783
0.015377169699969424
0.015378062859555732
0.015379181525705578
0.015381303370457603
0.015382645673611852
0.015383189921072458
0.015385927921120306
0.015387427011912631
0.015398070231960725
0.015395564582165181
0.015402021549562533
0.015406528031034523
0.015411571237085564
0.015411425347070212
0.0154079814948635
0.015422957210027444
0.015421441452275832
0.015421202210210415
0.015424687145932214
0.015424159845861533
0.015424367224887638
0.015422366249980298
0.015421444328622337
0.015426282847500349
0.015422672819098869
0.0154252041054774
0.015432746984174444
0.015433490159296855
0.015433288065258618
0.015445974467364551
0.0154634376360207
0.01546014183128435
0.015469166763307434
0.015469388445079838
0.015468335939056265
0.015468919734459867
0.015469257889550813
0.015472340702751905
0.015470215673574348
0.015482336174263547
0.0154828615751416
0.01548405914483929
0.015487532184095739
0.015485182298035994
0.015481994284664654
0.015478351440277188
0.015474552543421555
0.015468289795368356
0.015463818333359391
0.015459173583129501
0.015456526416117094
0.015454199165826524
0.015451251134487271
0.015447553316756506
0.015444745520969774
0.015440051364828294
0.015437953620746958
0.015434986529248206
0.015433797840455656
0.015431360452574901
0.015427851524385127
0.015424880776690653
0.015423805681016887
0.01542105893627216
0.015419652406577231
0.015416492551878224
0.015410908694869035
0.015410510141438027
0.015409620125346732
0.015407129909221013
0.015404723780459368
0.015403837359103043
0.015405210770559355
0.015404187376681052
0.015401563156206296
0.01540182530861285
0.015397143617916807
0.01539452346035367
0.015389498579421722
0.015387249150438456
0.015383670458617998
0.015383312802374515
0.015379883479589854
0.01537695102068058
0.015374267434565828
0.015373086852460539
0.015369947673099495
0.015367276844957322
0.015366674425208155
0.015361920930379245
0.015360241023349732
0.015357228038182518
0.015357138821469545
0.015356265356265357
0.015355737993426528
0.015353488043109357
0.015352194787991378
0.015349972967031661
0.015347978798666333
0.015346012798242098
0.015345437100035981
0.015343508912734276
0.015342683334352262
0.01534137542424532
0.015338194917406069
0.015337097613247228
0.015337346896408553
0.015336359091418578
0.015332834926279432
0.015333261816438256
0.015332093634037449
0.015328119501870179
0.015324955746132931
0.015324377436065042
0.01532063598041061
0.015319580075668759
0.015316865888082985
0.01531452448667654
0.015313289003731329
0.015310478578101534
0.015308628838463107
0.015305052061879735
0.015307617591382501
0.015306574543272042
0.01530565836244281
0.015303007219547223
0.015301327161951542
0.015299500110083209
0.015297431034696402
0.01529508235405163
0.015292852011621364
0.015290397257858803
0.015289575107465673
0.015287996137769396
0.015285543884132313
0.015283669117608067
0.015282146204559607
0.015280587828186892
0.015278562136843388
0.015277458859548412
0.01527531773543856
0.015272997773080164
0.015270121830320081
0.015268594555166003
0.015267849055449619
0.015267256381107416
0.0152663362086707
0.01526668191296792
0.015270840998238002
0.015268588485539351
0.015269678144090769
0.015268139616572507
0.01526757009773923
0.015266072973003125
0.015265665315419771
0.01526480518809668
0.015262216463264344
0.015272084614906183
0.015278325261853812
0.015275980337254897
0.015276721657861704
0.015276760121688873
0.015273366064486113
0.01527198295002525
0.015271445834722081
0.01526924541009048
0.015265709759493063
0.015266165871188068
0.015269623303261412
0.015268586833725218
0.015262323561727301
0.01526652850891936
0.015264784216453916
0.015263812084474564
0.015263335627458931
0.01526553906635629
0.015265971891689857
0.01526613718681329
0.015264992257184067
0.015262614297468096
0.015268752089302248
0.015271757135724585
0.015269561282904366
0.01527011674816519
0.015269573630421416
0.015269079502126144
0.01526591257579359
0.015264819279915203
0.015263935117357552
0.015265131226566685
0.015263487539843862
0.015260823085835729
0.01525992672023293
0.015260470413860422
0.01525863848768672
0.015257388107738476
0.015251195477063346
0.015249833243079297
0.015251897700218557
0.015251806417771468
0.015249532525754637
0.015248514739979357
0.015248524130438316
0.015246593059223067
0.015244693014845578
0.015244459420507553
0.01524395370913205
0.015244254198069204
0.015244326560138
0.015257276785843621
0.015259764708608237
0.015259713372199757
0.015259273326030621
0.015261895445568396
0.015260439000198488
0.01526044469130231
0.015265383623565654
0.01526641221682918
0.015266293254304914
0.01526716675217112
0.015275371978728726
0.015279786807101426
0.015277562887235963
0.0152765994286209
0.015279191449192072
0.015279677457875175
0.015283686634243579
0.015281235277394787
0.015283102822613182
0.015280970357176403
0.015282532125693757
0.015285369520265872
0.015284667648749226
0.01528709295314941
0.015286544259931706
0.015285784594484915
0.015282720841041635
0.01528755254215451
0.015284764342871864
0.015281441697071848
0.015280263658549764
0.01527839234097818
0.015277627747375873
0.015275432869036615
0.01527460749433944
0.015273080613955443
0.015269520207413328
0.015268354285058263
0.015267285102387404
0.015266251272522355
0.015263904036773359
0.015262135655015045
0.015260250579599365
0.015260146627212897
0.015258721255184314
0.015258345805015307
0.015256702530405092
0.015252062328139322
0.015256463348345795
0.015256053482667559
0.01525463909379198
0.015252840943246401
0.015251706973059363
0.015252574623149802
0.015250769061744671
0.015249269546601125
0.015247892660693202
0.015248251696252171
0.015248043806383017
0.015248298135054558
0.015247340407281942
0.015246452681165262
0.015246157874456453
0.01524700223635654
0.015245060925960317
0.015242336701286876
0.015240014232542148
0.015241055944211683
0.015240602018910154
0.015236802571677754
0.015234674591870275
0.01523193051697511
0.015233951187011496
0.015234439609200777
0.015232626434848061
0.015230345072927783
0.015230654435324583
0.015230023454042332
0.015228134238712956
0.015227422807404382
0.01522350552996914
0.015223789477520821
0.015223685971260914
0.015222839782415362
0.015222071804867829
0.015221044099533025
0.015219306432594117
0.015217084555669096
0.015214102068212327
0.015212001273827396
0.015210768041471511
0.01520807536186093
0.015204019260090755
0.015200043613664706
0.015197380298417983
0.015197216435743599
0.015195332894468026
0.015191226326466705
0.01518891284793392
0.01518666218337967
0.015183877631074741
0.015182660629647703
0.015181481504562602
0.015179105973937408
0.015177581440335604
0.015177018983446597
0.015176166489475526
0.015173802579829426
0.015173302050741405
0.015171617787257877
0.015169007416223151
0.015165566434104232
0.015162418547648106
0.015160669524646545
0.015159563646884904
0.015157002203946087
0.015154810084755096
0.015153449002251105
0.015151985698386607
0.015151446718419195
0.015149513887948125
0.015147787143173169
0.015145907360871484
0.01514371211886181
0.01514196366244484
0.01514433172761174
0.015145239089527333
0.015150029749026395
0.015147409968078401
0.015152709847909687
0.015148964536435605
0.015149391395492448
0.015156614409336083
0.015157704955669747
0.015157703346913609
0.0151559040024838
0.015172428527494054
0.015177506364697295
0.015176756982038403
0.015176348972923682
0.015176164540746155
0.015176137157791748
0.01517577218609344
0.015176634345277268
0.015173321248370661
0.015173386092773168
0.01517294737992919
0.01517085286021527
0.015168139510123115
0.015169978726396357
0.015170117025816924
0.015174703116416667
0.015177108253630374
0.01517522033737017
0.01517967417843686
0.01517897256315387
0.01517638853076025
0.015175688923262586
0.015174251462858
0.015170390938118465
0.015169132926595545
0.015169999173297049
0.015168820143925071
0.015168196196701397
0.015182973726305731
0.015183367589920753
0.01518252556406622
0.015179948191874099
0.015198244392630417
0.0151973346144543
0.015196670664128501
0.015197050181020737
0.015202608612342114
0.01519845348483718
0.015200301055587286
0.015199418981603867
0.015197908326243684
0.015195799737650492
0.015195078491870524
0.01519093602850837
0.01519025191663619
0.015189478112092624
0.015187398092825457
0.015189305396118758
0.015200373097038542
0.015199925396414809
0.015197618993444241
0.015194951106179347
0.015193738606914352
0.015194497553531743
0.015198183424860602
0.015199337159261897
0.015203614293613707
0.01520146286798126
0.015200806693205737
0.015199269655550025
0.01520077847115439
0.015197570071013114
0.015196177691322903
0.015194053130237112
0.015192604824162176
0.015192170423011022
0.015196012870408341
0.015196177832244761
0.015200548368619926
0.015198840730816723
0.015200545499217363
0.0152095095729436
0.015211502971328665
0.015211664299328647
0.015210757542069579
0.015210761619362441
0.015208861227276889
0.015217090429670376
0.015218236301133841
0.015216620756983334
0.015218700961978878
0.01521784655402352
0.015248139026177606
0.015246902086429778
0.015244913313454012
0.015249127645700791
0.01524748953779086
0.015251122749958436
0.015248706479737096
0.015248566491674095
0.0152486853016254
0.015248879608461328
0.015250543463911356
0.015250362547384133
0.015251896038994175
0.015260641464810475
0.015259824845087824
0.015255838996972677
0.015255989304989065
0.015256223287195864
0.015260266002118794
0.01526402119566977
0.015263703646807741
0.015267355612830612
0.015266911838094727
0.015268004362600299
0.015266221456693993
0.015267154655909495
0.015268497191534499
0.015268684927890422
0.015266644803729036
0.015263828825303133
0.015261703466579114
0.015264306286274544
0.015263734845119916
0.015265585087795571
0.015262814323656733
0.015259427761894116
0.015265373439867795
0.015270382636420554
0.015269506377907038
0.01527781342370349
0.015278830884757252
0.0152781196261213
0.015278434060087935
0.015282786368825886
0.015283048604184583
0.015280589393383445
0.01527686559639403
0.0152750001362331
0.015273243141205178
0.01527045596774343
0.015273670732822632
0.015274864850451188
0.015275371341006844
0.015272769608749867
0.015271041264719626
0.015271913158365666
0.01527151413100467
0.015271467684619506
0.015270234270087477
0.015270520339311072
0.015269943112083219
0.015268125566542834
0.015267221199468797
0.015267266810454889
0.015267826541325899
0.015267241903669525
0.015265293800164413
0.01526406738860993
0.015262286281583158
0.015262104390188833
0.015261168839908048
0.015260233537352954
0.015260168291531713
0.01525845534311726
0.015257669783066872
0.015256131545226941
0.015253714498211392
0.015252045457501745
0.015254553177472065
0.015253570704996874
0.015253219362913004
0.015265634160720347
0.015262697311845123
0.015274283519182804
0.015302474550860961
0.015309134872213007
0.015309467912066646
0.015321482602118004
0.01532264250624736
0.01532390550861325
0.0153322969296541
0.0153316625544784
0.015332776601736226
0.015337340585510461
0.015337087527952896
0.01534286395095459
0.01534629266444516
0.015351144223816796
0.015349163162223876
0.015348544922616473
0.015347938470417787
0.015363647227147503
0.015363369769783562
0.015363608632285367
0.015365139187585274
0.015364514724147387
0.015374774232390127
0.015392692044601515
0.015392524689925479
0.015390795597474144
0.015387126354829497
0.015389413575351216
0.015387665221840626
0.015384343449763064
0.015381551027051975
0.015380431320209454
0.015379996050098453
0.015378054085929386
0.015380368698748375
0.015377547593223675
0.015376784418648048
0.015376209511212855
0.015374026866473977
0.015369806420458461
0.015366614581275105
0.015376354531509036
0.015373885313270262
0.015370794476905932
0.015367123049511308
0.015369908907605676
0.015372808186324149
0.015369385267213967
0.015391695643280835
0.015378998816426973
0.015375489760579227
0.015372906668028184
0.015372484465081458
0.015372485095336185
0.01536302615776211
0.015360157120866288
0.01535760111309575
0.015355608736224647
0.015365235954758211
0.015362753025703568
0.015360433431936979
0.015359508648369598
0.015357137558837679
0.015352311452273587
0.015349569979110397
0.015348132499228678
0.01534543903859798
0.015349305398704794
0.015348715193006656
0.015350408843797776
0.01535008663495866
0.01534547395174223
0.01534665048987269
0.015344012571761694
0.015341697853270766
0.01534015434621874
0.015341846498172622
0.01534173537524086
0.015341419089176415
0.015347756466868322
0.015345186305036644
0.015342725340185347
0.015339511213431885
0.015334136198935141
0.01533645795288652
0.015330055935978186
0.015329704339174048
0.015333081663920386
0.015337150939401151
0.015333021697226263
0.015333131376663714
0.015328564073523785
0.015326894872581969
0.015325491595139662
0.015330907382018099
0.015329311172116512
0.015327136706547556
0.015326473810285091
0.015322743338023113
0.015318036249123942
0.015318429142249663
0.01532178898181961
0.015319852365764813
0.015317187025737103
0.015315967702102544
0.015313176267872304
0.015310978760436213
0.015309313065229941
0.015307181321694417
0.015304642507530022
0.01530191860468154
0.0153014558661675
0.015298449005169983
0.015296604705097354
0.015294909874874064
0.015293103907199637
0.015293049372987585
0.015295223001210827
0.015294283927624268
0.015293906630627022
0.01529430962635401
0.01530121348520749
0.015298654645898153
0.015296718730627091
0.015298052118169796
0.015289731962540546
0.015289006558006591
0.015286736859627949
0.015287194010365874
0.01528582019483416
0.015283157341050797
0.0152809801528098
0.015280339597740864
0.015279330537672841
0.015277726557106951
0.015274084528544079
0.015271974781539688
0.015270365245086792
0.015270336535842066
0.015268755622095575
0.015266645056726095
0.015262560841820599
0.015261002959210172
0.015259698361308237
0.015258647758821341
0.01525633660396672
0.015254006423121165
0.015265634358859406
0.015264575625128111
0.015263675175411674
0.015261191713061655
0.015258294890589484
0.01526071355251271
0.015259593539400495
0.015258518693494505
0.015254750509749048
0.015253553384595275
0.0152522271133945
0.01524899094015046
0.015246764109103864
0.01524269710010436
0.015242624852662196
0.015242123122793058
0.015240465551336997
0.015238737818604239
0.01523671210071578
0.015235433495161902
0.01523484234992353
0.01523359606566367
0.0152311305905998
0.015229995338019353
0.015230235692906446
0.015229712513041607
0.015227166715234065
0.015226087686162834
0.015222736737229214
0.015219860724692558
0.015219744154799309
0.015227598917427353
0.015231965481409804
0.015229376190317084
0.015228350738264071
0.015226835241655096
0.015222950418818637
0.015222382593598956
0.015220556327305127
0.01521867604706699
0.015216438373039622
0.015214458328436672
0.01521337672926511
0.015215612648728227
0.015211548983341393
0.015209111830317434
0.015208092529992029
0.015207449785078701
0.01520549812121566
0.01520285238517444
0.015200373211332966
0.015201087101220428
0.015198226498209249
0.015197391048002752
0.015195884042991386
0.015208357204825588
0.015213117638154153
0.015212117741147018
0.015211755863359563
0.015210445327157748
0.015207959493142976
0.015207442744678187
0.01520610247053179
0.015203869369940047
0.015204312741158911
0.015202523267500673
0.0152002998191486
0.01519797646182001
0.015196473209683363
0.015192438575671895
0.015192586136287019
0.015193870235087866
0.015190303163767158
0.01518753685274852
0.015184671343550196
0.015182317706489454
0.015183549813096156
0.01518023860043618
0.015182122340761316
0.01517950753758614
0.015178329727320281
0.015176142662151114
0.015174820977499982
0.01517189474513912
0.015171708224411313
0.01517721749995806
0.015176799188754387
0.015174791379015075
0.01517367180195927
0.01517491841373443
0.015173921168737253
0.015174642443298204
0.015172668685898444
0.015172366880095762
0.015169139200831487
0.015169199602957923
0.015165250705528615
0.015163903660315572
0.015167719684718332
0.015167823003196508
0.01516726061632204
0.015166844412364612
0.015164514509010582
0.01516329152918859
0.015160341288768309
0.015160071943357016
0.015158581262928164
0.015161226304097334
0.015161409530173482
0.01515966694487058
0.015157825276637648
0.015160477011357582
0.015156695733101341
0.015155660589668885
0.015155545351844303
0.015154150453431273
0.015153146676737084
0.015153621365706351
0.015152035871611009
0.015150757158861616
0.015150152486777405
0.015148660151602792
0.015147168599183625
0.015146036821539055
0.015146297397822075
0.015146863683276142
0.01514687179559675
0.015144494315325302
0.015146345698054241
0.015144603410412091
0.015144244717754652
0.015143458233902255
0.015143061805121169
0.015143490931760477
0.015141773210266713
0.015141064503052415
0.015143287993211837
0.015141846116622308
0.01514241918809293
0.01514292467545296
0.015142963402699317
0.01514406435509372
0.01514385885010658
0.01514349317432019
0.015143165703900563
0.0151438530039892
0.015144335000425543
0.015142238557977947
0.015141621688021979
0.015142888354927555
0.015137874829974422
0.015135187890642294
0.015135227043497115
0.015131673571445094
0.015128602167836387
0.015125950743531326
0.015123330238017712
0.015134558430546794
0.015136680012813908
0.015139210263463015
0.015148010114396657
0.015145548069769157
0.015144728612221416
0.015142678472834096
0.015143387414233761
0.015141983666026227
0.015142623608881708
0.015142215370092658
0.015141662842634915
0.01514233251624575
0.015141112908855368
0.015140568100511863
0.015143239759202013
0.01513883015855938
0.015139507214268632
0.015140404391057417
0.01513955061944982
0.015142772858407124
0.015140343607018904
0.015154854375967324
0.015151507582248222
0.015168137872006384
0.015168172450153374
0.015182051857952135
0.015183508146962225
0.015181072254280465
0.01518340588702373
0.015186060660462982
0.015183612826348709
0.015181172694126062
0.015180748827247912
0.015186326925491149
0.015190936338616285
0.015189057783452227
0.015187300917162621
0.01518810519812639
0.015191650117214914
0.015188985311094303
0.01519712840879584
0.015197547223117542
0.015197461072698775
0.01519659973222245
0.015195176595212684
0.015194986757688815
0.015193312517763128
0.015192283234237386
0.015189692346892401
0.015190682994797072
0.015186585927017618
0.015189780445936779
0.015186838800711068
0.015184990808249064
0.015182809114743595
0.015178697573658993
0.015177167734913533
0.015187391091299244
0.01518539507290773
0.015184746009527801
0.015185010206537532
0.015185426902275907
0.015185798399378923
0.015185187202124431
0.015186256630807339
0.015186096504970378
0.015186202459604583
0.015184769217829278
0.015185065355888065
0.015184206881541719
0.015184976167288472
0.015183831474504129
0.015184923469627434
0.015183960279432335
0.01518621200295974
0.015185148214439259
0.0151820242303763
0.01517709657905458
0.015174478361879072
0.015171376340944356
0.015169944531975902
0.015171084166167574
0.015168680920577252
0.01516751823701762
0.015166574963170693
0.0151629036240838
0.015164519616122538
0.015166149422428386
0.015164908655482173
0.015162817124982951
0.015169071947750974
0.015166681922917546
0.015164882422956542
0.015163150342121562
0.015161628120307335
0.015160136223366979
0.015160447619923306
0.01515712335642171
0.015156243012909564
0.015158206875748884
0.015155250706488694
0.015154126700481092
0.015150243266899453
0.015148421648819684
0.015147938866493117
0.015148712700397741
0.015151336784555634
0.015149115136904041
0.015147704088762192
0.015147593698224562
0.015145033110311021
0.015149058168718827
0.01514773028948495
0.015147100661892994
0.015157545361755873
0.015158737538601582
0.015157415978597611
0.015162520206503743
0.015164354671430017
0.015173133859976625
0.015175837896346902
0.015177325267549942
0.015174409745691524
0.01517364888221405
0.01517439941889641
0.015181425056964506
0.015183517101704682
0.015184437853400817
0.01518148886256837
0.015179384975548495
0.015178855178679706
0.015176826623651931
0.01517479812246831
0.01517493921256897
0.015176830898498582
0.015175771740188918
0.015178198534458337
0.015177845377616364
0.015178366363420492
0.015177315177898996
0.015175032358453352
0.015172985947931093
0.01517141319309553
0.0151688307142937
0.015167369863266698
0.01517468012892039
0.015172982790639368
0.015172248964203635
0.01517779389187291
0.015180593703987165
0.015178623883100028
0.015179606081745975
0.015178363854594836
0.015176844817671621
0.015175198834886269
0.015173894421088425
0.015173355734775717
0.015171845911152126
0.015175340471760735
0.015174610562448183
0.015174579658180485
0.015174334704989004
0.015172648426080652
0.015171522177248386
0.015171109238673028
0.015169630702600051
0.015167814686745757
0.015166675061118063
0.015164103890017034
0.015162605522459013
0.015161334820877571
0.015159184503041418
0.015157893107048749
0.015156580098873343
0.015157187438934967
0.015156549322987474
0.01515558886820281
0.015155522653500257
0.01515528034392
0.015153617141197062
0.015152620933149348
0.015151881263144871
0.015151603011088142
0.015149765605485744
0.01514692649110935
0.015146495166412945
0.015144886385585919
0.015145179327808027
0.015143549435954922
0.015142694675583334
0.015142505203245126
0.015140555718277672
0.015140323715964786
0.015139229295771387
0.015138689729450244
0.01513854617297572
0.015137313441471465
0.015137533291291326
0.015138918008371952
0.015137824900861777
0.01513903142963145
0.015138092216918302
0.015137568500062377
0.015154696467837023
0.01515458680143403
0.015153499416932361
0.015153586838357568
0.0151537253168841
0.015153805420497761
0.01515443992211212
0.015154622104385564
0.01515523453887867
0.015156065747358794
0.015155729925672384
0.015156101638714689
0.015155678338712448
0.015152812629893622
0.01515005766824072
0.015147209371545404
0.015147471839203983
0.015142754284599188
0.015139117579086502
0.015137307499046442
0.015135607124537234
0.015135048430714232
0.015135441963837641