0.015711645101663587
0.013962765957446808
0.011197663096397274
0.009969325153374233
0.00954328561690525
0.009036144578313253
0.008771929824561403
0.011149653121902874
0.010655180231240081
0.010524264275969596
0.010280678851174934
0.010601719197707736
0.010517304634951694
0.010773751224289911
0.011882909863781278
0.013239412713230926
0.013320258233227099
0.013394239702694332
0.013078470824949699
0.01340282948622487
0.013587130679997436
0.013607555610786628
0.013077285579641848
0.013288275388052008
0.014328090893826608
0.015736150032334556
0.015583048170571203
0.01583791844500437
0.01560376503749937
0.01633215269578906
0.016167493323159098
0.015962660443407235
0.015979121835080812
0.01583337050086972
0.015819009323494324
0.016682637860440806
0.016517285531370038
0.01634797226308048
0.01636972427762391
0.016281726924018608
0.016234160560301202
0.01615424700364773
0.01607729774680236
0.016026396417629037
0.01603629678882935
0.01607553942799173
0.01611459265890779
0.01631321370309951
0.016293436293436294
0.01624396597961842
0.016446124763705106
0.016457650736263322
0.01646846982030986
0.016568180118183857
0.016612535931608618
0.016617718130785532
0.01666419239904988
0.016716085989621942
0.016694245265673837
0.016571593616867643
0.016416209671675806
0.01630510846745976
0.016076070597893007
0.016046582484173465
0.01600107570256824
0.015844603553434103
0.015777414075286416
0.01567034242600116
0.015956096942012436
0.015789638245317827
0.015724633195072123
0.01553646499725827
0.015432843019049916
0.015470831967090946
0.015374173748819641
0.015293192344664861
0.015605935930539399
0.015523059617547807
0.015435194472305807
0.015328086868299104
0.01517939282428703
0.015234678304640018
0.015544585652767567
0.015480440958015167
0.015446313065976713
0.015476645029909634
0.015292735950423549
0.0157643895881706
0.01581325301204819
0.015767995556950715
0.015688705562576
0.01560578832876194
0.015470542871164497
0.015417539176657386
0.015488690977837505
0.015500352280733654
0.015464966424743947
0.015473102514943047
0.015413567523971682
0.015432098765432098
0.015329799634900037
0.015266008561195072
0.016137035359092184
0.016084410988869587
0.016015674915875112
0.01600203739468155
0.015965534718702483
0.01591929191660724
0.015878646246296372
0.015903043405953766
0.01584416120969241
0.015892269736842105
0.015842191332788226
0.015759804416786212
0.015714486666800635
0.015611621099583823
0.015785711449108456
0.015869560915764688
0.015836747557516545
0.015888564543620084
0.015912423028052
0.01598209071442476
0.01594581519109821
0.015919515861696796
0.015908654768758395
0.015913138392600678
0.015893258213102897
0.01589401470338102
0.01589306587232759
0.015891480140340343
0.015917602996254682
0.015835842533734806
0.015740194632851666
0.015628423281968888
0.015598014798116603
0.015487402978623782
0.015428673706819402
0.015387903398162001
0.01531117397454031
0.015301450908578674
0.015224877204635634
0.015203761755485894
0.015180693627578548
0.01514079035961535
0.0151054286745373
0.015065237093657553
0.015043870857824345
0.015045135406218655
0.01497450788398555
0.014987524445343584
0.014909389066448018
0.01486697965571205
0.014798280423280423
0.014740440076906645
0.014724187631027254
0.014670205317745901
0.014623244967692831
0.014599599922565657
0.014575198058782882
0.01453005115089514
0.01453646082655178
0.014499658551304652
0.014467775599266333
0.014454147094984396
0.014416138545522997
0.014377819754281344
0.014341651387550888
0.014347313562476734
0.014310855872545387
0.01425305696620077
0.014256619144602852
0.01418234882801812
0.014168384046551097
0.014095301065412416
0.01402008403110939
0.013992966419848348
0.013945251973732753
0.013913784490611501
0.01384189031505251
0.013787004552176057
0.013741888968997838
0.013726589337817832
0.013698041909996565
0.0137403498831362
0.013712350991041828
0.0136826578633139
0.013678321678321679
0.013722676548851336
0.013885998862485607
0.013889081024250557
0.013890806660959378
0.013865794500405393
0.013874036906034932
0.0138359817152808
0.01389847482170165
0.013911873528422469
0.013873637410611457
0.013856689849974685
0.013936589182236484
0.013934935080373535
0.01396057418278765
0.013934415525054523
0.013982124610350135
0.013930514644405284
0.013870988323869075
0.013830030197680615
0.013925570228091237
0.013901830911426197
0.013896218117854001
0.013900040144520273
0.013925348133703342
0.013937758768603365
0.013938017400801778
0.013966031247294005
0.013933719354441296
0.013895872938002086
0.013873779168551138
0.013898000340160848
0.013847174476810808
0.013723772083550419
0.013739005859627285
0.013709818563677732
0.01396295824994505
0.013922365310010789
0.013974517057131115
0.01396162541038545
0.013940824926285346
0.013937910892093957
0.013960413774573462
0.013911474460359537
0.013950236388253835
0.013920215824156383
0.013890418805490076
0.013867082422951503
0.013833300527087025
0.01380384808140675
0.01378284150275331
0.013727480883051799
0.013699807665445325
0.0136760374832664
0.013712214106733487
0.01368320407946457
0.013654694992219999
0.013637899003546698
0.013604726959227873
0.013600670086901896
0.013580801068927001
0.01355540759851858
0.013548982788849582
0.013530008068353435
0.013502231475659909
0.013465663584206583
0.013440942707214533
0.013494064448958345
0.013473358570440021
0.013470127713015385
0.013444224635633252
0.013446360713241743
0.013409077222634843
0.013394331935170633
0.013371594826727248
0.01334538124695906
0.013317107437198857
0.013296245881911976
0.013268204467945001
0.013262755477135716
0.013260370352274392
0.01324574313589801
0.013241102873932247
0.013224407424296817
0.013212405141706674
0.013200969551823703
0.013181840065475904
0.013171926790603833
0.013165843601668505
0.013146572330050675
0.013120533587422583
0.013129269150017575
0.013115375503435205
0.013093629845162632
0.013079655858046156
0.013244846618856306
0.013237401984205054
0.013239270577007644
0.013220996846367725
0.013210445468509985
0.013205828779599272
0.013188992798420658
0.013180287838987753
0.013174658862196946
0.013154866564177154
0.013152815309104946
0.01315004634175438
0.0131471658008777
0.01312400679489287
0.01313028085479132
0.0131223079234699
0.013137769037474052
0.013125028384576956
0.013139733391449639
0.013125356667300742
0.013130508750656073
0.01312153448805245
0.013114871905429197
0.013156952599169412
0.01313582009637694
0.013096634324910261
0.013085454400382989
0.013059372019920178
0.013089235976448189
0.013074826343093291
0.013077570782022945
0.01306983702070703
0.013090782487596831
0.013084485167156901
0.013068623219680622
0.013023383674381045
0.013015965565139849
0.012995218579234972
0.012992865828252681
0.013002624227545924
0.012987122651467174
0.012986030561299107
0.012974495226760316
0.012971471132200213
0.012963148575055962
0.01292369537952973
0.01292471354360848
0.01293206739548989
0.012916573934403257
0.012894265380253447
0.012901798879386611
0.012915928010652986
0.012910539665451462
0.012893365526099716
0.012894284695432296
0.012890122427842017
0.01290140618074862
0.012875088350575083
0.012868074195745363
0.012854539059252391
0.01286654936025542
0.012855430009766633
0.012848338904643463
0.012842472511425618
0.012834350994681899
0.012818799858529493
0.012818199646989607
0.012868884540117417
0.012852145668061716
0.012838990643429755
0.012823699377068025
0.012815046244253387
0.012814659475187075
0.012816852502025541
0.012808959339448976
0.012783207548618416
0.012773065459087112
0.012771685097661328
0.01276150787290393
0.012767352165495374
0.012768679047031682
0.012761267766208102
0.01273668179510687
0.012734275099687506
0.012720917415955126
0.012718157488031965
0.012699032919800722
0.012678620937708407
0.012673095482123753
0.012667304015296367
0.012667949119432143
0.012647310308933417
0.012632781437303424
0.012642365642424961
0.012631999585593452
0.012625217930912208
0.012609996609819731
0.012590959206174202
0.012567877530980001
0.012560259251944024
0.01255927113851729
0.0125281009232381
0.012508062119993333
0.012499638738764775
0.012505956936762604
0.01247832125560409
0.01245685665286558
0.012447181837713959
0.012427417454093549
0.012409175096167546
0.012384164743475945
0.012359486932638672
0.01232852558451176
0.012312238364934745
0.012299224980343705
0.012284977867428699
0.012259915800350484
0.012239101073532073
0.01222808151127971
0.012214311957132063
0.012203305407779953
0.012184099956534638
0.01217513462889253
0.012175670658764971
0.01215807555424504
0.012129619505794883
0.01211596416347347
0.01214877662431251
0.012149291800075976
0.012133885550322127
0.01212108934492096
0.012098293588846423
0.012084875798057835
0.012077375495975323
0.012071937255321139
0.012054374625174918
0.012036661637544282
0.012021828935938837
0.012009925558312656
0.011985646248631248
0.011968995104490184
0.01195854895058972
0.01194736876541675
0.011929078106748281
0.011917321142499902
0.011912425466060642
0.011892410644809876
0.011874118818796808
0.011845531179912867
0.01184713785234468
0.01182904623906855
0.011893565702513707
0.011881807618147689
0.011871646180385368
0.011879248834650778
0.011867063504654808
0.01184817625428009
0.011841273853153039
0.011831483350151363
0.011820688092450621
0.011817136104493654
0.011804553722636894
0.011790179856565329
0.01178227161696997
0.011773871852405884
0.011759511461015136
0.011750560878565143
0.011742724213027123
0.011742335378878614
0.011733747465596824
0.011723675550662147
0.011727648391592934
0.011721575791758114
0.011710791182031216
0.011702621484938067
0.011683723196881091
0.011684446905751548
0.011678140247051603
0.011664777102115302
0.011663378082291277
0.011648269365474265
0.011635544146977832
0.011636722463567553
0.011620648259303722
0.01160631939536945
0.011596767251685715
0.011591123419799215
0.011588466376160188
0.01157768232172392
0.011571406508025139
0.011593979433288657
0.011588727490214425
0.011576166923717846
0.01157635613381583
0.0115725865880619
0.01156508227982202
0.011552104867506107
0.011551097031561658
0.011541839901622065
0.011549437440059882
0.011541560124697888
0.011521153163223129
0.011508208530365173
0.011505523579650947
0.011501845510224184
0.011491726766412002
0.011485557878203425
0.011476562680131886
0.01146205960501041
0.01146354076883296
0.011453971895612274
0.011450797087751256
0.011442066319382894
0.011434736938253563
0.011429385777397749
0.011421839786928909
0.011413151540974293
0.011461057935080482
0.011456674844609641
0.011448417075336692
0.011444517251508236
0.01143927257958981
0.011447002633374498
0.011446791011565089
0.011432746894497218
0.011459017589956938
0.01146453230429247
0.011446730185016308
0.011446264594266807
0.011603699341954713
0.011610066893177342
0.011677093305430016
0.011669349913951035
0.011659481086592705
0.011665227881444099
0.011662742236814468
0.011645603123139019
0.011645185079193862
0.011652373601138319
0.011659296162582712
0.01164731832536959
0.01165109000234879
0.011639571271248352
0.011646068363509711
0.011637635962577013
0.011637879560974021
0.01163471547536433
0.01162142714155093
0.011608381791578254
0.011613418271850001
0.011615440562454542
0.011614826934772898
0.011609158336020638
0.011606308850213123
0.011599423244944012
0.011588173325276336
0.011576396746440084
0.011565096952908588
0.011671806870147825
0.011671270718232044
0.011674825063444366
0.011685257250858741
0.01169333007781399
0.011698109203573627
0.01169730119358053
0.011684775424961007
0.011682810634949138
0.011685165539845149
0.011690106666948016
0.011694396281403327
0.011701236506171993
0.011698399166429858
0.011702211586504327
0.011710143708229702
0.01171345391867321
0.011719652875543695
0.011727202067096612
0.011727050922160715
0.011734220175305158
0.01172748652569938
0.011724942578650244
0.011725774748023922
0.011736046128673069
0.011737910787698962
0.011738681302628421
0.011758637936064685
0.011757725278328622
0.011755164005594232
0.011762384258658205
0.011779405741423379
0.011762698544010589
0.01203639269053326
0.012032518652974963
0.012014934163691956
0.012015898430106756
0.012004513819743367
0.012000387602829501
0.011998410401679267
0.011991615535679762
0.01198800691127147
0.011986075448336056
0.011985094679206063
0.01196472277848575
0.011973233328953087
0.011950224192654542
0.01193888975354075
0.01192217524595748
0.011919795945871748
0.011915148191539746
0.011907487978016945
0.011894115542836701
0.011889402751037097
0.011884171453209172
0.01188177632556067
0.011874277013733031
0.011873318357976845
0.011856266778316873
0.01184866757822875
0.01183559707937505
0.011829158336273472
0.011824043362979052
0.01183330726519121
0.011821299806312174
0.011819582001091788
0.01181171340412899
0.01181098533473373
0.011807333077532069
0.011804605397222789
0.011797766418760144
0.011801593868396987
0.011794549671434094
0.01178758226699863
0.011784154770052341
0.011777044385217116
0.011775558149925772
0.011775601376219427
0.01177796427286896
0.011775414391108557
0.011775405677085826
0.011775284338202236
0.011772743995374993
0.011769982013444593
0.01176812644182189
0.011766610635187452
0.01176968710900519
0.011771025971371115
0.011765432040148707
0.011755114422767002
0.011751949583094617
0.011755022493010846
0.011754530244165272
0.011745108957238177
0.011746800610664004
0.011743506019958314
0.011741535800403291
0.011734885467517837
0.011736835932918964
0.01173648430215942
0.011738375169145913
0.011735650839831052
0.011730465574750768
0.01172961669871735
0.01172395789630707
0.0117208782509488
0.011726438931777253
0.011728923282982365
0.011725900116144019
0.01173084511292157
0.011720487913391666
0.011720414173782577
0.011714432384185285
0.0117104886450743
0.011718317653569453
0.011721071667165794
0.011719379323995268
0.011715104116378617
0.011714012715445959
0.011712923228030237
0.011706360119538713
0.011703671820983273
0.011702005992817769
0.011697723513338146
0.011705815456426323
0.01170489962991526
0.011699504582723747
0.01169321802457897
0.011686576119565811
0.011686954941860466
0.011684840564321076
0.01168627984490851
0.011686657996456391
0.011675087868493547
0.011677809902421395
0.011679827353460381
0.011682843953485223
0.011683117421868307
0.011676393241831479
0.011676670956362099
0.011676265753067436
0.011683271495692328
0.011680345339753111
0.011679309911945625
0.011685814308959125
0.011679230755456873
0.011679452483728836
0.011684069898886998
0.011683505140831552
0.011684817767704574
0.011682274232584675
0.011685645449322865
0.011688826176560922
0.011681765244525839
0.011690551545108637
0.01163284067604837
0.01163206634782263
0.011632627844168682
0.01163749939342071
0.01163913394262436
0.011643268570220711
0.011645614189516306
0.011647957208713094
0.011656190756860658
0.011659654167271192
0.011714674032180279
0.011716918546821666
0.011716030734878834
0.011722232906169689
0.011716499973817877
0.011709632468211113
0.011480504001362166
0.011372491207379484
0.011355282117636185
0.011330839571229302
0.011317220821679564
0.01129366445851694
0.011289200927788257
0.01127939898639238
0.011281395455055037
0.011274952934639277
0.011264981680432218
0.01126272381716583
0.011257260416580601
0.011255432696474783
0.011253561840982099
0.011247987018068444
0.011248255964703607
0.011244269944703681
0.011234479220112878
0.011234664621265879
0.011226612929650381
0.011222210403148601
0.011215029609965285
0.01120937214462864
0.011199029145982399
0.011184945843240058
0.011180351162082615
0.01117567627845114
0.011167212610285335
0.011160217866861836
0.01115453246239433
0.011149238504993973
0.011146022155085599
0.011147208367048708
0.011149873452356523
0.011148679888553406
0.011134517002708396
0.011125400125796747
0.01111626679040297
0.011113686498928995
0.011111820933185336
0.011108274767264692
0.011124397146159672
0.011128022056831402
0.01111499948302328
0.011104802817292841
0.011098598697827863
0.011085474110807248
0.011080409061979926
0.011067068962117179
0.011054378250274588
0.011044555545074363
0.011038904978298918
0.011036402485640915
0.011032176201516386
0.01103102304032056
0.011025216127065519
0.01102136803803269
0.01101053164359828
0.011004008880973953
0.011002758459924628
0.011010968290118451
0.011011251638117541
0.011004755045459474
0.011016811468624522
0.011017941848462708
0.011010052656773576
0.010999175254553442
0.010998956331524565
0.010999330341679688
0.010992812391897606
0.010992767511801286
0.010991246147882919
0.010985051743963204
0.010983329695201112
0.010990568024723034
0.010996539898340376
0.011000321400694837
0.010995646839850335
0.010997028243149298
0.01099571922381363
0.010991440092078083
0.01099369938365192
0.010998092089980236
0.010996035339507347
0.010998037694519236
0.011002756391977949
0.01101023465182414
0.01099455583587837
0.010993089084540377
0.010986725161680724
0.010986685210871035
0.01099411933664908
0.01099984885126965
0.011007031955533556
0.010995477331965342
0.010986238013814714
0.010975045776355713
0.010969532414761738
0.010967652367069277
0.010962405507812354
0.010957622042527702
0.01095182542887483
0.010946901365841633
0.010941988434993472
0.010940283046287533
0.010936487965396327
0.010929449289585795
0.01091614751269902
0.010908673210388437
0.010907192601176615
0.010895355799152911
0.01088942618261014
0.010885678252981392
0.010874486922269874
0.010874160450847544
0.010870563175967242
0.010867491451298082
0.01085933063437689
0.010852265035289986
0.010848468677239782
0.010846105809787789
0.010843035028256832
0.01083906144078607
0.01083501720277429
0.010835000909587047
0.010825970704487329
0.010817320772375566
0.010810066693474472
0.01080525571111682
0.010797645332764783
0.010795509934396517
0.010793572917944316
0.010787167809995965
0.010783533874909568
0.010781961971825921
0.010778494747280227
0.0107789419258472
0.010774903513680253
0.010768905591161329
0.010757725856809232
0.01075887401647955
0.01075606612856587
0.010750886101225921
0.010747057650109715
0.010735405502473162
0.010732975922748153
0.010728989210675752
0.01072603750035458
0.010723395210429362
0.01072318672293183
0.010717897580605238
0.010715269877832499
0.010713062877030981
0.010706441844314164
0.010701910074374578
0.010699232301056202
0.01069821403459429
0.01069783619135952
0.010686540990793511
0.010685198424380055
0.010682399075662617
0.010682145806216847
0.010683237632972213
0.01067906560795917
0.010666006506298837
0.010667921306219179
0.010658621373615475
0.010659534806076457
0.010657483694084697
0.010655732013027145
0.010654389775116397
0.010649505472036818
0.010652703175378265
0.010655348964409473
0.010659172945081034
0.010660892304925042
0.01066596574717096
0.010667238167004843
0.010670942415613855
0.010671142330245954
0.010676893655653783
0.010678342114070226
0.010710284561953843
0.010713966026537035
0.01070831699919533
0.010701762218932778
0.010698857027172626
0.01069639716545475
0.010695864813584399
0.010692021869889214
0.01068643332171393
0.0106858609438779
0.01068279197870259
0.010678421894679511
0.010672093884526654
0.01067450074718109
0.010675419718807068
0.010674443050422163
0.010671237795830426
0.01066583650003553
0.010665133736854564
0.010657193605683837
0.01065872831043293
0.010659578272001403
0.010651880248880745
0.010650509130690903
0.010649426659894448
0.010651782862330414
0.010657426421410302
0.010656770054912761
0.01065826090751315
0.010658498617783623
0.01065766403046771
0.010659973324933144
0.010663995363188947
0.010665300436657827
0.010658684637380646
0.010653651105454107
0.010651649987649293
0.010649048322599795
0.01065482500883457
0.010657193605683837
0.010661371518812324
0.010665902754414425
0.010667092817690594
0.010672923322683705
0.010658509203717359
0.010660265859261915
0.010666480758505298
0.010657058187869184
0.010655352186384201
0.010658834514888926
0.01066333844264276
0.010668193689116324
0.010672340932481312
0.010675250092626898
0.010732271113679517
0.010733045579996636
0.010735321746525112
0.010741570073761855
0.010738396346839674
0.010737487178138397
0.010734674839209812
0.010735355432188337
0.010733569961750176
0.010720752875840322
0.010720526732595506
0.010716550826789415
0.010705484929092481
0.010715461625477176
0.010711331409701099
0.010710136390706816
0.010710545317348287
0.010704307712299396
0.01069749483295101
0.010695013854904312
0.010698546435382917
0.010696467512634514
0.010699939568447621
0.010701161821974517
0.010694083424170692
0.010696669783036204
0.010679121352774481
0.010680985145649798
0.010678934805167267
0.010678395993193566
0.010677765557312025
0.010679589867851294
0.010675837512087968
0.010672092286726106
0.010669991049737886
0.010687500798528152
0.010691550833551484
0.01068623417872894
0.010679874504307942
0.010675533776688834
0.010672253412768555
0.010670910887251773
0.010665879657397093
0.010666311756709224
0.010665214238441004
0.010726871271218075
0.010723631812492888
0.010714544955327133
0.010716572210710896
0.010714071945890944
0.010710014477245547
0.010713341807518532
0.010737035383483516
0.010759342564901611
0.010759271119818156
0.010757242080298154
0.010749790863147736
0.010749322298113704
0.010748315492464293
0.010764753870341603
0.010767101287615334
0.01076457182104836
0.010760770907865968
0.01075771457776282
0.010755634719462902
0.010790550103426288
0.010790561755836727
0.010788964377467746
0.010785265305742735
0.010781270331059353
0.010777916723414266
0.010773569502510946
0.010772492135400893
0.010770817507519192
0.010773300735609618
0.010775975097718011
0.01077350365436011
0.010773392155171351
0.010773214445159444
0.010774131006785764
0.010768880884621768
0.010776563661267636
0.010778891542007599
0.010828332142451907
0.01082812308446733
0.010830722537693361
0.010826473815644284
0.010830258753390182
0.010822187314127103
0.01081858602604384
0.010816637889293905
0.010813409357828312
0.010809693461898567
0.010806082749446484
0.010800446580263095
0.010806188999154061
0.010810139541364155
0.010809027399416415
0.010807622504537205
0.010804488622797924
0.010802194252314865
0.01080040667453065
0.010798771538018729
0.010799624046560388
0.010796444728042162
0.01079430960329634
0.01077967261735014
0.010779165079584069
0.01077353114766868
0.010770036668412782
0.010764516852253195
0.010764381638110034
0.010760292551048725
0.0107622462311258
0.010760059612518628
0.01075755590235999
0.01075665668585443
0.010756782484531175
0.010754765776183157
0.010778147810354508
0.010775510204081632
0.010773228290402573
0.01077072638679771
0.010768547312305641
0.010768889217790276
0.010774484505575152
0.010772688292870449
0.010773091212172263
0.010765384286140194
0.01076271011470589
0.010763330446616355
0.010754143110112307
0.010749591527276574
0.010749025952100626
0.010739573407608297
0.01073992673992674
0.010734494700081088
0.010734441788547003
0.010779724644842134
0.010772501357878323
0.01077035307849431
0.010766826628726698
0.010762266567689912
0.010760852489919882
0.010755125466777095
0.0107510960137038
0.010753374574913823
0.010752314110201798
0.010749791434927698
0.01074705490752265
0.010751443748770354
0.010752657083049025
0.010751445420739513
0.0107429481372928
0.010743820717177426
0.0107422775472568
0.010743087557603687
0.010748541680456072
0.010748389323515876
0.01074015485804679
0.010743770822512561
0.01074121863799283
0.010742456204714299
0.010739477459984707
0.010737025855284809
0.010732399037114546
0.010730177589151582
0.010750110583165676
0.010742543779642465
0.01073915334121232
0.010737510138452125
0.010735930243470991
0.010746453613463052
0.010743496535272066
0.010747471308393979
0.01074832748650787
0.01077715040131003
0.010775093284110276
0.010771820149074296
0.010771109678732571
0.01076738825868848
0.010781625537388715
0.010775594855667895
0.01077411510402594
0.010784719116294377
0.010787110555235459
0.01078863821537943
0.010783108521518503
0.010779705885652111
0.010777456453023068
0.010774239239057107
0.010774619908565417
0.010775211141562727
0.010770924371626227
0.010769170631463735
0.01077111588090646
0.010775164376374454
0.010774551641424707
0.010784622371056759
0.010784635861907652
0.010780778775637387
0.01077516126611619
0.010781843386848984
0.01077916453840858
0.01077726704042654
0.010774864378636551
0.010777600106418062
0.01077626784507869
0.010774168557357092
0.010771655284912494
0.010770127677680858
0.010769464426249879
0.01076811842170623
0.010769209549949657
0.010767034021181232
0.010764888123924269
0.010763963428395286
0.010767530232123314
0.01076299704690612
0.010758383717515582
0.010763692635252672
0.010762594978186893
0.010750303866495845
0.010752511610468442
0.01075168824206752
0.010747839774385546
0.010746756172898511
0.010744823407721971
0.010744358461693729
0.010742107644586425
0.010743195930500268
0.010743698119784744
0.010738558143837368
0.010737017833400853
0.010738838618515802
0.010739024065732058
0.010734923089444128
0.010733884261669269
0.010736433163468494
0.010732488990063313
0.010732731449040493
0.01072899884303061
0.010729938446739407
0.010727892791277276
0.010725444802408975
0.010724388343126496
0.010725067385444743
0.01072967735501729
0.010729053025711477
0.010729238183702866
0.010729047813825322
0.010727905463190563
0.010722614480231272
0.010723500683307692
0.01072489673663615
0.010725601135336268
0.010721704751055418
0.010723451220753615
0.010725849431034528
0.01071705581855626
0.010713894389703544
0.010709794214948854
0.010709701179855194
0.010712495600891552
0.010712686805807236
0.010712706623126874
0.01071073042709836
0.01070804486420784
0.010705761655937871
0.010709970390238074
0.0107087976687465
0.010705269633841063
0.010703590830793693
0.010707454952926404
0.010705124641640393
0.010710761815829918
0.010781557195103904
0.01078310945569336
0.01078446635758409
0.010784934325051431
0.01079130051913195
0.010793803049987219
0.010790656523765513
0.010794623214492479
0.010793694210224553
0.010789022839305046
0.010782152230971129
0.010787316635302083
0.010788828105526914
0.01079084797599469
0.010788736307662467
0.010790217009658267
0.010787571251646283
0.010782757006045354
0.01077837425317157
0.010771861579229053
0.010769351177897785
0.010764374871309683
0.010764228997770044
0.010764279465066867
0.010760969111647657
0.010761524818083939
0.010760849223347404
0.010759755086984645
0.010757489226935257
0.010757291528827517
0.01075528105561476
0.010755697928167489
0.010756170160953963
0.01075797913666829
0.01075914630989241
0.010760089848561699
0.010760531611648276
0.010762976601775038
0.010763082935705829
0.010764774433273127
0.010766075496846118
0.010768682502053022
0.010768841600974667
0.010769056120869367
0.01076555023923445
0.01076643182204722
0.010767617806239551
0.010764229400091118
0.010762313382926403
0.010757385744536501
0.010757383500208058
0.010757933655129916
0.010758510952277072
0.010759060159923655
0.01075555464416442
0.010757427442458781
0.010757039457845211
0.010757615710931959
0.010758411726771146
0.010758464041253569
0.010757828697939701
0.010756836723482864
0.01075590080669256
0.01075675040969588
0.010759164174229046
0.010759929593632816
0.010759487216097416
0.010754578082771023
0.01075682296826177
0.010760957027470232
0.01076473403876119
0.010763084908780947
0.010763189485035301
0.010761296947238128
0.010763480395270777
0.010762545933824818
0.010763196974120096
0.010763219324063737
0.010763814915137311
0.010763536807949706
0.01076072335973696
0.010759439192712949
0.010764175446946184
0.010763815967592159
0.010764273537996166
0.010766037172916514
0.010767010486461621
0.010766051824570444
0.010766018365857784
0.01076682726889558
0.01076581576026637
0.010766542527842985
0.010764365716301513
0.010765282091195087
0.010767471960757651
0.010769091348477526
0.010767999919491589
0.010769048918442437
0.01076996176211055
0.01077125286810367
0.010769945622825855
0.010769396838466578
0.010771875666654118
0.010776056776317771
0.010772911243849962
0.010772280801128858
0.010775186999611592
0.010776256165286026
0.010777405509898487
0.010782332599653943
0.010785234143227308
0.010784490351509328
0.010784664367338874
0.010804369711791877
0.01079935154009228
0.010794295830936676
0.010793172690763053
0.010798851830515882
0.010891403455682827
0.010891226539494949
0.010886793200459642
0.010883848695200267
0.010882227097240118
0.0108767092148113
0.010880516812201193
0.010880189564101299
0.010878574388727726
0.010876907526563617
0.010876850592386697
0.01087202718006795
0.010865956206605656
0.010862486329732985
0.01085958182505808
0.010857560779270501
0.010853230104658775
0.010851801487252993
0.010846284333716009
0.010845790619724512
0.010838512276722981
0.010834476931867574
0.010833786774483992
0.01083108193779321
0.01082774768716483
0.01082407589999781
0.010816962787507964
0.010814948002721352
0.010810561479150887
0.01081048289250182
0.010808385774738399
0.010804667887916413
0.010801138949957871
0.01079858212656819
0.010793132038802096
0.01078975082366354
0.01078447460375683
0.010781703658689508
0.010779482112518226
0.01077736728786047
0.01077603325478567
0.010775219161077378
0.010772489163803859
0.010771030900340935
0.01076636860109224
0.010761508002177725
0.010759105333294985
0.010757504623020246
0.010757116144772157
0.010754772056254995
0.010750965841716711
0.010747140028139878
0.010743140835153294
0.010739557968093758
0.01073424115705827
0.010731156783938742
0.010726698750811817
0.010725588052774362
0.010720529826495125
0.010717846460618146
0.010713540283101211
0.010710586629187118
0.010707459696041722
0.01070702336228467
0.01070476379731683
0.010701039847013188
0.010695124024710482
0.01069285247356286
0.010687912025728325
0.01068529623128306
0.010681175046967036
0.01067846732586617
0.010675336704492293
0.010674517672988042
0.010670717391508504
0.010666372659180422
0.010663234928716427
0.010661575223726748
0.010659842619235478
0.010656740651663785
0.010653394147529754
0.010648535271667281
0.010649473128872164
0.010646412667458227
0.010645292151020466
0.010642709697260574
0.010640626236943696
0.010643548221884923
0.01064557562896155
0.010643690991116693
0.010651222974118807
0.010648373842189567
0.01064503483007147
0.010644143402648168
0.0106452510082047
0.01065271634999664
0.010654165778819518
0.010653492942813291
0.010655754778772737
0.010660033551223462
0.010663082229969994
0.010663539990009435
0.010663159281664128
0.010664602301612978
0.010666044461488349
0.010663102295602711
0.010664617287711573
0.010664950308667608
0.010666611315602542
0.010669279990776503
0.010667299622300624
0.01066694307201511
0.010672255360309527
0.010675238788236053
0.010676271244951267
0.010674364046184277
0.010676410261127105
0.01067862734234369
0.010679837010105282
0.010680947753187169
0.010683333677882904
0.010682112454888565
0.01068385876650203
0.01068300583126494
0.01068487307269796
0.010686469842419851
0.010687159365416966
0.010687823899486342
0.010688463467532676
0.010690154937413711
0.01069128263347509
0.010692850000343233
0.01069529727207006
0.010696349016127999
0.010698402899246607
0.010697130216593463
0.010699609158171015
0.010698752268861517
0.010703573336255188
0.010699357628081024
0.010705754713540717
0.010707091881841465
0.010709437606479414
0.01071299246401104
0.010710863583291416
0.01071314795430756
0.01071616274916216
0.01071612945775748
0.010717265619493875
0.010719716686707416
0.010721582012830447
0.01072342822617098
0.010723099731865747
0.010724085729135696
0.010726020185884403
0.010724571946932758
0.01072752627461651
0.010729166194398981
0.010731826722361863
0.010734316047088683
0.01073600173987114
0.010736689539597347
0.010739808164337407
0.010741515447861205
0.010744875416485587
0.010748283307456578
0.010746315920426143
0.010749526753950502
0.010752347765524197
0.010752639561666626
0.010751813620168856
0.010753440897851345
0.010759023606191744
0.010759627926289327
0.010762076877779357
0.010764160668406558
0.010766826267086756
0.010768762471674503
0.010771907838090043
0.01077180270545507
0.010769927067125715
0.010771544213981172
0.01077269985867442
0.010776012402877504
0.010782974913216512
0.0107863823890656
0.010787314280317255
0.01079130219693733
0.010793930578007002
0.010794738155117892
0.010799126362811098
0.010804313637384858
0.010806621891776546
0.010808710747402249
0.010813129362306082
0.010815858769757799
0.010817944321252547
0.010817237588891132
0.010819661100582028
0.010823670809723589
0.010826286195980665
0.010827759946925822
0.010828917444348597
0.010831263035038632
0.010833049647931485
0.01083931350268128
0.010841995213672153
0.010844457575676184
0.01084667628925962
0.01083950865662967
0.010838697568833884
0.01083762103833923
0.010835844213815423
0.010844037229261503
0.010837741364788926
0.010831441670004896
0.010831119949815143
0.010831978687398124
0.010829691218262494
0.01084330929629498
0.010843811839454792
0.010843322743487023
0.010842420388093502
0.010840420420553401
0.01083570783852185
0.010838508217893601
0.010836125427654553
0.010834087847536603
0.010828867271359323
0.010826400541540524
0.010824366283156783
0.010824822871540296
0.010820672171264591
0.0108179895250199
0.010815644127300768
0.010811771989058706
0.010811178499644528
0.010807859543872806
0.010807566610883794
0.010800851639274313
0.010793017979620474
0.010785296191742481
0.010779919074261906
0.01077753459536287
0.010776068674016297
0.010770472930182351
0.010772527986596895
0.010771231482528554
0.01076955839595294
0.010786811678254996
0.010784456316222489
0.010781706242976705
0.01077909999284573
0.010779182784513864
0.010776790915962255
0.010773749104532203
0.010771037588325753
0.010770098815980907
0.010766788001857833
0.01076594008801825
0.010765725726416804
0.010766156240770403
0.010771064240627041
0.010771288913974024
0.010769287078362604
0.01076856199670315
0.010764503372777375
0.010762879242128248
0.010758091115233973
0.0107620391186809
0.010761804394439233
0.010760577158229395
0.010757667356975333
0.010717029449423815
0.010715907951950081
0.010716112531969309
0.010712749236477017
0.010711655762755873
0.010714247715109537
0.010713214666278153
0.010710460549803642
0.010701906688373298
0.010700995846044833
0.010702854730912075
0.010705098706184486
0.010719099409156798
0.010716683504143714
0.01071488293429461
0.010717278860887011
0.010715411282697762
0.010714451825135411
0.010708433287157482
0.010709761864549907
0.010710230750074918
0.010709524452394613
0.01070944543157105
0.010710274741830334
0.010709389090955042
0.01070913550098418
0.010709625826002779
0.010709169581835432
0.010709389272526936
0.010708370814382634
0.010707713250926447
0.010709282568379578
0.01070909716915377
0.010706058584358203
0.010706638115631691
0.01070892361373225
0.010706427209287704
0.010706826518406482
0.010705745884579789
0.010704263080023523
0.010703744532555742
0.010702666990039557
0.010701277424504902
0.010699554098223703
0.010698279299194863
0.010698590632316547
0.010697897547138327
0.010697829576965578
0.010697783956033421
0.010700123567152392
0.010703042147525715
0.010703551812980478
0.010704306291825083
0.01069855647465409
0.010697621249753188
0.010697887016683635
0.010696441995007912
0.010696263884074336
0.010697728470691751
0.01069681771228734
0.010696950156234774
0.0106950209403578
0.01069814569618758
0.01069852126344047
0.010701001549128926
0.010700223982247027
0.01069827391801783
0.010697144464181213
0.010698536936311145
0.010700304660016783
0.010700855407248234
0.010700764812431972
0.010703932208429346
0.01070189666664603
0.010699135283842615
0.010699574903209047
0.010700234737430007
0.010700960284479899
0.0107017735367961
0.010703357617339522
0.010703795112894161
0.010703417398300046
0.010704471029636821
0.010704313390055639
0.010704375886379052
0.010705230152174538
0.010704764565011111
0.010707113022264387
0.010708669176853178
0.010708422262354293
0.010709273985080873
0.010709246620291378
0.010709241230578738
0.010711430855315748
0.010710854061540289
0.010709290872940305
0.010708364886714833
0.010707680725356376
0.010706493623338356
0.01070559212879412
0.010706878760944413
0.010707202339979207
0.010707635009310988
0.010707608402798757
0.010705681477416682
0.01070497893667954
0.010707528705636743
0.010706476664404736
0.01070631970260223
0.010709921798631476
0.010710940999226353
0.010710935003775183
0.010712519914299841
0.010710051832014657
0.01070856603988326
0.01071027991807276
0.010709882623911088
0.010709855300210949
0.01070998015091797
0.01070988762631642
0.010709252217997465
0.01070885614091987
0.010710673992213735
0.010709887046850438
0.010712137384326538
0.010713345617267701
0.010712232953119561
0.01071283334715852
0.010715557281804794
0.010716394728965612
0.010717361681135745
0.010716010564454691
0.010716955213026
0.01071701191856121
0.010716787345753152
0.010716627823683121
0.010717830370615434
0.01071769215723046
0.010717143600049182
0.01071782637080979
0.010717839431819556
0.01071767984278857
0.010717822380020772
0.010718849036671864
0.010718624540400505
0.010719930504446026
0.010720804753901947
0.010723036136732278
0.010725202114896516
0.01072626820693119
0.010727010536209936
0.010727343180618102
0.010726835954668331
0.010723210024105664
0.010725930322559946
0.010727187436099963
0.0107266380516113
0.010726110618148458
0.010725325944197072
0.010728105875734943
0.010727385147343966
0.010726300336409419
0.010724594804218673
0.010724283798878216
0.010721424677448665
0.010719596044267482
0.010717085303850212
0.010716500220311306
0.01071847896072416
0.010722401626599688
0.010723994164680372
0.010724432101175843
0.010725788300624824
0.010725413875145591
0.010725359933446643
0.010725604770118715
0.010723716653675454
0.010723748680650938
0.010723652837386743
0.01072568741544507
0.010724696388432181
0.010724217120241042
0.010724312741197829
0.01072379146618644
0.010723950950167035
0.010724152829582886
0.010715565383161142
0.010712166172106826
0.01070898332862167
0.010711816188237154
0.010711841407154508
0.010709190791081126
0.010707350792269123
0.010706292481186727
0.010702224040566562
0.010700559307206118
0.010700052665089334
0.010699168148024475
0.010698263421912886
0.010694756998875786
0.010694736181471218
0.010695050867661735
0.010693688626908433
0.010695071920881153
0.010694820620381849
0.010692434461620364
0.010693283147025796
0.010690837709642478
0.010690045359406361
0.010685955545487567
0.01068372732098804
0.010684673403589254
0.010683648229040577
0.010682590864368308
0.010683219651670555
0.010679231842678391
0.010674336475932668
0.01067628802650021
0.010673951013287069
0.010677400376301181
0.010673416346638737
0.01066694564236091
0.01066482852628644
0.010664880799149906
0.01066480922529216
0.010666511911325189
0.010666006647884491
0.0106642032189737
0.010666130783767385
0.010666058870000406
0.010669695284010136
0.010670399150538154
0.010671019979699976
0.010671111033951956
0.01067107856181474
0.010671704369114514
0.01067585483920698
0.010674545773230426
0.010672350379341654
0.010686529742700358
0.010684068631689794
0.010679693615976177
0.010680723480903027
0.010677452746999962
0.01067725449692157
0.01067852914468315
0.010678862325793398
0.010679093062035613
0.010681842971932892
0.010682575447482278
0.010683111047373201
0.010685251485708714
0.01068423425833225
0.0106832587567773
0.01068229662697466
0.010684074641590227
0.010684139746487738
0.01068687735354402
0.01068688031532682
0.01068525457728569
0.010684346376116403
0.010681931460618582
0.010714088789089311
0.010713104690808054
0.010713566464390074
0.010714801279469978
0.010718815746500483
0.010717749481383912
0.010717477133582377
0.010717022067469257
0.010715734481804292
0.010715727200892882
0.010716613118331718
0.010717565635621705
0.010717151985947698
0.010719549271899305
0.0107358917673846
0.010736323900845446
0.010736634015153377
0.010739685442851421
0.010743590954157027
0.010741728529283526
0.010741347300418107
0.010742911470486704
0.010743299816701994
0.010745551598068477
0.010741792031522817
0.010742483556750629
0.010744329015900026
0.010745182447967428
0.010750301858545887
0.01075790300781419
0.010764448754233052
0.010764626647805087
0.01076377348003012
0.010762355405484033
0.010761825439702263
0.010765532294721682
0.010763691704479217
0.010766587795369261
0.010765212017938898
0.010764724049827326
0.01076868380674376
0.010767792013466754
0.010796107792826897
0.010799051298297158
0.010798006291987057
0.010795792964249906
0.010796354807223947
0.01079762109080598
0.010798149208415469
0.010804008389652762
0.010813067373870843
0.01082917507166366
0.010831528388996389
0.010829988905683418
0.010843440732197337
0.010841735942093119
0.010839972421534247
0.010840938891798626
0.010841034056440206
0.010843744664424797
0.010848128062457907
0.010852428488227591
0.010853104024824043
0.010855344839727079
0.010853077847682795
0.010851777529304612
0.010862384506205624
0.010861603344308387
0.010859740216529357
0.010864804427976086
0.010862678820454566
0.010860715887881523
0.01086236392056412
0.010861063971076515
0.010860225759939227
0.010864536155827016
0.010874212213909261
0.010874591258692948
0.010874589555605892
0.010875127471661715
0.010883026784317695
0.010887339306440251
0.010888691536717617
0.010890799791961097
0.01089129284496443
0.010892561983471074
0.010890431322745107
0.01088880987379171
0.010888224851095326
0.010889235683723112
0.010888750549289585
0.010899681208115101
0.01090094210189335
0.010904540906205582
0.010912674830449434
0.01091679508342062
0.010927684014197586
0.010944419587826548
0.010945053821549068
0.010943630358218215
0.010977228632696824
0.010973976882508858
0.010968688453571468
0.01096534311264398
0.01096089082909116
0.010957436181516024
0.01095094484788439
0.010946807256770356
0.010937760358180408
0.01093435225592285
0.010929070459317562
0.01092435000569259
0.010924026717626191
0.010919316180080279
0.01091752685184851
0.010914794648974145
0.010910938138925767
0.010906210906210906
0.010902392914254056
0.010902670650888
0.010903482787380289
0.010902061114784258
0.010899799063012331
0.010898458743984938
0.010898542196643787
0.010897965844552004
0.010896921113389644
0.010895311128231774
0.010896063767856344
0.010896816016618316
0.010896436415972847
0.010896876073760164
0.01089659416582287
0.010897169919304069
0.01089891457897466
0.01089888544282867
0.01089949415626301
0.010897557247000582
0.01089663371851196
0.010896853705233595
0.010896825311885726
0.010896641494967146
0.010900819477794595
0.010900964638247291
0.010904076200250152
0.010902511388690025
0.010901064473637367
0.010900646814416754
0.010900559080567725
0.010900800933236596
0.010906556380175458
0.010907513669944609
0.010910868212921
0.01091197918887799
0.010911267575613327
0.010912726601125192
0.01091187951666072
0.010908690939346684
0.010908697518187073
0.01091024488659834
0.010914027662576122
0.010921902108708635
0.010919679689395778
0.010927548757766175
0.010927471827058418
0.010929861265987688
0.010930595936019648
0.010931977626593363
0.010931087468150079
0.01093255430489208
0.01093422328853523
0.010935187245873031
0.010934239193765382
0.01093539555417478
0.010935007552336989
0.0109438521301269
0.010944799985895877
0.010949149554948445
0.010947947039702605
0.010953494761908118
0.010952387659241836
0.01095169219832698
0.010950606187989511
0.010946364921013224
0.010943148324451174
0.010939282767821096
0.01093694635546216
0.010933952754525135
0.010931709667528143
0.010929392377620051
0.010925585961768325
0.010923370240156723
0.010933651699828873
0.010930097684363515
0.010926166764133405
0.01093740732858623
0.01093515446428727
0.010933970944985083
0.010932083819610165
0.010935821475021371
0.010934724013064594
0.010933371830304886
0.010932781130520507
0.01093568593099325
0.010936932900579495
0.010933855381539487
0.01093358825376612
0.010936012361543944
0.010932322152719916
0.010934326513014705
0.010933019032833672
0.010933301497165024
0.010931314818753923
0.010953053898008755
0.010953197618689865
0.010951374791122896
0.010951159828950684
0.010948703710729351
0.010947621723556606
0.010949691027834198
0.010949011937332876
0.010961363515203002
0.010961730220403672
0.010964772897101542
0.010967266531200457
0.010967675484524403
0.01096945168189105
0.010967500651908376
0.01096481827892646
0.010964882209362916
0.010964795791602052
0.01096044752734975
0.010959143259604868
0.010958890046658693
0.010958055975535503
0.010957147619739621
0.010956090191641859
0.010956718144277408
0.010956597186639612
0.010954867720441746
0.01095469136919136
0.010955099784889741
0.010954792721815794
0.010956185487913415
0.010954571249874315
0.010955440492194036
0.010954592600540576
0.010954155649800717
0.010954968204038837
0.010950450825876265
0.01095202706035009
0.010953105476552738
0.010955406650416288
0.010956198995979159
0.01095786599425345
0.01095703808381769
0.010959136717522902
0.010960485548151606
0.010960903621103728
0.010964822960790703
0.010963327804179768
0.010962294859622948
0.010964049850151205
0.01096452583636068
0.010966372389069882
0.01096901739626867
0.01096932078954722
0.010972652201304728
0.010974050713287897
0.010972383713550209
0.010973728022089577
0.010975180664194657
0.010976597576050691
0.010978754343396768
0.010980910629420049
0.010981562738747997
0.010981175369319958
0.010983311313773657
0.010984760186620991
0.01098728481474475
0.0109900874714354
0.01098886257084347
0.010987805577775303
0.01099082831998785
0.010992533850761379
0.0109952219627745
0.010997074869178837
0.010999929152426867
0.011001038883941822
0.010999644302689982
0.011001958675652077
0.01100297446008915
0.011003619012959705
0.011005780814165016
0.011008166860634518
0.011010533938480453
0.01101043465963615
0.011009705437367364
0.01101151463855006
0.011014731740970394
0.011015261217129169
0.011017847230399166
0.011017838405036727
0.011016403582936509
0.011017580064834998
0.011017997069931855
0.011018339825083856
0.011017405889493504
0.011019653505048438
0.011020383516055877
0.011020410901017528
0.011022322970494243
0.011022183485162124
0.011021951746706232
0.011022089406230999
0.011022965348499541
0.011025594651983736
0.0110252143605677
0.011025203333668038
0.011024694311491947
0.011026140248757218
0.011026553023272148
0.011027641819786568
0.0110292520031154
0.011028668523434877
0.01102911700251216
0.011031094157611873
0.011032223376224365
0.011034991726678165
0.011034333116352045
0.011037523909349766
0.011040806755004249
0.011041712207958644
0.011042930455731513
0.011043006179480123
0.011045236606212216
0.011047779771473549
0.01104938292189235
0.01105157512870442
0.011052256120326417
0.011053174144532284
0.011055676379586548
0.011056208358167209
0.011057917988634132
0.011057602705077345
0.0110565703174252
0.011057745078147607
0.011058202289784422
0.011060185162095799
0.01105941005400914
0.011059333648982032
0.011062601131678014
0.011063901881577548
0.011062152595612992
0.011060368203225346
0.011059161872096514
0.011059955203119535
0.011060593754817152
0.011061825930338333
0.011059788774264709
0.01105638092211541
0.01105685460451309
0.011054300842342685
0.011055185010703098
0.011054296736248213
0.011054660531244735
0.011051976479677239
0.011049988120066528
0.011049441260154221
0.011044706254656214
0.01104379789339102
0.011041799096894463
0.011041528791605344
0.01103942369239022
0.01103786525613571
0.011037879622338143
0.011038899134442483
0.011038249390825995
0.011037092514486185
0.011035012607690691
0.011031975337202071
0.011033885574277008
0.011034071178776547
0.011032267580013438
0.011031369124944098
0.01103003785844348
0.011028112029120239
0.011027992120057856
0.011024999591242786
0.01102372757255721
0.01101698097497343
0.01101708055526086
0.011017162101745581
0.011017459263621342
0.011015780153986127
0.011017424420272844
0.011017613513200764
0.011016976766919742
0.011015820176995763
0.01101602745703326
0.011013868230653314
0.011012123095040967
0.011011758125074189
0.011011160707029002
0.01101226365725467
0.011013384072677285
0.01101786993261624
0.011015214501255565
0.011012990721376851
0.011012001297437561
0.011011848314342636
0.011010985057793493
0.011008125314801288
0.011009364435867214
0.01100713149492769
0.011004829573942944
0.011003401580506228
0.01100393089893452
0.011002895328697361
0.011002038251948613
0.01100052468014691
0.011000130723384478
0.011000285533148463
0.01099959039789458
0.010996165927196131
0.010996358714916379
0.010996090887273558
0.0109942123014755
0.01099458237969696
0.010993342536014339
0.010991520000514524
0.010987598379015905
0.01098620460360521
0.010989646224597282
0.010989469628868627
0.010989928039081005
0.01098945173063811
0.010987090329211838
0.010990490724769642
0.010988993383212907
0.010986353926808882
0.010988975797993707
0.010988096362323875
0.010986883577752961
0.01098632187731914
0.010986410871302957
0.010988431379443721
0.010988800306753367
0.010988484451613934
0.010987730208275124
0.01098858999980845
0.010988835623870956
0.010988099416137575
0.010989151203702818
0.010989063553842745
0.01098866067130611
0.010987505218108989
0.010987715864261335
0.010987313879583753
0.01099523412594888
0.010998429023004954
0.010998529820797076
0.011001163034566913
0.011005350176009353
0.01101600711427301
0.011017250465070507
0.011015546787118967
0.011020004375659916
0.011036793007442902
0.011039867420191486
0.011039572988683249
0.011044693400894659
0.011047091412742382
0.011049120391253768
0.011057195005836224
0.01105890650772289
0.01105619455109005
0.011054061739707416
0.011050465212112408
0.011048476948278419
0.011059092242703775
0.011058304845281496
0.011055914717368897
0.011052821398816602
0.011049758542313335
0.011047064079893776
0.01104503240861588
0.01104335936886109
0.011042642191689588
0.011038033497103928
0.011035473855465728
0.011031187091190728
0.011031912459368897
0.011032274337350718
0.011030517137702946
0.011027190805144561
0.0110354040162301
0.01103369992463875
0.011032359399542077
0.011033082060696012
0.011034039057937295
0.011031735750284455
0.011033083645443196
0.011031504992411161
0.011029171019192692
0.011028386093261245
0.011026548452015277
0.011025078511450917
0.011022117373178736
0.011020063482781735
0.011019215222933898
0.011016638387002542
0.011014094873702043
0.011012771400011176
0.011007691579899214
0.011005894409148271
0.011003740744987804
0.01100087350311921
0.0109990990182085
0.010994399925744872
0.01098935073326748
0.01098643034485742
0.010984564779281749
0.010983463827895374
0.010981008117336476
0.0109767436123185
0.010974818486273385
0.0109738439261838
0.010971499658968962
0.010969191468406636
0.010969045139236105
0.010968460293927668
0.010969056313665192
0.01096643220590337
0.010963086743235232
0.010962521687061461
0.010961098995207013
0.010959072221881328
0.010957400155176168
0.010954688539262474
0.010950990107350336
0.010947061650691998
0.010945967862858681
0.010945711960744724
0.01094368238553318
0.01094244062274102
0.01094236998105482
0.010943235403291219
0.010942813643853104
0.010942542492420519
0.010940401514261431
0.010938662957404493
0.01093911059876916
0.010937623840849647
0.010935688462376386
0.010935453410094734
0.010937150219062804
0.010937414361141729
0.01093604710444336
0.010932169749767684
0.010929410298271056
0.010928646212430879
0.010927052733585877
0.010924581522943747
0.010923505112710298
0.010923108898844427
0.010921338159628657
0.010921439616749037
0.010919207561922484
0.01091985541190337
0.010916881799392833
0.01091637289433732
0.010915517465735807
0.010917156092941065
0.010923548769569531
0.010928119275207227
0.01094084299338805
0.010952140069007693
0.010953657833623308
0.010960928135812986
0.010959428271860106
0.010959745517117828
0.01096252339654664
0.010984930485399528
0.011019772181911887
0.011027926500514377
0.011026707300595998
0.011034977352415617
0.011031407347873938
0.011040699843709962
0.011039164318784704
0.011061264461102144
0.011063152160248084
0.011059408798766324
0.011054992459108038
0.011050169382158413
0.011042468737875668
0.011041169451073985
0.011041105900072325
0.011037652613506295
0.011037277630441909
0.011035357822594337
0.011036298283804992
0.011037271260219972
0.011034876817384395
0.011033830336637433
0.011032620574499183
0.011032756375571558
0.011030334906760687
0.011027637403678948
0.011030481108835663
0.011028419788593539
0.011025418768845524
0.011022518933616091
0.011021041381086739
0.011022920511541655
0.01102100351784515
0.011024090061611298
0.011028004510515917
0.011031654703889884
0.011027762032969629
0.011026628873448296
0.011023248201497192
0.011019129491717234
0.011019620551496582
0.011015783941657416
0.011014528582591306
0.011012107876591438
0.011012144082534484
0.01101311553927683
0.01101266603429491
0.011011315105886496
0.01101534112071418
0.011014749357656168
0.011011854187053563
0.011013770507163416
0.011012294086488796
0.011013086998999609
0.011015985239895557
0.011014030211498022
0.0110114657124078
0.011007955623677105
0.011009415179515604
0.011011208097248657
0.011009661152603059
0.011022414963904652
0.011022486396713358
0.011020274451279437
0.011017315418857348
0.0110153047717957
0.01100830236718465
0.011009651421565495
0.011012278625316767
0.011010801763470269
0.011007502741721163
0.011016364353312302
0.011020425313653243
0.011019251826403332
0.011016244980442909
0.01101354088305075
0.011026578029850574
0.011032419385144609
0.011030814040846519
0.011028551791453811
0.011032563671055252
0.011048942777727293
0.011048250129038026
0.011053284124329623
0.011049508830674093
0.011052357212185098
0.011048570824116597
0.011058801862413887
0.011061698706424155
0.011069702171956372
0.011065100320127821
0.011074085777484128
0.011076760485516497
0.011075354322345058
0.011079116253244321
0.011140264097380533
0.011140192702973107
0.011139654735177095
0.011140780384662768
0.011155040746686065
0.011154757950914484
0.011161238241911751
0.011163717346126763
0.01116311279436951
0.011160225893039732
0.011156640316262026
0.011149841705948628
0.011151439692271666
0.011154081532213313
0.011149332052226945
0.011149889341908564
0.011145655458821888
0.011144266141248022
0.011143353622870772
0.011142235645764543
0.01114252878794775
0.01114303954591794
0.011143047216157205
0.011142627335176937
0.011138599800036357
0.0111353358485424
0.0111375355808007
0.011139421521839055
0.011136839627524188
0.011137433031505497
0.01114315883465973
0.011142676991307181
0.011141911349140134
0.011143734057364452
0.011143378610093607
0.011143886786150045
0.011144099217153564
0.011146882141922155
0.011148387169803846
0.01114974495064519
0.011148899463342549
0.011149567646742789
0.011149226918146186
0.011150603814382725
0.01115070405421062
0.011151024767027774
0.011150290266231539
0.011149335881860518
0.011150191670383397
0.011152148785640796
0.011153255666937596
0.011153654070251373
0.011156066428535153
0.011154355980483402
0.011153212892166814
0.011152714968792408
0.01115121189838254
0.011147229875364453
0.011146369092431416
0.01114646993280886
0.01114232367712147
0.011141595383132015
0.011142037798625581
0.011145496918622702
0.011145738679055814
0.011146058580695891
0.01114592457830784
0.011145571663134849
0.011147153652534311
0.011147718490653897
0.011147021501833299
0.0111486064942876
0.011148784552611918
0.011150290669970456
0.011150843249241944
0.011150286531546486
0.01115119803250402
0.011150735144837744
0.011149897962897126
0.01115158911544442
0.011153311147993384
0.011157616724114777
0.011157807878156402
0.011164918885130269
0.011165217537192925
0.011165188318205071
0.011166017295448066
0.011168016321625455
0.011168907014727477
0.01117090535186396
0.011172872188097637
0.011173090728289986
0.011174385771859316
0.0111771318451903
0.011176046105552012
0.011176170155760284
0.011174641612183721
0.011175888087699967
0.011176853663400302
0.01117560631532579
0.011177895672973719
0.011176835343380084
0.011173067656733504
0.011171240873271539
0.011169578685717545
0.011163525072065335
0.011160534438736528
0.011156942753332436
0.011155119725327034
0.011153019707829726
0.011152328717731815
0.011150262399884672
0.011148105196214134
0.011146196886599081
0.011143734798492204
0.011139964831357922
0.011139125660235921
0.011136377774245053
0.011135109589211463
0.01113430373993803
0.011131146499805322
0.011129912467875903
0.011127236207524472
0.01112454722072464
0.011120588798659466
0.011118687025214019
0.01111566959725316
0.011113664605675455
0.011112364465745359
0.011111187508164935
0.011111156937874032
0.011113019698916456
0.011110485391820078
0.0111102566989726
0.011107374951105866
0.01110435902676706
0.011100250465080891
0.011100055370074942
0.011098020412357011
0.011095561775289885
0.011094654306724414
0.01109974032654826
0.011098392066598559
0.011097272370567141
0.011095440742775459
0.011093004481732262
0.011092721110173403
0.011091695903239458
0.011090853014468466
0.011093288376394334
0.011092491058511357
0.011092525870518583
0.011093422455082476
0.011092308279241129
0.011091330837114211
0.011089976540172401
0.011085545249081194
0.011083139184588874
0.011084961135334963
0.011083611612852368
0.011080862995052532
0.011078703741421779
0.011077553735162173
0.01107490177350381
0.011074835505122366
0.011084292937574791
0.011080996517633291
0.011079728551389468
0.011079121304534386
0.011081352119843173
0.011080190000229992
0.011079448245641322
0.011074394685804258
0.011071770632249976
0.011070389745778047
0.011068023804349734
0.011079446553915656
0.011076913947227872
0.011077459964724728
0.011087637365230064
0.011088136260335313
0.011087696416204286
0.011089034222171333
0.011091434304529631
0.011090289332967157
0.011087324792684518
0.011086450640948039
0.011082778746335424
0.011083292007853856
0.011080202181116779
0.01107790380442955
0.011074671168281862
0.011073862866540836
0.011074436252583522
0.011105063769662424
0.011102431520936646
0.011101258803453607
0.01110096386897381
0.011102467527424782
0.01110153338758727
0.011101268295816149
0.011098019127966928
0.011099166459418046
0.011096486246316872
0.011097128933489363
0.011094702209593599
0.011089702362049227
0.01108988503232382
0.01108702145135311
0.011088023095716337
0.011088796996789699
0.011087579087579088
0.01108782097550452
0.011087088494349952
0.011086090881989695
0.011086096874284832
0.011084038665127438
0.011082998844634597
0.011081797702035472
0.011081495496979827
0.01108141425519931
0.01107868468501961
0.011075737287652
0.01107599555261894
0.011077888793967983
0.011076178062192615
0.011076377288852829
0.011077618888553083
0.011077362636197624
0.011075668500910057
0.011075989178265954
0.011076452145913655
0.011074056428987348
0.011075867708883321
0.01107795722045426
0.011080259121437046
0.011080500937041646
0.0110820028538141
0.011078391981052276
0.011075180183036375
0.011074706063355349
0.011074831692397475
0.011072706372679054
0.01107259861698071
0.011072476309069035
0.01107108859771485
0.01107165266726777
0.011070485074872688
0.0110719140909043
0.011073440076711925
0.011072544986740334
0.011072976854832233
0.011071251855517071
0.011073563200240026
0.011073440976073105
0.011071629590274745
0.011072192112591611
0.011070382291594107
0.01106853029624248
0.01106826414628444
0.011067852805042182
0.011067441689507787
0.01106610135462308
0.011064471699350691
0.011062944838691066
0.011063710400595728
0.011063402563154846
0.01106335582781891
0.011063570002462938
0.011062987124396068
0.011063169111621368
0.011063701687106527
0.011057115132619994
0.011057098926845595
0.011055305278813519
0.01105576622039404
0.011056400314068135
0.011055128064484112
0.011055054615912907
0.011056020302660025
0.011058587931504901
0.011057763207521314
0.011060084643904426
0.011058495094969735
0.011059797245745304
0.011062362405183478
0.011061652676622676
0.011061592186235187
0.011058462107700145
0.011057826310072391
0.011057090105128292
0.011055634807417974
0.011054626457458035
0.011054481500849445
0.011054221607231803
0.01105245300237507
0.011054441662962357
0.011054181994430678
0.011053520394907769
0.011053375948550048
0.011053791308886791
0.011053524446642343
0.011055144639656535
0.011053952890958983
0.011056187586822332
0.011056415470163498
0.011055869217156821
0.011056039734343973
0.01105552251338208
0.011055592764507065
0.01105586345438744
0.01105544685991902
0.011057993608635077
0.011060540337565308
0.011059421089011253
0.011056728807397373
0.011055626043578412
0.0110567827219342
0.011054194247217385
0.011055907685626545
0.011057120703024037
0.011057190403836811
0.0110614411130672
0.01106172405866872
0.011063006715534306
0.011064646195995296
0.011065199740280193
0.01106162722290456
0.011061167897333376
0.011064685855772206
0.01106401192262669
0.011063495234474181
0.011062750767280234
0.011060952442283544
0.011058628755781964
0.01105885442006657
0.011060850765379987
0.011058941572975893
0.011057218760367348
0.011056435254101332
0.011058364518649505
0.011058533006643856
0.01105706803391228
0.011061983837226773
0.01106056093578302
0.011057478874287577
0.01105689555210081
0.011055504479518082
0.011054766214255315
0.011051634939873264
0.011051124901535092
0.011050530246184813
0.011049737901548269
0.011048408768090906
0.011046359919979125
0.011046671483653151
0.011048607479037697
0.011048311111849767
0.011046814775434255
0.011045771089616898
0.011045080737139085
0.011043305076090287
0.011045816135419766
0.011048398007816589
0.011048863592858692
0.011048581864760765
0.01105431114308235
0.011052816115768336
0.011055977097786893
0.011055896032030124
0.011053642188470903
0.011053380547373995
0.0110512280273189
0.011050046995768474
0.011051768206615038
0.011050517377265909
0.011048579441128671
0.011048720066061106
0.011051828784286134
0.01105432673257267
0.011053792329384221
0.011054850285415443
0.011055613083998295
0.011053522184421561
0.011051685267885445
0.01106808545697681
0.011067534261330158
0.011067745445655051
0.01106963866622253
0.011071138682378743
0.011071264460937272
0.01107217478571311
0.01107200153851604
0.011070904125944973
0.011071081273496805
0.011071556793875373
0.011071411870424038
0.011074004015653213
0.011072935351034536
0.011070525357538323
0.011066734808477346
0.01106486036479225
0.011063495005352085
0.011063491863411191
0.011063181997472065
0.011062509921109855
0.011064385022966312
0.011061345337542864
0.01106096683094302
0.011059767532266567
0.011059067618119518
0.011061485108426947
0.011058020992519907
0.011076887517711966
0.01107964712899884
0.011078305100916142
0.011075685313518309
0.011069486132111665
0.011069176398625723
0.011069990462738885
0.011070318765036087
0.011071506875058727
0.011065444990128856
0.011067907200336506
0.011054095440482515
0.011056554055236518
0.011054991302956995
0.011057449001905594
0.011045297949782077
0.011047752143044308
0.011050206317933003
0.011045176993412545
0.011044806260884308
0.011045110214296576
0.011043735134751261
0.011043730282389192
0.011042356632386265
0.011040296896993321
0.011037456197855702
0.011034508482584127
0.011033469558213764
0.011032266802183343
0.011030859328907409
0.011028549080954244
0.011028170552488382
0.011026697586583834
0.011024596670172445
0.01102370990237099
0.011023305851498941
0.011022351947154159
0.011021552653024827
0.011019686145672279
0.011017388517614335
0.011010299439100285
0.011010534770922797
0.011007957395882607
0.011007110482250957
0.011006671645199317
0.01100684426037314
0.011006772354383276
0.01100627767294434
0.011006898116520706
0.011006636281709727
0.011023979157346505
0.011023971315742457
0.011023026534589073
0.011021919471401007
0.011022590585799042
0.011023600722842919
0.011021585424977666
0.011022021901347984
0.01102284146270966
0.011022982993322758
0.01102475097170527
0.011025610447282263
0.011025412531112682
0.011025201161996234
0.011025044074376662
0.01102679673766027
0.011026368470825196
0.011026752768660447
0.011026392385872174
0.011026397568890439
0.011026916917715344
0.011027138440398489
0.011027454559282075
0.011026539969367997
0.011027288677350656
0.01102869962853535
0.01102769055795359
0.011028542372466015
0.011029573910273687
0.011030334952259045
0.0110302852174339
0.011030640668523677
0.011031158032876793
0.011031999285178345
0.011032813287839551
0.011036722586550593
0.01103768425199837
0.011045175243834263
0.011043852569276298
0.011043705344698581
0.0110442061617747
0.011045732780537412
0.011044856364325078
0.011045005863956216
0.011044197552274607
0.011045533977381384
0.01104602040467481
0.011046129094080696
0.011046359070743807
0.011046454165085493
0.011048058750538372
0.011048827350635884
0.0110489623074146
0.011050067378459625
0.01105109133032557
0.01105234409671929
0.011053071076354814
0.011052854802854803
0.011053877752959055
0.01105468492990455
0.011055384124346574
0.011056379373768232
0.011057253163477816
0.011059708053907857
0.011061146808596134
0.011062060031703284
0.011061518743602321
0.011063427885680346
0.01106428652267193
0.011065575765245283
0.01106697246032084
0.011070330662261242
0.011071645785184284
0.011072408492089746
0.011072565063175391
0.011072735031201333
0.011073900966991023
0.011075820506555908
0.011076339727891984
0.011076791472960526
0.011077216141780592
0.011077344643885233
0.01107520407122705
0.011073839752027515
0.011073919107391911
0.011075711507780639
0.011077431732600009
0.011075627320042258
0.011075433830217862
0.011074368757348303
0.011075443744008366
0.011076295976249866
0.011077888872620614
0.01108291257297279
0.011094061926025883
0.0110946423649227
0.011094243660000532
0.011095779181548842
0.011110762260359659
0.011108670146248667
0.011109716748679312
0.011107506039834564
0.01110788223136759
0.01110920880345116
0.011118944748751138
0.011123398165615039
0.011122953435578758
0.011128285878007791
0.011127358064807294
0.01112917178508306
0.011129900150820129
0.011128437510144359
0.011131593874078275
0.01113564608131941
0.011133648212263465
0.011132721051683775
0.011129884249203808
0.011134780866840832
0.011133934577791847
0.011138228144283927
0.011145088659833345
0.011145157773939209
0.011144376317302165
0.011142234671646436
0.011143241522279301
0.011146277693683777
0.011143910379852212
0.011145535269084383
0.011163593629889453
0.011169271953726278
0.01117042120253467
0.011180036689533929
0.011179594702378962
0.01118272639381244
0.01118160351186591
0.01117934784553345
0.01117817246357289
0.011177817870685279
0.011176458675574161
0.011175166930842341
0.011172652356244055
0.011171854732568074
0.011169170709890604
0.01117002869506999
0.011169192762791073
0.011168835182127962
0.011177479167731104
0.011175898353844454
0.011174557488235901
0.01117502795537586
0.011178521667509298
0.011181037908760358
0.011180710546725835
0.011178800347574153
0.011180150728155916
0.011183023042763567
0.01118360401652301
0.01119168725820246
0.011191365239974846
0.011195748030563989
0.011194617116877246
0.01119521719123546
0.01119519462706333
0.011194757576939579
0.011197663096397274
0.011199531226372296
0.01120360518244977
0.011230556935996214
0.011229789388344668
0.011230360438170483
0.011229487312566646
0.011232218601969088
0.011234617098688724
0.011232419884164197
0.011231467901256384
0.01123058261002697
0.011230477948795238
0.011229143983756584
0.011232358607022784
0.011231355091755477
0.011231025811717716
0.011230194891090273
0.01123158337702151
0.011229683872120021
0.011230305258940834
0.011231230878544626
0.0112295836424942
0.011229835420170977
0.011226806361348532
0.011225333528808093
0.011224469460651055
0.011225685493320835
0.011224414506946745
0.011222406413606436
0.011220951393431974
0.011218921621953573
0.011217457797150387
0.011221089711449346
0.011220883017941961
0.011219509915920842
0.011217299417942776
0.011215640501896702
0.011213917345343383
0.011211698514592819
0.011210971477609539
0.011208859859530853
0.011206426571113048
0.01120701000047749
0.01120675502441035
0.011205081623223893
0.01120362797440035
0.011202474965399332
0.01119896589162786
0.011199537003679334
0.011201682576386993
0.01120291308272983
0.011203583659775371
0.01120517812585671
0.011206095521278573
0.011207338077192429
0.011208281029183103
0.011208666952252588
0.011229277374991005
0.01123343799149193
0.011234507579230552
0.011233621743781078
0.011231251290115339
0.011232359954880436
0.011232009604921132
0.011232491958583227
0.011231347692222152
0.01123026915358418
0.011230543930632492
0.011228842490689886
0.011227856653647521
0.0112262871139988
0.011224874386383553
0.011222632482188362
0.011220677561186368
0.011218167079673812
0.011216552061677761
0.011215455842099676
0.011215020120352937
0.011209800706967993
0.011208087802258213
0.01120623410856464
0.011205001192021403
0.011204130249309456
0.011201648079733914
0.011199799358499423
0.011200003680428401
0.011204571980520788
0.011201384714580764
0.01120087484219873
0.011199750121436848
0.011198330409866928
0.011195682353778056
0.011193803037236598
0.011204883233261752
0.011202103130400503
0.011200586490108707
0.011202660059265094
0.011199952394194381
0.011198447844107173
0.011197754959912449
0.01119640580969311
0.011194750489398927
0.011193518315420049
0.011193015558291625
0.011189612678669074
0.011189149583545423
0.011187614446010005
0.011187279716211746
0.011186758781736769
0.01118346674932988
0.011183075003845036
0.011180233147375696
0.011178895338446179
0.011176744360705471
0.011181154498571638
0.011181520013465134
0.011181645455196667
0.011181478487931256
0.011180663520897544
0.011179645773378127
0.011177714531028891
0.01117488398281765
0.011173336510800552
0.011172651961907702
0.011171536965311528
0.011168510513839906
0.011168549437322269
0.011168006200419026
0.011166881327248074
0.011166060611551324
0.011164949620740406
0.011164369995189723
0.011161327910673176
0.011160416426359798
0.011158867178844841
0.01116016928460975
0.011158721656846992