0.7934237718582153
0.664793074131012
0.633651852607727
0.7199651598930359
0.5368771553039551
0.5093204975128174
0.6716715693473816
0.8038941621780396
0.38687917590141296
0.7748609185218811
0.6831709146499634
0.5331706404685974
0.425475537776947
0.6921908855438232
0.731001615524292
0.7376626133918762
0.7026606798171997
0.5244739651679993
0.7013893127441406
0.7360417246818542
0.6182844042778015
0.6857951879501343
0.6481846570968628
0.6770180463790894
0.7852681279182434
0.44671812653541565
0.46677735447883606
0.6738665699958801
0.6137922406196594
0.39639928936958313
0.6776983737945557
0.6700689792633057
0.8222755193710327
0.7430174946784973
0.7396942377090454
0.6383355259895325
0.8444101214408875
0.5437508225440979
0.6734896302223206
0.39850738644599915
0.6685342192649841
0.8028678894042969
0.625051736831665
0.5041325688362122
0.652001678943634
0.4875915050506592
0.6562438607215881
0.5268200039863586
0.7175522446632385
0.5709032416343689
0.7616581320762634
0.7512570023536682
0.6372998952865601
0.6524782776832581
0.7466681599617004
0.5425295829772949
0.7749271988868713
0.6648008227348328
0.6567949652671814
0.5706561803817749
0.6049615740776062
0.6793982982635498
0.6533158421516418
0.5980907082557678
0.6252034306526184
0.8054810762405396
0.7036527991294861
0.6233631372451782
0.8359929919242859
0.8099542856216431
0.6062837839126587
0.587906539440155
0.6412482261657715
0.5068454146385193
0.5133574604988098
0.6858091950416565
0.5662426948547363
0.6983616948127747
0.4910022020339966
0.7082176804542542
0.7412744164466858
0.5096861124038696
0.6348007917404175
0.5755243897438049
0.734275221824646
0.5156117081642151
0.5398967266082764
0.8809115290641785
0.5745918154716492
0.6751493811607361
0.76905757188797
0.6740403771400452
0.5664187669754028
0.5813108682632446
0.8720627427101135
0.6357326507568359
0.5781803131103516
0.5443398356437683
0.6368635296821594
0.7079668045043945
0.5752980709075928
0.46167659759521484
0.6480854749679565
0.7924867868423462
0.7118397355079651
0.5376179814338684
0.7612242698669434
0.49942418932914734
0.8591504693031311
0.49329105019569397
0.5216307044029236
0.3573405146598816
0.48669350147247314
0.5546985864639282
0.5707702040672302
0.4107308089733124
0.5960879921913147
0.564830482006073
0.7741300463676453
0.7441791296005249
0.7186756134033203
0.6554562449455261
0.6368716955184937
0.6097216606140137
0.7283321022987366
0.6853306889533997
0.5629405975341797
0.7143641114234924
0.5643543004989624
0.6041393280029297
0.6167089343070984
0.6385584473609924
0.7687366604804993
0.679747462272644
0.672124445438385
0.4728080630302429
0.47489646077156067
0.8395785689353943
0.6185929775238037
0.512108564376831
0.4862787127494812
0.4649452865123749
0.4804121255874634
0.49345895648002625
0.4900148808956146
0.6381273865699768
0.43203744292259216
0.7300220131874084
0.7720056772232056
0.6872579455375671
0.48346152901649475
0.7718067765235901
0.8622152805328369
0.6474950909614563
0.6351521611213684
0.5588071942329407
0.4462987780570984
0.5453821420669556
0.6843159794807434
0.40174320340156555
0.6750923991203308
0.4667169451713562
0.6519352793693542
0.6414325833320618
