0.20657622814178467
0.33520692586898804
0.36634814739227295
0.2800348401069641
0.4631228446960449
0.4906795024871826
0.3283284306526184
0.19610583782196045
0.613120824098587
0.2251390814781189
0.3168290853500366
0.4668293595314026
0.574524462223053
0.30780911445617676
0.268998384475708
0.2623373866081238
0.2973393201828003
0.47552603483200073
0.2986106872558594
0.26395827531814575
0.3817155957221985
0.3142048120498657
0.3518153429031372
0.32298195362091064
0.2147318720817566
0.5532818734645844
0.5332226455211639
0.3261334300041199
0.3862077593803406
0.6036007106304169
0.32230162620544434
0.32993102073669434
0.17772448062896729
0.2569825053215027
0.2603057622909546
0.36166447401046753
0.15558987855911255
0.4562491774559021
0.32651036977767944
0.6014926135540009
0.33146578073501587
0.19713211059570312
0.37494826316833496
0.49586743116378784
0.34799832105636597
0.5124084949493408
0.34375613927841187
0.47317999601364136
0.2824477553367615
0.4290967583656311
0.23834186792373657
0.2487429976463318
0.36270010471343994
0.34752172231674194
0.25333184003829956
0.4574704170227051
0.22507280111312866
0.33519917726516724
0.3432050347328186
0.4293438196182251
0.3950384259223938
0.3206017017364502
0.34668415784835815
0.4019092917442322
0.3747965693473816
0.19451892375946045
0.2963472008705139
0.3766368627548218
0.1640070080757141
0.19004571437835693
0.3937162160873413
0.41209346055984497
0.3587517738342285
0.4931545853614807
0.4866425395011902
0.3141908049583435
0.43375730514526367
0.30163830518722534
0.5089977979660034
0.29178231954574585
0.2587255835533142
0.49031388759613037
0.3651992082595825
0.42447561025619507
0.265724778175354
0.4843882918357849
0.46010327339172363
0.11908847093582153
0.42540818452835083
0.3248506188392639
0.23094242811203003
0.32595962285995483
0.43358123302459717
0.41868913173675537
0.12793725728988647
0.36426734924316406
0.42181968688964844
0.4556601643562317
0.3631364703178406
0.29203319549560547
0.4247019290924072
0.5383234024047852
0.35191452503204346
0.2075132131576538
0.2881602644920349
0.4623820185661316
0.23877573013305664
0.5005758106708527
0.1408495306968689
0.506708949804306
0.4783692955970764
0.6426594853401184
0.5133064985275269
0.4453014135360718
0.4292297959327698
0.5892691910266876
0.4039120078086853
0.435169517993927
0.22586995363235474
0.2558208703994751
0.2813243865966797
0.3445437550544739
0.36312830448150635
0.39027833938598633
0.2716678977012634
0.31466931104660034
0.4370594024658203
0.28563588857650757
0.4356456995010376
0.3958606719970703
0.3832910656929016
0.36144155263900757
0.23126333951950073
0.32025253772735596
0.327875554561615
0.5271919369697571
0.5251035392284393
0.1604214310646057
0.3814070224761963
0.48789143562316895
0.5137212872505188
0.5350547134876251
0.5195878744125366
0.5065410435199738
0.5099851191043854
0.3618726134300232
0.5679625570774078
0.26997798681259155
0.22799432277679443
0.31274205446243286
0.5165384709835052
0.2281932234764099
0.13778471946716309
0.3525049090385437
0.3648478388786316
0.4411928057670593
0.5537012219429016
0.45461785793304443
0.3156840205192566
0.5982567965984344
0.3249076008796692
0.5332830548286438
0.34806472063064575
0.35856741666793823
