0.4078839421272278
0.26478391885757446
0.28465402126312256
0.2243950366973877
0.2516288757324219
0.5271772146224976
0.25870776176452637
0.3709067702293396
0.3866842985153198
0.28341811895370483
0.23574697971343994
0.2935400605201721
0.42896443605422974
0.284227192401886
0.17378771305084229
0.3726270794868469
0.25894325971603394
0.23403191566467285
0.1710614562034607
0.2965879440307617
0.32943618297576904
0.3704800009727478
0.23435240983963013
0.30644309520721436
0.22952520847320557
0.3332619071006775
0.5383920669555664
0.3329957127571106
0.5745441317558289
0.278336763381958
0.38862699270248413
0.3760179281234741
0.4680299162864685
0.2598974108695984
0.21729552745819092
0.276741623878479
0.42178988456726074
0.23462867736816406
0.3010863661766052
0.47811341285705566
0.18622171878814697
0.5548741519451141
0.2406710386276245
0.31357038021087646
0.42366230487823486
0.5184830129146576
0.306861937046051
0.27302443981170654
0.3286951184272766
0.26693058013916016
0.40983664989471436
0.3373018503189087
0.4582471251487732
0.29003024101257324
0.21117126941680908
0.3212217688560486
0.2138984203338623
0.3159404397010803
0.3422507047653198
0.41118574142456055
0.3837643265724182
0.25406378507614136
0.32094907760620117
0.4146941304206848
0.33621853590011597
0.33463501930236816
0.4471757411956787
0.37636470794677734
0.44972681999206543
0.30085909366607666
0.34401559829711914
0.40689337253570557
0.2505338788032532
0.5668413639068604
0.36287856101989746
0.2907925844192505
0.3240259885787964
0.48280948400497437
0.20721304416656494
0.4161723256111145
0.3119373321533203
0.29567450284957886
0.46233105659484863
0.3758177161216736
0.3808349370956421
0.07111215591430664
0.41810089349746704
0.3724309206008911
0.13756924867630005
0.4395154118537903
0.5313345789909363
0.3185170292854309
0.2774497866630554
0.18060356378555298
0.3314383029937744
0.41335219144821167
0.3919300436973572
0.3068920373916626
0.29524219036102295
0.3251104950904846
0.41034698486328125
0.546730101108551
0.27423733472824097
0.2358223795890808
0.20717930793762207
0.2642631530761719
0.29749733209609985
0.2565390467643738
0.6362761855125427
0.42230039834976196
0.45880770683288574
0.23135662078857422
0.31506890058517456
0.3778817057609558
0.30809688568115234
0.4694215655326843
0.4135385751724243
0.5613305270671844
0.3212584853172302
0.1746775507926941
0.3942224383354187
0.26910823583602905
0.3927764892578125
0.27017027139663696
0.7034307718276978
0.3161012530326843
0.17964237928390503
0.2033013105392456
0.2067285180091858
0.4041624069213867
0.19515007734298706
0.2279396653175354
0.24203860759735107
0.3707709312438965
0.23144859075546265
0.4729757308959961
0.4752733111381531
0.5998632907867432
0.48266053199768066
0.28153473138809204
0.4139631390571594
0.6513820886611938
0.5109417736530304
0.2873353958129883
0.3118756413459778
0.29723477363586426
0.3087027668952942
0.24489188194274902
0.1823117733001709
0.2247394323348999
0.24579143524169922
0.6079773902893066
0.18495416641235352
0.1690455675125122
0.3070385456085205
0.27656543254852295
0.24513262510299683
0.34500569105148315
0.5296074151992798
0.40206462144851685
0.5420912802219391
0.2800348401069641
0.2531447410583496
0.12706893682479858
0.26150262355804443
0.2783951163291931
0.23109567165374756
0.12029016017913818
0.24709004163742065
0.25962013006210327
0.09974324703216553
0.725230872631073
0.44029033184051514
0.27074700593948364
0.33857589960098267
0.3638880252838135
0.42523330450057983
0.5088979005813599
0.45535361766815186
0.6594333946704865
0.38342100381851196
0.27672815322875977
0.14714181423187256
0.37247949838638306
0.34437108039855957
0.36498767137527466
0.3585941791534424
0.2592339515686035
0.4258924722671509
0.22161859273910522
0.5162630081176758
0.2655910849571228
0.33441686630249023
0.49636220932006836
0.2501015067100525
0.3483756184577942
0.43645286560058594
0.524806946516037
0.3421584963798523
0.3870469927787781
0.2941955327987671
0.25103920698165894
0.24792540073394775
0.4507966637611389
0.28693437576293945
0.2722272276878357
0.3336111903190613
0.2812719941139221
0.3532412648200989
0.30584055185317993
0.36548787355422974
0.2452911138534546
0.26293420791625977
0.3620564341545105
0.381508469581604
0.2992234230041504
0.31127846240997314
0.32582229375839233
0.2685650587081909
0.5058403015136719
0.15999621152877808
0.30268949270248413
0.26568567752838135
0.18977928161621094
0.31978458166122437
0.4529586434364319
0.2471771240234375
0.15008211135864258
0.3298185467720032
0.41490650177001953
0.44807738065719604
0.4735957384109497
0.5011919736862183
0.4747743606567383
0.48217761516571045
0.5296400785446167
0.17543143033981323
0.3295127749443054
0.3404043912887573
0.340911865234375
0.3941648602485657
0.6604865491390228
0.5515197217464447
0.2254830002784729
0.6731237769126892
0.3022112250328064
0.5089777410030365
0.4462842345237732
0.26828980445861816
0.4788796305656433
0.3649635910987854
0.26271575689315796
0.4220616817474365
0.393973708152771
0.4140123128890991
0.4040340781211853
0.27046269178390503
0.255736768245697
0.3379087448120117
0.2531718611717224
0.3155812621116638
0.4334816336631775
0.3633893132209778
0.20376580953598022
0.22010010480880737
0.4547554850578308
0.40522271394729614
0.3146538734436035
0.4646666646003723
0.4882451295852661
0.5162177383899689
0.2710944414138794
0.2382500171661377
0.31561189889907837
0.15400409698486328
0.5415538251399994
0.1946771740913391
0.2994571328163147
0.2468193769454956
0.3601261377334595
0.2509686350822449
0.31728488206863403
0.22881221771240234
0.3381168246269226
0.262828528881073
0.22089463472366333
0.37684160470962524
0.4321850538253784
0.24013864994049072
0.4058740735054016
0.29098933935165405
0.38422805070877075
0.2400454878807068
0.29272210597991943
0.5915785729885101
0.38289421796798706
0.5266644954681396
0.21239185333251953
0.416959285736084
0.29555028676986694
0.28015488386154175
0.35419148206710815
0.25896328687667847
0.5413957238197327
0.20483118295669556
0.13479703664779663
0.394991397857666
0.2684512734413147
0.1886473298072815
0.4913666248321533
0.27292972803115845
0.4106513261795044
0.20340901613235474
0.377261757850647
0.26832157373428345
0.41368794441223145
0.3972078561782837
0.515748918056488
0.6121515929698944
0.2653779983520508
0.33341091871261597
0.34041452407836914
0.2139175534248352
0.4328851103782654
0.47275662422180176
0.4927751421928406
0.34597963094711304
0.34867769479751587
0.5575752258300781
0.49365323781967163
0.41133999824523926
0.23743712902069092
0.29787808656692505
0.5138523876667023
0.40444743633270264
0.33219003677368164
0.4085962772369385
0.59351447224617
0.6325863301753998
0.637147068977356
0.6474151611328125
0.7094041407108307
0.4368022680282593
0.6378360688686371
0.5857971906661987
0.28634971380233765
0.5911559164524078
0.34260523319244385
0.41903990507125854
0.26258522272109985
0.2617659568786621
0.3063870072364807
0.4427350163459778
0.352328896522522
0.2434178590774536
0.3998625874519348
0.20491451025009155
0.29056447744369507
0.24018681049346924
0.2354295253753662
0.2820868492126465
0.4448590874671936
0.12593525648117065
0.28648805618286133
0.30952584743499756
0.2643505930900574
0.3229559063911438
0.4662448763847351
0.48811739683151245
0.3762257695198059
0.5827387571334839
0.3408275246620178
0.5714665949344635
0.5526016056537628
0.49629372358322144
0.2527772784233093
0.29751771688461304
0.5080746710300446
0.23785829544067383
0.4193460941314697
0.39553189277648926
0.5958511531352997
0.20983916521072388
0.340198814868927
0.6409773230552673
0.331998348236084
0.4912372827529907
0.19971609115600586
0.5194613933563232
0.27971887588500977
0.48375827074050903
0.7027742564678192
0.3780050277709961
0.3656126856803894
0.41516196727752686
0.6989467740058899
0.3570442199707031
0.26341456174850464
0.2203860878944397
0.4615964889526367
0.5628001093864441
0.5407567024230957
0.39885222911834717
0.34225237369537354
0.5746915638446808
0.48815393447875977
0.5724695920944214
0.1726781129837036
0.566226989030838
0.39002740383148193
0.5131742656230927
0.4673043489456177
0.46906399726867676
0.2628690004348755
0.29203301668167114
0.24119633436203003
0.4310426115989685
0.29182058572769165
0.30913645029067993
0.44858312606811523
0.4711834192276001
0.5096496343612671
0.1883535385131836
0.1649409532546997
0.1997801661491394
0.2983904480934143
0.5493279993534088
0.2574729323387146
0.5651095807552338
0.3757142424583435
0.39035165309906006
0.19201284646987915
0.2981920838356018
0.43631553649902344
0.4753453731536865
0.29233789443969727
0.20831280946731567
0.16306465864181519
0.4213067889213562
0.43396174907684326
0.4253014326095581
0.2931690812110901
0.3181472420692444
0.5488778352737427
0.3306228518486023
0.3847987651824951
0.43155550956726074
0.34653401374816895
0.206994891166687
0.3029170036315918
0.2807636260986328
0.35442858934402466
0.2275257110595703
0.22665053606033325
0.21508347988128662
0.39192909002304077
0.2580450177192688
0.25297707319259644
0.46610599756240845
0.15997004508972168
0.6135609745979309
0.2788510322570801
0.29593509435653687
0.35583174228668213
0.21215373277664185
0.5284149944782257
0.4889322519302368
0.5137701630592346
0.3403171896934509
0.2988191843032837
0.1811608076095581
0.33493274450302124
0.33028966188430786
0.21839570999145508
0.7121406197547913
0.2209944725036621
0.3285508155822754
0.3690704107284546
0.4642041325569153
0.23230290412902832
0.40023982524871826
0.43118590116500854
0.5161007046699524
0.40327882766723633
0.4060344696044922
0.320550799369812
0.3665950298309326
0.34457385540008545
0.24520307779312134
0.32765036821365356
0.17044228315353394
0.40669023990631104
0.36446982622146606
0.14542526006698608
0.47781866788864136
0.377841591835022
0.47666382789611816
0.6574214696884155
0.298694372177124
0.4875068664550781
0.3182743787765503
0.3895590305328369
0.4108954071998596
0.3559109568595886
0.3966687321662903
0.6898368000984192
0.7045049667358398
0.3855857253074646
0.283128023147583
0.3037158250808716
0.6192931830883026
0.3176438808441162
0.4000188112258911
0.4450869560241699
0.26698023080825806
0.35308414697647095
0.2515218257904053
0.3970450162887573
0.26389604806900024
0.467415452003479
0.4434601068496704
0.39924484491348267
0.40902841091156006
0.5209640860557556
0.2788548469543457
0.5043168365955353
0.5192619860172272
0.3305554986000061
0.2801814675331116
0.4813562035560608
0.5124015510082245
0.3955727219581604
0.41765648126602173
0.5796015858650208
0.37010425329208374
0.4942358732223511
0.2777804732322693
0.5592650175094604
0.23647093772888184
0.4728618264198303
0.35519665479660034
0.1362844705581665
0.4431720972061157
0.6070920526981354
0.2656250596046448
0.42037004232406616
0.22821122407913208
0.5047854483127594
0.5056144297122955
0.5112990736961365
0.5194049775600433
0.3322521448135376
0.4843895435333252
0.6033899784088135
0.4418908357620239
0.3252895474433899
0.20843863487243652
0.3566904664039612
0.4483700394630432
0.2639179229736328
0.4966368079185486
0.42768800258636475
0.4348528981208801
0.2984239459037781
0.3448302745819092
0.7266671657562256
0.4637109041213989
0.4099292755126953
0.425184428691864
0.3628276586532593
0.4792226552963257
0.4198457598686218
0.5058408975601196
0.21757054328918457
0.41837048530578613
0.3945544362068176
0.1982709765434265
0.5054674744606018
0.21794646978378296
0.31412070989608765
0.1693509817123413
0.45830875635147095
0.3843543529510498
0.3452744483947754
0.2796604037284851
0.3710663914680481
0.41065657138824463
0.14227920770645142
0.46642595529556274
0.38621431589126587
0.5888670980930328
0.49664604663848877
0.3703076243400574
0.37755805253982544
0.5656512677669525
0.28265392780303955
0.3724464178085327
0.5255857706069946
0.13350826501846313
0.48206454515457153
0.20281332731246948
0.6490016579627991
0.14428257942199707
0.34693193435668945
0.42331463098526
0.5237679481506348
0.49136632680892944
0.12648963928222656
0.4603120684623718
0.4431142807006836
0.44918251037597656
0.43341219425201416
0.1404486894607544
0.43816590309143066
0.5388244688510895
0.3099138140678406
0.6024875938892365
0.16019171476364136
0.17139196395874023
0.4415985941886902
0.41311126947402954
0.48673421144485474
0.2911859154701233
0.33126533031463623
0.23597943782806396
0.478632390499115
0.5233125686645508
0.2829171419143677
0.5555720627307892
0.2372215986251831
0.4386436939239502
0.27186107635498047
0.27918779850006104
0.5580061078071594
0.2234918475151062
0.15529084205627441
0.3514634966850281
0.4724370241165161
0.2492157220840454
0.3314605951309204
0.6161442995071411
0.2218429446220398
0.4689157009124756
0.33515989780426025
0.30483704805374146
0.35863399505615234
0.3146201968193054
0.2862390875816345
0.39247989654541016
0.2621886730194092
0.6031012535095215
0.24906980991363525
0.3224024772644043
0.39004868268966675
0.2433987259864807
0.5283908545970917
0.345123291015625
0.28379660844802856
0.3224024772644043
0.26263535022735596
0.25298982858657837
0.16525530815124512
0.3660983443260193
0.5099614560604095
0.5245334506034851
0.3405267596244812
0.3960227370262146
0.346160352230072
0.23738610744476318
0.3126891851425171
0.267347514629364
0.21904999017715454
0.28077536821365356
0.3792281150817871
0.3962203860282898
0.19512104988098145
0.3785398602485657
0.4647165536880493
0.5936572253704071
0.5568101108074188
0.2285584807395935
0.6791296303272247
0.34924161434173584
0.15246528387069702
0.42641544342041016
0.4180188775062561
0.2869599461555481
0.3778685927391052
0.3121001720428467
0.4902808666229248
0.2323235273361206
0.38292819261550903
0.6687116920948029
0.2953733205795288
0.4296059012413025
0.2667121887207031
0.37828850746154785
0.2224421501159668
0.3732694387435913
0.39481979608535767
0.5832587778568268
0.29427361488342285
0.6215863227844238
0.41818660497665405
0.3261980414390564
0.3317103385925293
0.5549845099449158
0.27809464931488037
0.45906662940979004
0.4328775405883789
0.3359239101409912
0.7508968561887741
0.35061323642730713
0.4404090642929077
0.18558359146118164
0.5935355424880981
0.39715325832366943
0.3317481279373169
0.3932017683982849
0.42471998929977417
0.27688080072402954
0.1269136667251587
0.33776718378067017
0.3884408473968506
0.34996145963668823
0.26826268434524536
0.433782696723938
0.29260802268981934
0.6033500134944916
0.37211447954177856
0.2822217345237732
0.4166228175163269
0.2542036771774292
0.21252965927124023
0.3147587776184082
0.39881306886672974
0.19982999563217163
0.2883990406990051
0.3246539831161499
0.4038786292076111
0.24003595113754272
0.3339630365371704
0.33546221256256104
0.23694992065429688
0.17862868309020996
0.16697770357131958
0.3163059949874878
0.21169501543045044
0.3115220069885254
0.4626197814941406
0.23292750120162964
0.17170679569244385
0.3539499044418335
0.2659854292869568
0.3399292826652527
0.49920791387557983
0.22975319623947144
0.19558459520339966
0.4365435838699341
0.2509671449661255
0.25201624631881714
0.1960349678993225
0.26515501737594604
0.5156473815441132
0.5798833966255188
0.4600643515586853
0.4508289694786072
0.6059486567974091
0.5051240026950836
0.6171476244926453
0.3589255213737488
0.4793965816497803
0.3543494939804077
0.3731774687767029
0.3684465289115906
0.2824961543083191
0.34788650274276733
0.45081567764282227
0.464572012424469
0.3115205764770508
0.4015207886695862
0.2991562485694885
0.32059305906295776
0.20630097389221191
0.2155609130859375
0.3278225064277649
0.25132250785827637
0.22383809089660645
0.24708741903305054
0.3009089231491089
0.6299704611301422
0.20152145624160767
0.40037959814071655
0.16879689693450928
0.7849394083023071
0.2767290472984314
0.252689003944397
0.25889456272125244
0.5648728013038635
0.6788515448570251
0.5690322816371918
0.3627079129219055
0.4862370491027832
0.6339652240276337
0.4683959484100342
0.36540770530700684
0.1677846908569336
0.23944509029388428
0.4870529770851135
0.40503960847854614
0.6294632256031036
0.34763842821121216
0.25174808502197266
0.17349755764007568
0.26602327823638916
0.28709644079208374
0.23686808347702026
0.2314508557319641
0.33185523748397827
0.1848399043083191
0.18258291482925415
0.24778151512145996
0.28042542934417725
0.19486820697784424
0.5649201273918152
0.20225465297698975
0.46985989809036255
0.2150833010673523
0.16081184148788452
0.4385882019996643
0.4591256380081177
0.30631065368652344
0.25194287300109863
0.18068927526474
0.28772449493408203
0.2612239718437195
0.22487252950668335
0.5906516313552856
0.3324843645095825
0.21486711502075195
0.2009945511817932
0.20993798971176147
0.22800523042678833
0.2969091534614563
0.28743964433670044
0.2596014738082886
0.17383509874343872
0.5278745591640472
0.22730028629302979
0.2293715476989746
0.48999202251434326
0.2461121678352356
0.2073051929473877
0.15312659740447998
0.2804027795791626
0.40565067529678345
0.3821094036102295
0.3033575415611267
0.3281375765800476
0.2923470735549927
0.22199833393096924
0.5826558470726013
0.29393500089645386
0.14650839567184448
0.3165845274925232
0.326732337474823
0.20074379444122314
0.22594231367111206
0.5980498492717743
0.13070034980773926
0.21979326009750366
0.4562588334083557
0.3192428946495056
0.4171983003616333
0.5582166910171509
0.2285119891166687
0.3625534176826477
0.2868878245353699
0.701602965593338
0.2443068027496338
0.4828386902809143
0.46097129583358765
0.30196893215179443
0.6339201629161835
0.3604772090911865
0.6225351095199585
0.3165183663368225
0.28678417205810547
0.231717050075531
0.24945950508117676
0.4826613664627075
0.47314655780792236
0.41642069816589355
0.3174670934677124
0.38905930519104004
0.24109762907028198
0.449581503868103
0.3797295093536377
0.4602033495903015
0.38411664962768555
0.2084677815437317
0.345475971698761
0.20509731769561768
0.34132325649261475
0.32051753997802734
0.30389755964279175
0.3196150064468384
0.26967644691467285
0.4231055974960327
0.3791196346282959
0.5021879076957703
0.18864476680755615
0.4455143213272095
0.26643621921539307
0.3806871771812439
0.2847368121147156
0.4034285545349121
0.2862823009490967
0.2842073440551758
0.3705896735191345
0.6324581503868103
0.3240474462509155
0.28403735160827637
0.2153530716896057
0.3286375403404236
0.24215364456176758
0.48988330364227295
0.3123534321784973
0.5200567245483398
0.4473298192024231
0.3231050372123718
0.3374772071838379
0.5183891952037811
0.6886407434940338
0.2224113941192627
0.34764283895492554
0.5629675686359406
0.46524280309677124
0.5093978345394135
0.45125657320022583
0.33941781520843506
0.31832289695739746
0.4048358201980591
0.43591761589050293
0.25130200386047363
0.23007053136825562
0.4151284694671631
0.39695852994918823
0.4103444814682007
0.36751073598861694
0.2600765824317932
0.31956183910369873
0.22223889827728271
0.3051263689994812
0.3721197843551636
0.7418837249279022
0.4610968232154846
0.5437837839126587
0.3753526210784912
0.3948301672935486
0.5063678622245789
0.30858296155929565
0.47920650243759155
0.36404651403427124
0.24880081415176392
0.3062450885772705
0.5435102581977844
0.4027588367462158
0.4246891736984253
0.2186182737350464
0.26597172021865845
0.1379271149635315
0.30364662408828735
0.37773817777633667
0.615550696849823
0.32233500480651855
0.33938223123550415
0.4087609648704529
0.19742107391357422
0.40142375230789185
0.3926297426223755
0.39061737060546875
0.20248782634735107
0.3334282636642456
0.5437803864479065
0.27191704511642456
0.19251561164855957
0.2924986481666565
0.4663260579109192
0.3026556372642517
0.44181638956069946
0.6696895956993103
0.5111539959907532
0.25624221563339233
0.31159496307373047
0.33715683221817017
0.39081084728240967
0.20991164445877075
0.28828245401382446
0.3048708438873291
0.2206774353981018
0.3493815064430237
0.2017756700515747
0.21942901611328125
0.4033939242362976
0.3639492392539978
0.25795286893844604
0.3663930296897888
0.5353332161903381
0.3133772015571594
0.41169273853302
0.4534570574760437
0.37142515182495117
0.37354034185409546
0.35917508602142334
0.24977833032608032
0.4986446499824524
0.3089417815208435
0.27495115995407104
0.5170819163322449
0.4707779288291931
0.37688177824020386
0.2690961956977844
0.39630192518234253
0.38075512647628784
0.5896975100040436
0.2040492296218872
0.25244152545928955
0.28088587522506714
0.682324081659317
0.509861558675766
0.556591123342514
0.1243627667427063
0.3888393044471741
0.572426825761795
0.3482666015625
0.1898157000541687
0.3337019681930542
0.4417712092399597
0.426708459854126
0.39021146297454834
0.27771884202957153
0.4250625967979431
0.5101553797721863
0.3854285478591919
0.6247176826000214
0.6309758126735687
0.4082425832748413
0.31730324029922485
0.270529568195343
0.4369748830795288
0.3199678659439087
0.4142950773239136
0.4973195791244507
0.487610399723053
0.5040594637393951
0.42129087448120117
0.411823570728302
0.3212352395057678
0.451382040977478
0.30655616521835327
0.6671481728553772
0.2768341898918152
0.43953031301498413
0.29797303676605225
0.2894297242164612
0.3770570755004883
0.4447874426841736
0.22617393732070923
0.5869491696357727
0.716330885887146
0.385725200176239
0.4157449007034302
0.13651669025421143
0.2861796021461487
0.2588908076286316
0.3477630615234375
0.12431001663208008
0.49967241287231445
0.3970750570297241
0.5117419064044952
0.28508460521698
0.3620808720588684
0.365200400352478
0.16088932752609253
0.2428121566772461
0.48773813247680664
0.3577275276184082
0.40376585721969604
0.24471473693847656
0.3902583122253418
0.7084551155567169
0.11831378936767578
0.3262730836868286
0.6053823232650757
0.6188162267208099
0.2653234004974365
0.2878337502479553
0.4218981862068176
0.2267710566520691
0.30523693561553955
0.24828410148620605
0.3737199902534485
0.32475531101226807
0.38172948360443115
0.2267710566520691
0.151414692401886
0.4273608922958374
0.1872907280921936
0.3491285443305969
0.3894466161727905
0.44484537839889526
0.45856326818466187
0.3861488699913025
0.47618037462234497
0.3677639365196228
0.4033038020133972
0.5831656754016876
0.21170783042907715
0.45566558837890625
0.43073827028274536
0.6136358678340912
0.3159193992614746
0.53825843334198
0.11680865287780762
0.3693639636039734
0.25684255361557007
0.5303469002246857
0.09419190883636475
0.32345855236053467
0.3828103542327881
0.4720776677131653
0.4958540201187134
0.2791227698326111
0.34052836894989014
0.08009904623031616
0.3207477331161499
0.2628422975540161
0.26254189014434814
0.5479992628097534
0.18968480825424194
0.3533359169960022
0.18992286920547485
0.12805438041687012
0.10592031478881836
0.08869272470474243
0.15857350826263428
0.45525163412094116
0.3961983323097229
0.3035207986831665
0.2714247703552246
0.15534275770187378
0.2875362038612366
0.25449609756469727
0.5683732032775879
0.3116341233253479
0.23600131273269653
0.2208971381187439
0.1544930338859558
0.21420466899871826
0.08144128322601318
0.4027872681617737
0.259801983833313
0.2994515299797058
0.24145060777664185
0.38498711585998535
0.35005468130111694
0.2631959319114685
0.31398338079452515
0.2906760573387146
0.4193875789642334
0.17655467987060547
0.30011552572250366
0.5641684532165527
0.4108554720878601
0.5194983184337616
0.3840435743331909
0.25455641746520996
0.32440054416656494
0.3271074891090393
0.4343634843826294
0.22581666707992554
0.21837729215621948
0.2373276948928833
0.3351854085922241
0.4516301155090332
0.22193068265914917
0.27952682971954346
0.313401997089386
0.46166831254959106
0.45827019214630127
0.3621826767921448
0.4169636368751526
0.4681045413017273
0.5277898609638214
0.389678955078125
0.3341435194015503
0.27194738388061523
0.24770206212997437
0.21599948406219482
0.39830803871154785
0.32288849353790283
0.35668033361434937
0.5142741203308105
0.356849730014801
0.3915572762489319
0.29578107595443726
0.40258485078811646
0.3313027024269104
0.3486796021461487
0.224500834941864
0.13684463500976562
0.2673379182815552
0.3327823877334595
0.25286298990249634
0.35727882385253906
0.4116693139076233
0.4223847985267639
0.3622050881385803
0.27515673637390137
0.28985869884490967
0.20600926876068115
0.44155991077423096
0.4446125030517578
0.3295702338218689
0.3936752676963806
0.38287317752838135
0.2971178889274597
0.39884382486343384
0.43700724840164185
0.4424412250518799
0.4470568895339966
0.4550510048866272
0.4609767198562622
0.27805614471435547
0.30529701709747314
0.3611956238746643
0.28429824113845825
0.3968973159790039
0.2772085666656494
0.2273845076560974
0.7217888236045837
0.5876910388469696
0.30061668157577515
0.32843858003616333
0.2981274127960205
0.34568023681640625
0.23961925506591797
0.3282749652862549
0.6158322095870972
0.3493439555168152
0.4628515839576721
0.2906133532524109
0.5724133551120758
0.22948133945465088
0.40925419330596924
0.2875184416770935
0.11720150709152222
0.2834770679473877
0.28797227144241333
0.42512160539627075
0.28518980741500854
0.3299172520637512
0.163996160030365
0.17605823278427124
0.28341788053512573
0.36463457345962524
0.2790094017982483
0.25613266229629517
0.19071394205093384
0.22762995958328247
0.3267838954925537
0.28220146894454956
0.5643385350704193
0.26077884435653687
0.4089372158050537
0.5180099010467529
0.30940425395965576
0.3589708209037781
0.4947839379310608
0.10905206203460693
0.2829747796058655
0.18096601963043213
0.3938184380531311
0.40654462575912476
0.3378536105155945
0.2904928922653198
0.5376774072647095
0.4397938847541809
0.256064772605896
0.3011539578437805
0.5689307451248169
0.3924676775932312
0.36435192823410034
0.2400442361831665
0.3033233880996704
0.43050235509872437
0.3683202862739563
0.38679295778274536
0.28386610746383667
0.40916597843170166
0.5565860867500305
0.2968798279762268
0.27771687507629395
0.13060498237609863
0.36157870292663574
0.2690393328666687
0.48060888051986694
0.5134908556938171
0.414615273475647
0.5516314506530762
0.613763302564621
0.600175678730011
0.4142615795135498
0.2963833808898926
0.17832261323928833
0.16055786609649658
0.24468111991882324
0.2607915997505188
0.40833085775375366
0.40555399656295776
0.25301283597946167
0.4357210397720337
0.5684065818786621
0.2769284248352051
0.2490031123161316
0.42441487312316895
0.3131219148635864
0.4126776456832886
0.43088221549987793
0.347104012966156
0.5640611946582794
0.5403214693069458
0.2527540922164917
0.23666256666183472
0.5283593833446503
0.3681254982948303
0.3137426972389221
0.30331724882125854
0.3947846293449402
0.5110795199871063
0.5517654120922089
0.4261101484298706
0.3736512064933777
0.7979308366775513
0.2857057452201843
0.3987184762954712
0.3500273823738098
0.18279814720153809
0.17953115701675415
0.5041094124317169
0.2949844002723694
0.4612758159637451
0.4136642813682556
0.2852097153663635
0.46562695503234863
0.25127649307250977
0.48995089530944824
0.6209390759468079
0.33502548933029175
0.59381502866745
0.5890577137470245
0.6404005885124207
0.5942076146602631
0.33082103729248047
0.2086620330810547
0.22786885499954224
0.29241877794265747
0.35982757806777954
0.36568373441696167
0.2561219334602356
0.26095932722091675
0.16387593746185303
0.5869242250919342
0.24094730615615845
0.19904077053070068
0.2885283827781677
0.23337066173553467
0.5325300693511963
0.21762508153915405
0.4680948257446289
0.19163936376571655
0.3028568625450134
0.2372400164604187
0.38442957401275635
0.22832494974136353
0.3667435050010681
0.18095189332962036
0.333534300327301
0.291542649269104
0.39485442638397217
0.23989194631576538
0.16559743881225586
0.2942824363708496
0.3229305148124695
0.10756605863571167
0.21910011768341064
0.5189704298973083
0.4002470374107361
0.4328761696815491
0.3210713863372803
0.30234450101852417
0.3030661940574646
0.23065173625946045
0.28243494033813477
0.316562294960022
0.38630974292755127
0.48374199867248535
0.3681643009185791
0.3639688491821289
0.35766690969467163
0.30378204584121704
0.34543347358703613
0.44713568687438965
0.28811657428741455
0.4443274140357971
0.2693623900413513
0.49771034717559814
0.36250168085098267
0.28488755226135254
0.5716753304004669
0.3683280944824219
0.4208293557167053
0.3168290853500366
0.7126820683479309
0.3021376132965088
0.4562221169471741
0.21000540256500244
0.2885851263999939
0.7137450277805328
0.40234285593032837
0.42503809928894043
0.39304667711257935
0.4186340570449829
0.21320533752441406
0.6181604862213135
0.2797975540161133
0.5534658432006836
0.321425199508667
0.4543446898460388
0.30704718828201294
0.24470144510269165
0.5162672400474548
0.4940143823623657
0.3335345983505249
0.22377395629882812
0.21508479118347168
0.40276461839675903
0.45890384912490845
0.3749253749847412
0.25143200159072876
0.30791711807250977
0.38450366258621216
0.2441367506980896
0.35568130016326904
0.29824376106262207
0.26607704162597656
0.23978948593139648
0.43028318881988525
0.45149683952331543
0.38479989767074585
0.2884826064109802
0.49601519107818604
0.5791162550449371
0.4200863838195801
0.40088123083114624
0.22330045700073242
0.3528808355331421
0.5456853806972504
0.3607409596443176
0.36748093366622925
0.3639254570007324
0.26160746812820435
0.36300885677337646
0.4567810297012329
0.4198659062385559
0.26287055015563965
0.44932281970977783
0.34697121381759644
0.4775261878967285
0.31284433603286743
0.3633344769477844
0.4711577892303467
0.31561392545700073
0.531440943479538
0.4366108775138855
0.6995090246200562
0.510198712348938
0.790166050195694
0.40521883964538574
0.5051813721656799
0.638805091381073
0.36491328477859497
0.383070170879364
0.49936389923095703
0.4163198471069336
0.6668504178524017
0.21625834703445435
0.33242297172546387
0.2886570692062378
0.4703710079193115
0.3118748664855957
0.3700363039970398
0.13003993034362793
0.2806573510169983
0.19279688596725464
0.3928959369659424
0.21873384714126587
0.37061578035354614
0.399666965007782
0.415205180644989
0.6124800741672516
0.4480232000350952
0.4451879858970642
0.36105018854141235
0.34924644231796265
0.626525491476059
0.31022799015045166
0.4273608922958374
0.3750193119049072
0.47637939453125
0.3840831518173218
0.3383728265762329
0.4290916323661804
0.4544795751571655
0.3740636110305786
0.3922032117843628
0.45609837770462036
0.5830488801002502
0.27733492851257324
0.7266207933425903
0.34919142723083496
0.3419114351272583
0.21267211437225342
0.41241878271102905
0.375494122505188
0.21542072296142578
0.36648064851760864
0.2327304482460022
0.30619949102401733
0.44754719734191895
0.37437236309051514
0.3108999729156494
0.4618493914604187
0.2815704345703125
0.4176959991455078
0.1573130488395691
0.2590057849884033
0.5580721199512482
0.17232275009155273
0.2510671615600586
0.22300904989242554
0.2806296944618225
0.29936331510543823
0.6408308148384094
0.28519105911254883
0.13012486696243286
0.2598298192024231
0.41356950998306274
0.30387210845947266
0.5498216152191162
0.724571943283081
0.26848047971725464
0.2629571557044983
0.28839588165283203
0.2224838137626648
0.2158125638961792
0.469112753868103
0.2994900345802307
0.2650296092033386
0.39973604679107666
0.40597856044769287
0.5931883454322815
0.36061954498291016
0.22474443912506104
0.2986196279525757
0.17270487546920776
0.20111232995986938
0.4631763696670532
0.5320930182933807
0.4375035762786865
0.4924575090408325
0.7710603475570679
0.15512162446975708
0.1018592119216919
0.13303226232528687
0.1266348958015442
0.11131000518798828
0.13641881942749023
0.22278916835784912
0.14546024799346924
0.08271563053131104
0.11388891935348511
0.28382623195648193
0.39076465368270874
0.32285553216934204
0.2625730037689209
0.23341912031173706
0.32791662216186523
0.5887707471847534
0.41110795736312866
0.26229751110076904
0.34561944007873535
0.36931711435317993
0.27737635374069214
0.30415022373199463
0.3109040856361389
0.30589115619659424
0.3616751432418823
0.3608308434486389
0.4956892728805542
0.3651028275489807
0.3001338839530945
0.30712175369262695
0.18410855531692505
0.3503652811050415
0.24129462242126465
0.30475175380706787
0.28045666217803955
0.3192324638366699
0.5063377618789673
0.30730146169662476
0.26647067070007324
0.706608235836029
0.47954946756362915
0.3907616138458252
0.4763256907463074
0.3026578426361084
0.2802625894546509
0.3691430687904358
0.34974801540374756
0.25749415159225464
0.25931233167648315
0.28911346197128296
0.45539456605911255
0.1358339786529541
0.24142473936080933
0.34140193462371826
0.44620782136917114
0.25986021757125854
0.20811200141906738
0.21473056077957153
0.21046024560928345
0.14258533716201782
0.2563399076461792
0.35553842782974243
0.2318994402885437
0.7035695016384125
0.3259621858596802
0.2930527329444885
0.37508928775787354
0.2735459804534912
0.34410154819488525
0.4990811347961426
0.19679796695709229
0.22247308492660522
0.3443753719329834
0.3408024311065674
0.28940755128860474
0.5522289276123047
0.30446553230285645
0.17220032215118408
0.7656476050615311
0.42619484663009644
0.29449939727783203
0.21813124418258667
0.28204989433288574
0.1379651427268982
0.2286244034767151
0.3952977657318115
0.35736870765686035
0.4731426239013672
0.39011794328689575
0.18441075086593628
0.4113629460334778
0.3207430839538574
0.22770190238952637
0.5202814936637878
0.314170241355896
0.45778292417526245
0.25949162244796753
0.2864011526107788
0.3113352060317993
0.4674558639526367
0.4614843726158142
0.35021334886550903
0.46230220794677734
0.3812023401260376
0.1055334210395813
0.2735022306442261
0.35456252098083496
0.3142465353012085
0.2498258352279663
0.38887423276901245
0.4659741520881653
0.4731990694999695
0.35898327827453613
0.21042048931121826
0.20225226879119873
0.3324611783027649
0.1988810896873474
0.292760968208313
0.3802264332771301
0.3834521174430847
0.30704694986343384
0.25005948543548584
0.20345771312713623
0.30467331409454346
0.3580005168914795
0.47184640169143677
0.301705002784729
0.2183712124824524
0.23805302381515503
0.29926204681396484
0.4070233106613159
0.2798229455947876
0.2652449607849121
0.37950217723846436
0.2892414331436157
0.3894163966178894
0.44880861043930054
0.2297627329826355
0.2910104990005493
0.23886507749557495
0.24779123067855835
0.10110580921173096
0.2479228377342224
0.1867300271987915
0.4067317843437195
0.32730531692504883
0.3844027519226074
0.2939988970756531
0.3037030100822449
0.5171746909618378
0.4773957133293152
0.30956971645355225
0.3787269592285156
0.5000934600830078
0.25479644536972046
0.42083269357681274
0.06618756055831909
0.5041430592536926
0.47265273332595825
0.26312679052352905
0.3836671710014343
0.2742881178855896
0.3200228214263916
0.710786908864975
0.42201149463653564
0.39670097827911377
0.3514788746833801
0.1682000756263733
0.4359985589981079
0.21924370527267456
0.26306742429733276
0.2565764784812927
0.2706499695777893
0.2350684404373169
0.4838733673095703
0.4605183005332947
0.30788445472717285
0.25368833541870117
0.5115920603275299
0.23969316482543945
0.3272748589515686
0.611717015504837
0.42156970500946045
0.388510525226593
0.2609439492225647
0.18242371082305908
0.31127333641052246
0.30747514963150024
0.33248138427734375
0.21112829446792603
0.2531502842903137
0.2240188717842102
0.551679253578186
0.25882500410079956
0.3011466860771179
0.41283106803894043
0.1820506453514099
0.3391822576522827
0.19652056694030762
0.3635045289993286
0.2412819266319275
0.19253647327423096
0.35367798805236816
0.0897478461265564
0.14763975143432617
0.17622298002243042
0.3127376437187195
0.2070487141609192
0.3176649212837219
0.38525867462158203
0.19083476066589355
0.2878260612487793
0.194379985332489
0.408535361289978
0.3773422837257385
0.3473929762840271
0.09061789512634277
0.23493492603302002
0.4139242172241211
0.24138420820236206
0.4035531282424927
0.47310423851013184
0.39459264278411865
0.19877630472183228
0.403003990650177
0.28362977504730225
0.49063384532928467
0.20496004819869995
0.09387725591659546
0.47004246711730957
0.3039916753768921
0.4971965551376343
0.18575996160507202
0.31468766927719116
0.22101885080337524
0.37335318326950073
0.3734915256500244
0.33118724822998047
0.1836574673652649
0.17948341369628906
0.2483617663383484
0.4076654314994812
0.2629913091659546
0.3646695613861084
0.32856202125549316
0.24707955121994019
0.5883631408214569
0.221876323223114
0.5573779046535492
0.6109645962715149
0.2126007080078125
0.38562726974487305
0.2965894937515259
0.18992221355438232
0.5026260316371918
0.3402848243713379
0.48834168910980225
0.19308751821517944
0.13665997982025146
0.4483550190925598
0.34952396154403687
0.31813204288482666
0.4511183500289917
0.22125405073165894
0.32466721534729004
0.30070704221725464
0.4181241989135742
0.2499648928642273
0.5079125165939331
0.22565239667892456
0.41761940717697144
0.30908769369125366
0.2732198238372803
0.5240555107593536
0.314042866230011
0.23651278018951416
0.7365943491458893
0.2942381501197815
0.2192767858505249
0.2737274169921875
0.3568130135536194
0.4003139138221741
0.4585376977920532
0.45311468839645386
0.2057039737701416
0.5842074751853943
0.17318463325500488
0.4181903600692749
0.6408212184906006
0.289492130279541
0.4028972387313843
0.3942258954048157
0.5079796612262726
0.15526872873306274
0.27178215980529785
0.278337299823761
0.40029311180114746
0.2869858741760254
0.2802000045776367
0.3163485527038574
0.20353806018829346
0.21321320533752441
0.41391897201538086
0.2687065601348877
0.5363113880157471
0.16742348670959473
0.3767237067222595
0.22020000219345093
0.3748006224632263
0.1373942494392395
0.1735500693321228
0.32242292165756226
0.19819462299346924
0.1805044412612915
0.32204777002334595
0.3163173198699951
0.1881704330444336
0.17474085092544556
0.4870801568031311
0.43432992696762085
0.2980281710624695
0.3261500597000122
0.32029247283935547
0.501497209072113
0.6148954629898071
0.49890434741973877
0.14143425226211548
0.28074967861175537
0.1748780608177185
0.14011317491531372
0.3256112337112427
0.2265743613243103
0.3317495584487915
0.26877927780151367
0.27557313442230225
0.3381071090698242
0.358437716960907
0.24806970357894897
0.2695953845977783
0.43190038204193115
0.5209111571311951
0.5442049503326416
0.2372148633003235
0.2560746669769287
0.1968245506286621
0.5952260494232178
0.3504970669746399
0.2452111840248108
0.23002314567565918
0.376126229763031
0.34280699491500854
0.25689589977264404
0.4323880672454834
0.34501582384109497
0.3930070996284485
0.32177621126174927
0.46503955125808716
0.34126585721969604
0.42810583114624023
0.5027390122413635
0.3995212912559509
0.18154746294021606
0.35473889112472534
0.2938443422317505
0.4906642436981201
0.4788908362388611
0.34928321838378906
0.4514194130897522
0.6720671653747559
0.3307883143424988
0.3928683400154114
0.6281179487705231
0.5673709511756897
0.2007402777671814
0.431440532207489
0.4445863962173462
0.307640016078949
0.31680238246917725
0.46308833360671997
0.33408403396606445
0.23919367790222168
0.6653232872486115
0.2725789546966553
0.5701696276664734
0.27377408742904663
0.44156426191329956
0.287445604801178
0.3719373345375061
0.41244930028915405
0.42662835121154785
0.4509543776512146
0.35012978315353394
0.20566654205322266
0.6214758455753326
0.5120466649532318
0.45208287239074707
0.3247443437576294
0.25708621740341187
0.4751635193824768
0.4287012815475464
0.4052009582519531
0.3729492425918579
0.2063462734222412
0.2935824394226074
0.4595460891723633
0.6697672605514526
0.3056037425994873
0.3427993059158325
0.3171845078468323
0.4342833161354065
0.501402884721756
0.2433699369430542
0.26779723167419434
0.39098411798477173
0.26663559675216675
0.1963636875152588
0.48353731632232666
0.347270667552948
0.3238530158996582
0.35910600423812866
0.24353879690170288
0.25226712226867676
0.6645146906375885
0.41813331842422485
0.5825218558311462
0.2763705253601074
0.6913476884365082
0.5408980846405029
0.2497296929359436
0.4858410954475403
0.3287593722343445
0.5457051992416382
0.2852528691291809
0.35262489318847656
0.5428301393985748
0.2740286588668823
0.30539196729660034
0.33731597661972046
0.30371546745300293
0.23035955429077148
0.49858516454696655
0.4568093419075012
0.37035417556762695
0.37511467933654785
0.16668236255645752
0.3761696219444275
0.4113028049468994
0.41237473487854004
0.34144312143325806
0.670649379491806
0.4407452344894409
0.1774674654006958
0.45006197690963745
0.35530853271484375
0.26754486560821533
0.2848081588745117
0.3555387258529663
0.2744341492652893
0.16477584838867188
0.17156952619552612
0.5911943912506104
0.30042803287506104
0.4530189633369446
0.3478727340698242
0.3008522391319275
0.22852009534835815
0.5293093919754028
0.22585922479629517
0.28284579515457153
0.2248275876045227
0.3336891531944275
0.6040135025978088
0.288951575756073
0.34872955083847046
0.23658639192581177
0.43783116340637207
0.42447781562805176
0.3009400963783264
0.44720959663391113
0.5388375222682953
0.30573809146881104
0.4852331280708313
0.37099140882492065
0.49130356311798096
0.3187773823738098
0.7943144738674164
0.3024635314941406
0.5175170600414276
0.27020782232284546
0.5227109789848328
0.29143035411834717
0.19096362590789795
0.3093859553337097
0.47644728422164917
0.43374723196029663
0.19069409370422363
0.4252626895904541
0.32372504472732544
0.21706777811050415
0.5123929381370544
0.5276808440685272
0.23222243785858154
0.17148882150650024
0.37483733892440796
0.4310903549194336
0.2643895745277405
0.28809159994125366
0.42581576108932495
0.5034720301628113
0.2645914554595947
0.6958131790161133
0.39843082427978516
0.25201189517974854
0.28840363025665283
0.3434654474258423
0.21691763401031494
0.3801600933074951
0.35069870948791504
0.342928409576416
0.3045762777328491
0.22288870811462402
0.24773162603378296
0.7741739749908447
0.522874116897583
0.5800579190254211
0.2447490096092224
0.432472825050354
0.4038347601890564
0.6702577471733093
0.2764822840690613
0.3792123794555664
0.1930432915687561
0.2270263433456421
0.2663133144378662
0.2507009506225586
0.5760540068149567
0.5500227808952332
0.31808120012283325
0.42990970611572266
0.41106605529785156
0.30346882343292236
0.21917003393173218
0.19230669736862183
0.5807366073131561
0.361452579498291
0.6393348276615143
0.17786502838134766
0.200794517993927
0.23227941989898682
0.3949064612388611
0.5038017928600311
0.6654640734195709
0.3921331763267517
0.4103415012359619
0.48220813274383545
0.46242380142211914
0.3796434998512268
0.2816498875617981
0.28710103034973145
0.6990564167499542
0.35532766580581665
0.4002228379249573
0.27607041597366333
0.26009249687194824
0.5925576686859131
0.18006616830825806
0.3636343479156494
0.5381708443164825
0.5842432975769043
0.2953518033027649
0.396881103515625
0.48139488697052
0.5867375135421753
0.4544116258621216
0.32999157905578613
0.21286994218826294
0.3099445104598999
0.6596786677837372
0.29477041959762573
0.40457457304000854
0.3693861961364746
0.22403168678283691
0.3397672176361084
0.6040160357952118
0.3959536552429199
0.19616299867630005
0.2575405240058899
0.3102402687072754
0.2550651431083679
0.27776628732681274
0.2585742473602295
0.5137519538402557
0.3298794627189636
0.4938695430755615
0.45106375217437744
0.1886204481124878
0.265918493270874
0.3066624402999878
0.3322685956954956
0.3313627243041992
0.3061135411262512
0.34335261583328247
0.1852467656135559
0.6397642195224762
0.5000694096088409
0.4038665294647217
0.3895777463912964
0.547234445810318
0.23370659351348877
0.32153284549713135
0.365739643573761
0.2701447010040283
0.42486006021499634
0.2954772114753723
0.3413931727409363
0.2858142852783203
0.4135293960571289
0.16290348768234253
0.26693975925445557
0.275293231010437
0.3452951908111572
0.3012986183166504
0.35104650259017944
0.5737853944301605
0.3026353120803833
0.36842042207717896
0.14743834733963013
0.27661603689193726
0.48853403329849243
0.5264575183391571
0.42570436000823975
0.4030514359474182
0.6186919510364532
0.20946210622787476
0.44929856061935425
0.4432266354560852
0.5673273205757141
0.3760696053504944
0.33618396520614624
0.3960273861885071
0.29786205291748047
0.29652464389801025
0.4906396269798279
0.43071818351745605
0.4873178005218506
0.4038859009742737
0.39032840728759766
0.3717300295829773
0.25561952590942383
0.5491915643215179
0.3282586932182312
0.4834287762641907
0.3393351435661316
0.3645234704017639
0.3118513822555542
0.29378587007522583
0.34033989906311035
0.323975145816803
0.4551975727081299
0.19779443740844727
0.2701091170310974
0.3433142900466919
0.24037855863571167
0.4295496344566345
0.24187374114990234
0.22639834880828857
0.19198042154312134
0.42572110891342163
0.5776347517967224
0.2561018466949463
0.2128206491470337
0.31154370307922363
0.41909533739089966
0.3014867305755615
0.3039798140525818
0.6343352794647217
0.2589799165725708
0.6303768455982208
0.4999637007713318
0.26215970516204834
0.48594290018081665
0.2943189740180969
0.47016167640686035
0.3948623538017273
0.2980678677558899
0.5904341638088226
0.28873372077941895
0.4490639567375183
0.26829516887664795
0.6274905502796173
0.29089176654815674
0.29897499084472656
0.432267963886261
0.43316376209259033
0.29092735052108765
0.44133317470550537
0.673374593257904
0.24542111158370972
0.5326192080974579
0.29449915885925293
0.4218485951423645
0.4315018653869629
0.5252890288829803
0.4712411165237427
0.6353707909584045
0.5532718002796173
0.5877435803413391
0.5059438347816467
0.5414415299892426
0.5119685232639313
0.4289241433143616
0.3627604842185974
0.47820907831192017
0.3040652871131897
0.4589528441429138
0.555444747209549
0.32067346572875977
0.28821444511413574
0.3971865177154541
0.39132606983184814
0.2562723755836487
0.25647133588790894
0.31790077686309814
0.5159744918346405
0.29103004932403564
0.5444372296333313
0.29154521226882935
0.30527275800704956
0.27616727352142334
0.19951707124710083
0.2540696859359741
0.2124171257019043
0.390105664730072
0.40455877780914307
0.4720911383628845
0.33594274520874023
0.6695251166820526
0.28630125522613525
0.32408851385116577
0.30901485681533813
0.3331412672996521
0.5975099802017212
0.25861120223999023
0.4529196619987488
0.24840760231018066
0.23111462593078613
0.4668847918510437
0.36136960983276367
0.2257329225540161
0.32545536756515503
0.3831087350845337
0.5388272702693939
0.4058912396430969
0.39533692598342896
0.5555636882781982
0.252155065536499
0.30286502838134766
0.4055907130241394
0.627223938703537
0.3989415764808655
0.24296683073043823
0.37223345041275024
0.13103312253952026
0.3380318880081177
0.27242618799209595
0.33131444454193115
0.5336146950721741
0.5465282797813416
0.2625410556793213
0.4387286305427551
0.21109634637832642
0.370846152305603
0.6279107332229614
0.26601749658584595
0.341508150100708
0.6118994951248169
0.3297461271286011
0.25928419828414917
0.4536105990409851
0.28161948919296265
0.34033775329589844
0.2512096166610718
0.18066567182540894
0.1874719262123108
0.5089485347270966
0.5852144658565521
0.3618183135986328
0.3625245690345764
0.3379838466644287
0.2537282705307007
0.35430842638015747
0.27007758617401123
0.5230298936367035
0.6281875967979431
0.34725117683410645
0.3290918469429016
0.5245581269264221
0.2405240535736084
0.2724987268447876
0.4540225863456726
0.47207826375961304
0.42107588052749634
0.34243935346603394
0.2617579698562622
0.2298496961593628
0.22867459058761597
0.7252888977527618
0.20843100547790527
0.31878578662872314
0.4842413663864136
0.43116164207458496
0.20693010091781616
0.264548659324646
0.17893695831298828
0.37424236536026
0.27383530139923096
0.2984035015106201
0.23489516973495483
0.2511681318283081
0.43273216485977173
0.3599745035171509
0.31062060594558716
0.49094903469085693
0.4732542634010315
0.2742575407028198
0.4026959538459778
0.25648003816604614
0.4281531572341919
0.21751463413238525
0.24316436052322388
0.46763527393341064
0.3255859613418579
0.7092531323432922
0.26982998847961426
0.2954551577568054
0.3481851816177368
0.22820723056793213
0.5626674592494965
0.5560216307640076
0.5581278800964355
0.6111085116863251
0.2548966407775879
0.528203934431076
0.5750826299190521
0.36172330379486084
0.2122737169265747
0.42878198623657227
0.6370050609111786
0.2949402332305908
0.2904798984527588
0.273556113243103
0.18773037195205688
0.19562393426895142
0.47179359197616577
0.28248167037963867
0.3822912573814392
0.43787336349487305
0.6670986711978912
0.48229843378067017
0.3972887396812439
0.35854190587997437
0.3645794987678528
0.4925263524055481
0.2526150345802307
0.4979340434074402
0.5586847364902496
0.21386104822158813
0.317421555519104
0.3384641408920288
0.26445841789245605
0.17059719562530518
0.3149351477622986
0.3867228627204895
0.1471232771873474
0.4550921320915222
0.3025326728820801
0.3819913864135742
0.27096909284591675
0.2727589011192322
0.30161088705062866
0.18944740295410156
0.3164183497428894
0.4744631052017212
0.19880181550979614
0.33134716749191284
0.3644760847091675
0.3742370009422302
0.36745768785476685
0.33428484201431274
0.24006634950637817
0.3485413193702698
0.28406018018722534
0.31182825565338135
0.2237643599510193
0.5098655819892883
0.3301371932029724
0.43798142671585083
0.5332006216049194
0.17504823207855225
0.11759239435195923
0.23862993717193604
0.3874332308769226
0.2573850750923157
0.40653520822525024
0.3855835795402527
0.378559947013855
0.47404998540878296
0.6325543820858002
0.35144734382629395
0.6260509788990021
0.6839659512042999
0.4297957420349121
0.3532335162162781
0.503471702337265
0.32605206966400146
0.4789678454399109
0.4764760136604309
0.3433234691619873
0.4949759840965271
0.6758855879306793
0.26833677291870117
0.5521703958511353
0.34719473123550415
0.5949786603450775
0.6704580783843994
0.4554612636566162
0.2567828893661499
0.4721022844314575
0.332891583442688
0.40773212909698486
0.42761677503585815
0.28583842515945435
0.31827402114868164
0.45383453369140625
0.49857401847839355
0.6190188229084015
0.39093226194381714
0.5164856612682343
0.385187029838562
0.3458740711212158
0.6010344326496124
0.2923160791397095
0.27275514602661133
0.25563186407089233
0.4137077331542969
0.26198017597198486
0.4576851725578308
0.42385464906692505
0.6354705989360809
0.4432647228240967
0.4468643069267273
0.4166780114173889
0.35413670539855957
0.4290698766708374
0.6920057535171509
0.389900803565979
0.4934007525444031
0.36133819818496704
0.4230445623397827
0.28216230869293213
0.25505155324935913
0.14755314588546753
0.40243756771087646
0.22723102569580078
0.2996774911880493
0.4525321125984192
0.24762481451034546
0.2515066862106323
0.19564419984817505
0.3457043766975403
0.33698785305023193
0.37535738945007324
0.20303374528884888
0.28876662254333496
0.4609719514846802
0.2807852029800415
0.293048620223999
0.30595284700393677
0.413021445274353
0.22895264625549316
0.31497782468795776
0.3437211513519287
0.2404046654701233
0.22661632299423218
0.21782344579696655
0.385947048664093
0.37118804454803467
0.39879101514816284
0.18372154235839844
0.35760247707366943
0.5075952112674713
0.6643266975879669
0.6533046960830688
0.5798302292823792
0.5003348290920258
0.3185599446296692
0.479320228099823
0.35638171434402466
0.3012832999229431
0.4991086721420288
0.37700754404067993
0.3025800585746765
0.2996729016304016
0.3118116855621338
0.2215794324874878
0.38831090927124023
0.45945823192596436
0.1827651858329773
0.2809218764305115
0.4217436909675598
0.20238333940505981
0.3199801445007324
0.35508036613464355
0.18177086114883423
0.4714162349700928
0.3267121911048889
0.25836002826690674
0.1598747968673706
0.3446369171142578
0.5288942456245422
0.17592781782150269
0.25420838594436646
0.21948844194412231
0.4828077554702759
0.2043623924255371
0.3502991795539856
0.2546358108520508
0.34702205657958984
0.44519978761672974
0.24227678775787354
0.3171226382255554
0.5543515384197235
0.6250987648963928
0.1850525140762329
0.2952929735183716
0.2737712860107422
0.463171124458313
0.2846945524215698
0.5277936458587646
0.5500648319721222
0.3800920248031616
0.34706002473831177
0.5631743669509888
0.4628888964653015
0.38289082050323486
0.2691364288330078
0.31379204988479614
0.5889840126037598
0.37506866455078125
0.41087979078292847
0.32948917150497437
0.3461841344833374
0.34457147121429443
0.2762199640274048
0.31045061349868774
0.4939740300178528
0.28646981716156006
0.3412783145904541
0.3870956301689148
0.5414187908172607
0.4300355315208435
0.4246622920036316
0.550099104642868
0.5566340088844299
0.24887406826019287
0.47122758626937866
0.2147296667098999
0.2872846722602844
0.3307865858078003
0.2590978741645813
0.22878903150558472
0.42449313402175903
0.36012065410614014
0.3262145519256592
0.4542773365974426
0.36460185050964355
0.3900659680366516
0.2303979992866516
0.303524374961853
0.07228618860244751
0.1555720567703247
0.23669493198394775
0.34366726875305176
0.30383896827697754
0.383475124835968
0.5482931137084961
0.3982636332511902
0.08316022157669067
0.3473277688026428
0.2768174409866333
0.5467256307601929
0.3943777084350586
0.3944506049156189
0.33352965116500854
0.6592843234539032
0.45103561878204346
0.35695314407348633
0.4921049475669861
0.2553693652153015
0.2697293162345886
0.4635169506072998
0.2704058289527893
0.7478967607021332
0.524029552936554
0.43412649631500244
0.43762826919555664
0.40655088424682617
0.2858462929725647
0.3649566173553467
0.3074934482574463
0.12916022539138794
0.5450171828269958
0.47847920656204224
0.3717525005340576
0.24235016107559204
0.3879861831665039
0.20250219106674194
0.3906177282333374
0.3800865411758423
0.5139714479446411
0.39886343479156494
0.3580758571624756
0.19646316766738892
0.3506324291229248
0.24099308252334595
0.35785120725631714
0.33427679538726807
0.448408842086792
0.07622617483139038
0.07819437980651855
0.09963083267211914
0.08360874652862549
0.23609262704849243
0.38815152645111084
0.3758808970451355
0.26425838470458984
0.4133896231651306
0.26301777362823486
0.33078283071517944
0.3590424060821533
0.34810495376586914
0.18398594856262207
0.41813933849334717
0.3457620143890381
0.4971346855163574
0.11776798963546753
0.4559648036956787
0.3260037302970886
0.39631766080856323
0.27503418922424316
0.19515752792358398
0.4124874472618103
0.5476301908493042
0.268061101436615
0.47536224126815796
0.44058239459991455
0.5154140293598175
0.5689119100570679
0.3041034936904907
0.3001360297203064
0.3169621229171753
0.4172031283378601
0.5245420336723328
0.16404104232788086
0.3087742328643799
0.3400285243988037
0.23033899068832397
0.37103521823883057
0.26626425981521606
0.292946457862854
0.3429109454154968
0.15041351318359375
0.2525407075881958
0.24467533826828003
0.545624315738678
0.44943225383758545
0.6325709819793701
0.3412705063819885
0.2575799822807312
0.5300601124763489
0.27768516540527344
0.3811056613922119
0.5407182574272156
0.383553683757782
0.34317803382873535
0.3219539523124695
0.46410655975341797
0.3082774877548218
0.4702717065811157
0.7707289308309555
0.47697484493255615
0.7559132725000381
0.3498520255088806
0.2436809539794922
0.2276320457458496
0.37484806776046753
0.21799755096435547
0.32339781522750854
0.25878435373306274
0.5113233327865601
0.41372501850128174
0.27367252111434937
0.4264717102050781
0.47155916690826416
0.18881237506866455
0.6085714101791382
0.5152795612812042
0.5630251169204712
0.564913272857666
0.3609159588813782
0.29292410612106323
0.3302342891693115
0.661180853843689
0.3326435089111328
0.5575374662876129
0.4077639579772949
0.4210354685783386
0.5060619115829468
0.41045713424682617
0.5279932916164398
0.30490803718566895
0.7169137001037598
0.6103129386901855
0.5037304162979126
0.675329864025116
0.4628998041152954
0.5664576888084412
0.4652971029281616
0.33566826581954956
0.5924831926822662
0.7776181846857071
0.27425074577331543
0.37857574224472046
0.34874171018600464
0.5022836923599243
0.24378198385238647
0.4208914637565613
0.38421422243118286
0.6299389600753784
0.6000856161117554
0.4771197438240051
0.38206660747528076
0.15770989656448364
0.37967371940612793
0.29833292961120605
0.1755458116531372
0.5971400439739227
0.41055089235305786
0.27846014499664307
0.5421488583087921
0.5544905662536621
0.3859943151473999
0.3587331175804138
0.35248851776123047
0.4506989121437073
0.20318859815597534
0.2631974220275879
0.3375387191772461
0.19414561986923218
0.30290448665618896
0.28625982999801636
0.3598165512084961
0.7028376162052155
0.39795124530792236
0.6793979704380035
0.24136841297149658
0.21630001068115234
0.38768404722213745
0.29019683599472046
0.4816681742668152
0.25549566745758057
0.281807541847229
0.3634321093559265
0.6881347298622131
0.4268879294395447
0.38474971055984497
0.4298893213272095
0.4260374903678894
0.5939566791057587
0.3910040855407715
0.6606089472770691
0.4443349838256836
0.5048945844173431
0.19173604249954224
0.4709618091583252
0.2237452268600464
0.4404726028442383
0.36997872591018677
0.39178013801574707
0.8398135304450989
0.3610784411430359
0.5638794898986816
0.2029482126235962
0.6352809965610504
0.35634660720825195
0.35189151763916016
0.6894357800483704
0.5668690502643585
0.23391258716583252
0.19011181592941284
0.34188705682754517
0.61440110206604
0.35128945112228394
0.4517495632171631
0.2026820182800293
0.27430081367492676
0.3842412829399109
0.3855752944946289
0.5706907212734222
0.36373019218444824
0.3528793454170227
0.5502730011940002
0.2857949733734131
0.3464741110801697
0.5807048082351685
0.33533352613449097
0.30838143825531006
0.41596555709838867
0.43089282512664795
0.44405627250671387
0.43194591999053955
0.39168137311935425
0.2240421175956726
0.5111849009990692
0.191916823387146
0.3723384737968445
0.1639871597290039
0.30880337953567505
0.14484167098999023
0.4480883479118347
0.4445578455924988
0.6194423735141754
0.47406840324401855
0.45990145206451416
0.2347506880760193
0.5177751779556274
0.5005773603916168
0.36615341901779175
0.328610897064209
0.30239129066467285
0.4378756284713745
0.3347283601760864
0.37152212858200073
0.35299116373062134
0.3243280053138733
0.3168935775756836
0.07464760541915894
0.3664622902870178
0.33941203355789185
0.2170175313949585
0.28368717432022095
0.25974029302597046
0.2539166808128357
0.24168145656585693
0.3484334349632263
0.26036614179611206
0.2520487308502197
0.230046808719635
0.19136041402816772
0.2707238793373108
0.45946234464645386
0.29926687479019165
0.293914258480072
0.2843870520591736
0.4800056219100952
0.3130672574043274
0.3385133147239685
0.19281607866287231
0.5839863419532776
0.3976863622665405
0.46492457389831543
0.33099329471588135
0.5642824172973633
0.3604540228843689
0.42980271577835083
0.6407482326030731
0.46593040227890015
0.40557408332824707
0.41698896884918213
0.24221384525299072
0.4501841068267822
0.5058852732181549
0.3712497353553772
0.4784957766532898
0.5492800772190094
0.49746108055114746
0.38190531730651855
0.47518086433410645
0.29024285078048706
0.3382111191749573
0.34644830226898193
0.3624323010444641
0.4839089512825012
0.3760957717895508
0.43616223335266113
0.2848697900772095
0.21416360139846802
0.3205685615539551
0.23588508367538452
0.2396256923675537
0.33160316944122314
0.4051820635795593
0.4227692484855652
0.3723863363265991
0.27897608280181885
0.28623247146606445
0.2750841975212097
0.44579648971557617
0.13127034902572632
0.37847644090652466
0.2532738447189331
0.2726436257362366
0.5043895244598389
0.6401683986186981
0.4578198194503784
0.41751039028167725
0.2245083451271057
0.4120938777923584
0.4539870023727417
0.3949164152145386
0.41969627141952515
0.48530691862106323
0.37205034494400024
0.28631824254989624
0.44668757915496826
0.11246001720428467
0.5186027884483337
0.4257057309150696
0.27441561222076416
0.4191744923591614
0.25560420751571655
0.6795465648174286
0.5909307301044464
0.27419090270996094
0.2886585593223572
0.36893802881240845
0.38289177417755127
0.3203500509262085
0.25846177339553833
0.7428396046161652
0.670962929725647
0.16515976190567017
0.5414600968360901
0.32316505908966064
0.3006143569946289
0.4766804575920105
0.4050198197364807
0.24979674816131592
0.4607699513435364
0.20756840705871582
0.4660353660583496
0.42334210872650146
0.6783542037010193
0.25387412309646606
0.4570379853248596
0.3211974501609802
0.430289089679718
0.5255089104175568
0.681345522403717
0.5255130529403687
0.4191790223121643
0.32365190982818604
0.40770936012268066
0.4002392888069153
0.3735102415084839
0.24695640802383423
0.5827398896217346
0.42341262102127075
0.5154156386852264
0.5758017003536224
0.758514791727066
0.47601109743118286
0.5257411599159241
0.3201483488082886
0.6770105063915253
0.392036497592926
0.5492729544639587
0.41950297355651855
0.40745216608047485
0.3781014680862427
0.6238152086734772
0.8551638722419739
0.44541603326797485
0.5465755462646484
0.6169391572475433
0.38649672269821167
0.23952114582061768
0.46145087480545044
0.6627609133720398
0.733585387468338
0.36569297313690186
0.42609167098999023
0.3377777338027954
0.5143485963344574
0.637347012758255
0.6557920575141907
0.6069325804710388
0.4070809483528137
0.5988922715187073
0.5307605862617493
0.23336189985275269
0.736567497253418
0.3273780941963196
0.4437658190727234
0.49316102266311646
0.4095420241355896
0.6032140254974365
0.4105471968650818
0.6667381227016449
0.40265363454818726
0.36931657791137695
0.25305044651031494
0.3176875114440918
0.4737015962600708
0.3787503242492676
0.3786733150482178
0.2568538188934326
0.35078734159469604
0.3935670852661133
0.4826311469078064
0.26838386058807373
0.19244533777236938
0.3239459991455078
0.5341605544090271
0.3459305763244629
0.38334083557128906
0.38228118419647217
0.48386138677597046
0.4353017807006836
0.32520270347595215
0.43528610467910767
0.33754241466522217
0.26058101654052734
0.3118222951889038
0.3042294383049011
0.3695675730705261
0.36204051971435547
0.3173944354057312
0.49927854537963867
0.33159804344177246
0.43020617961883545
0.5303760468959808
0.49227380752563477
0.812304362654686
0.6102862060070038
0.277543842792511
0.3689603805541992
0.2927277088165283
0.33834004402160645
0.27618783712387085
0.633694052696228
0.3882337808609009
0.23013311624526978
0.2929287552833557
0.3127686381340027
0.36270415782928467
0.5490239560604095
0.42949336767196655
0.48427730798721313
0.5857675671577454
0.30230504274368286
0.44936513900756836
0.5529952049255371
0.2769041061401367
0.18586593866348267
0.261199414730072
0.2831795811653137
0.348904550075531
0.39193224906921387
0.12546497583389282
0.5275418162345886
0.43521249294281006
0.4945690631866455
0.17806917428970337
0.35956496000289917
0.3886075019836426
0.28070515394210815
0.40175139904022217
0.493375301361084
0.5064719915390015
0.3179629445075989
0.318986177444458
0.3428587317466736
0.3113064765930176
0.3792124390602112
0.39251822233200073
0.41940951347351074
0.27045971155166626
0.4984550476074219
0.34155988693237305
0.5863440632820129
0.39666932821273804
0.6673924922943115
0.6137486696243286
0.5404663980007172
0.4442371129989624
0.785753145813942
0.10578745603561401
0.46940284967422485
0.3449934720993042
0.3246617913246155
0.5597803592681885
0.39332884550094604
0.4325590133666992
0.29750293493270874
0.3661987781524658
0.44672614336013794
0.39125698804855347
0.32527416944503784
0.3031533360481262
0.32007813453674316
0.25029075145721436
0.49245625734329224
0.23022127151489258
0.7017260491847992
0.5430407822132111
0.516244113445282
0.47418534755706787
0.5768387615680695
0.34177422523498535
0.44747549295425415
0.17627668380737305
0.3801097273826599
0.26983118057250977
0.3472423553466797
0.5821743011474609
0.38023918867111206
0.5596883594989777
0.42106759548187256
0.2737762928009033
0.4578167796134949
0.2287079095840454
0.331439733505249
0.14581626653671265
0.3625051975250244
0.4093174934387207
0.32576996088027954
0.30367356538772583
0.2895130515098572
0.3362305760383606
0.2468380331993103
0.3539092540740967
0.29662060737609863
0.5148507654666901
0.3825775384902954
0.2290182113647461
0.2529370188713074
0.43142974376678467
0.43712282180786133
0.46461302042007446
0.3058808445930481
0.35138964653015137
0.4024905562400818
0.40195053815841675
0.4751163125038147
0.40760183334350586
0.1381813883781433
0.4260043501853943
0.26476114988327026
0.26652055978775024
0.6049448847770691
0.23363375663757324
0.5323147475719452
0.5009432137012482
0.22493666410446167
0.5533648431301117
0.4824329614639282
0.32928287982940674
0.33061665296554565
0.4419933557510376
0.47522854804992676
0.4758857488632202
0.3462711572647095
0.4392351508140564
0.33648985624313354
0.4477120637893677
0.2768692374229431
0.5915878415107727
0.3953341841697693
0.2549363970756531
0.2664894461631775
0.3316172957420349
0.45544344186782837
0.3880656361579895
0.40436220169067383
0.4952040910720825
0.14412528276443481
0.44622093439102173
0.5585102736949921
0.735266238451004
0.5199673175811768
0.45737284421920776
0.3706513047218323
0.43202024698257446
0.538430780172348
0.33051586151123047
0.587909996509552
0.5265123844146729
0.5262162685394287
0.44528234004974365
0.2187424898147583
0.5071515142917633
0.38831979036331177
0.35458123683929443
0.509427547454834
0.27571994066238403
0.41343826055526733
0.4988725185394287
0.18566423654556274
0.32251179218292236
0.4740661382675171
0.4727117419242859
0.5056256949901581
0.3494109511375427
0.4539629817008972
0.2645866870880127
0.478881299495697
0.36445415019989014
0.35691261291503906
0.5242389142513275
0.40494173765182495
0.3191632032394409
0.4747263789176941
0.5304473340511322
0.4129881262779236
0.4287723898887634
0.43348491191864014
0.3010883331298828
0.5803303122520447
0.4549066424369812
0.44628632068634033
0.23210299015045166
0.5821385979652405
0.395707368850708
0.12696975469589233
0.2891120910644531
0.3075144290924072
0.5201815962791443
0.2803027033805847
0.46099984645843506
0.46022164821624756
0.3576611280441284
0.4860156178474426
0.36636286973953247
0.34849774837493896
0.2364155650138855
0.3419494032859802
0.40490198135375977
0.6083483099937439
0.24452227354049683
0.2282109260559082
0.17294150590896606
0.21817225217819214
0.4939887523651123
0.1890987753868103
0.13036316633224487
0.5480834543704987
0.28940391540527344
0.2868792414665222
0.31081581115722656
0.31052088737487793
0.21309328079223633
0.30108028650283813
0.274686336517334
0.1756923794746399
0.1952858567237854
0.1894882321357727
0.16127640008926392
0.31685519218444824
0.3084304928779602
0.36287593841552734
0.38925302028656006
0.2678676247596741
0.3401470184326172
0.24935293197631836
0.19839632511138916
0.16217857599258423
0.2693125009536743
0.2842400074005127
0.4307892322540283
0.2968297004699707
0.343477725982666
0.2259441614151001
0.4925689101219177
0.37555623054504395
0.4430272579193115
0.3196367025375366
0.5608616173267365
0.30954164266586304
0.4466491937637329
0.35386955738067627
0.39237385988235474
0.416362464427948
0.3093777298927307
0.5244610607624054
0.5809337794780731
0.3718041181564331
0.38387739658355713
0.5881556272506714
0.26572084426879883
0.3359284996986389
0.455402672290802
0.4570995569229126
0.3906293511390686
0.30918174982070923
0.4106694459915161
0.2848876714706421
0.43057698011398315
0.3347141146659851
0.6294313073158264
0.4486197233200073
0.38081079721450806
0.6940606236457825
0.6738331615924835
0.401930570602417
0.2552449703216553
0.5183523297309875
0.6834179162979126
0.5850469172000885
0.33762598037719727
0.4076721668243408
0.41165316104888916
0.6074733734130859
0.5251859128475189
0.4186474680900574
0.2663581967353821
0.3626117706298828
0.32011789083480835
0.5891919434070587
0.3789095878601074
0.5475650429725647
0.33939582109451294
0.327548623085022
0.3813930153846741
0.4458543062210083
0.5601114332675934
0.308268666267395
0.5955514311790466
0.44784194231033325
0.49576640129089355
0.42627471685409546
0.25469398498535156
0.21088963747024536
0.5133428573608398
0.3559321165084839
0.4728959798812866
0.6029077470302582
0.5498266816139221
0.42693281173706055
0.545357346534729
0.5602808594703674
0.6988111734390259
0.32347357273101807
0.33416247367858887
0.256039559841156
0.25435787439346313
0.46120429039001465
0.20435500144958496
0.46584856510162354
0.18275851011276245
0.32928210496902466
0.27793991565704346
0.2826785445213318
0.35677599906921387
0.51737380027771
0.2889019846916199
0.19502168893814087
0.25862765312194824
0.47153139114379883
0.2012544870376587
0.2994667887687683
0.2032322883605957
0.17828679084777832
0.30800968408584595
0.2755396366119385
0.321968674659729
0.49665671586990356
0.2422439455986023
0.6917453408241272
0.5449105501174927
0.4734487533569336
0.4579418897628784
0.4118642807006836
0.4603574275970459
0.4401378631591797
0.3879241943359375
0.48326313495635986
0.25406408309936523
0.25644487142562866
0.38338154554367065
0.5306967496871948
0.5528061389923096
0.4335591197013855
0.6083303689956665
0.34734052419662476
0.4184187054634094
0.4699350595474243
0.5661180317401886
0.3122415542602539
0.4413312077522278
0.27551907300949097
0.5117946863174438
0.3357996940612793
0.3322635293006897
0.3532986044883728
0.3865829110145569
0.6659618318080902
0.41108936071395874
0.4846140146255493
0.5417705178260803
0.3812835216522217
0.6244920492172241
0.31134843826293945
0.3072514533996582
0.6489320695400238
0.3224576711654663
0.5294508039951324
0.4244418740272522
0.246900737285614
0.35471099615097046
0.27012407779693604
0.7507042586803436
0.30069905519485474
0.26464200019836426
0.317094087600708
0.3282119035720825
0.3141961097717285
0.20321261882781982
0.49989527463912964
0.6731041669845581
0.24532616138458252
0.3064386248588562
0.5270117819309235
0.4745372533798218
0.3079521656036377
0.54924276471138
0.5929485857486725
0.45126843452453613
0.533766120672226
0.3851366639137268
0.5095797479152679
0.5499044954776764
0.6541611850261688
0.5588222146034241
0.2824505567550659
0.3494170308113098
0.49183422327041626
0.28234803676605225
0.6599466800689697
0.47142863273620605
0.29206573963165283
0.2624707818031311
0.37591618299484253
0.224359929561615
0.22427672147750854
0.31235969066619873
0.6007452607154846
0.370805025100708
0.388186514377594
0.46192842721939087
0.23564046621322632
0.396930456161499
0.42981505393981934
0.2460048794746399
0.4591730237007141
0.42768388986587524
0.1750066876411438
0.40956300497055054
0.260154128074646
0.21682989597320557
0.37241458892822266
0.4357309937477112
0.2611563205718994
0.45985108613967896
0.5939734578132629
0.4146336317062378
0.24961727857589722
0.5545783340930939
0.45557063817977905
0.2869913578033447
0.279215931892395
0.5544866323471069
0.36569809913635254
0.32890236377716064
0.28255796432495117
0.44029396772384644
0.2778937816619873
0.48652005195617676
0.26601964235305786
0.5093005895614624
0.35199838876724243
0.3954208493232727
0.2133665680885315
0.23741024732589722
0.48987877368927
0.4125392436981201
0.6583975851535797
0.4106999635696411
0.5173332691192627
0.5802429616451263
0.35436952114105225
0.45069897174835205
0.28373998403549194
0.4493864178657532
0.686076432466507
0.3387683629989624
0.7134403586387634
0.38607680797576904
0.4954926371574402
0.54112708568573
0.4213275909423828
0.6259891986846924
0.5367909967899323
0.22918134927749634
0.23440033197402954
0.4936467409133911
0.7126350104808807
0.4108942151069641
0.49360913038253784
0.5132171809673309
0.5417670011520386
0.24757659435272217
0.47476160526275635
0.27268123626708984
0.7290283739566803
0.4423133134841919
0.3863890767097473
0.33500516414642334
0.3612514138221741
0.7614727318286896
0.36402273178100586
0.5224617719650269
0.5714224874973297
0.6447350084781647
0.41926854848861694
0.5322986841201782
0.23844605684280396
0.3016340732574463
0.32478272914886475
0.38371676206588745
0.4462697505950928
0.24643725156784058
0.38364875316619873
0.276416540145874
0.4156653881072998
0.4372935891151428
0.3235103487968445
0.4711490273475647
0.26725608110427856
0.44024336338043213
0.28226542472839355
0.534917563199997
0.38839638233184814
0.36149853467941284
0.46253931522369385
0.07385951280593872
0.6684323847293854
0.29244762659072876
0.38309186697006226
0.26002198457717896
0.3818708658218384
0.3268527388572693
0.31998342275619507
0.5257932543754578
0.7619525641202927
0.22420966625213623
0.44047409296035767
0.49803227186203003
0.19774270057678223
0.37709951400756836
0.2681284546852112
0.43803662061691284
0.24430733919143677
0.3615301251411438
0.5495863854885101
0.45239686965942383
0.2905203104019165
0.40241819620132446
0.2759672999382019
0.4212609529495239
0.5268534719944
0.3305293917655945
0.3127340078353882
0.3875112533569336
0.4477881193161011
0.33547234535217285
0.6965666711330414
0.5677697658538818
0.21290737390518188
0.2281360626220703
0.19252604246139526
0.531771183013916
0.22118419408798218
0.3582471013069153
0.32667452096939087
0.3578035235404968
0.3071978688240051
0.3113667368888855
0.5889251828193665
0.18239355087280273
0.19121211767196655
0.47059154510498047
0.249836266040802
0.23648345470428467
0.6681403517723083
0.17371851205825806
0.2630399465560913
0.3329763412475586
0.33853113651275635
0.28456783294677734
0.17536354064941406
0.41180843114852905
0.26084160804748535
0.632617712020874
0.3900514245033264
0.4765852689743042
0.314383327960968
0.3975799083709717
0.4176725745201111
0.301658034324646
0.21866834163665771
0.4418019652366638
0.232835054397583
0.3237680196762085
0.43009114265441895
0.2429366111755371
0.5818367004394531
0.4105924963951111
0.33532172441482544
0.3079111576080322
0.4771447777748108
0.36603593826293945
0.5122184455394745
0.25070255994796753
0.2557961940765381
0.4282328486442566
0.2637382745742798
0.5564114451408386
0.6684729754924774
0.3959088921546936
0.5481234490871429
0.5418526232242584
0.17426055669784546
0.40219831466674805
0.29409462213516235
0.21810376644134521
0.6765913367271423
0.33260732889175415
0.35553961992263794
0.3418167233467102
0.28943300247192383
0.45522022247314453
0.20092099905014038
0.5402349829673767
0.5477535128593445
0.4130474328994751
0.2559441328048706
0.29916220903396606
0.3188179135322571
0.5347804427146912
0.4109165668487549
0.4119260311126709
0.3204139471054077
0.2114318609237671
0.43119198083877563
0.47063398361206055
0.5397456884384155
0.3415173888206482
0.5427093207836151
0.7495463490486145
0.3409990072250366
0.5215531289577484
0.4225243330001831
0.18954682350158691
0.5846167206764221
0.29653340578079224
0.7241480648517609
0.46319955587387085
0.2608860731124878
0.2577788829803467
0.41318172216415405
0.335740327835083
0.28192126750946045
0.3330356478691101
0.47913074493408203
0.3518591523170471
0.5131435990333557
0.2691457271575928
0.3850897550582886
0.35212600231170654
0.2821924686431885
0.39809131622314453
0.3231898546218872
0.24073141813278198
0.39384323358535767
0.32050907611846924
0.19656872749328613
0.4395064115524292
0.342654824256897
0.31660234928131104
0.336935818195343
0.1784607172012329
0.2683231830596924
0.3694911599159241
0.38348352909088135
0.2716464400291443
0.2951737642288208
0.33550578355789185
0.19434285163879395
0.2174992561340332
0.3639019727706909
0.4567224979400635
0.632910966873169
0.3260000944137573
0.3105146884918213
0.2502288222312927
0.2843884825706482
0.33375734090805054
0.39192450046539307
0.4410545229911804
0.3115094304084778
0.26616370677948
0.19969159364700317
0.3766731023788452
0.3034816384315491
0.2939984202384949
0.42273932695388794
0.3012735843658447
0.16341739892959595
0.596946507692337
0.2280738353729248
0.4642488956451416
0.33119457960128784
0.3937675952911377
0.31305086612701416
0.428802490234375
0.4708769917488098
0.38577890396118164
0.3104581832885742
0.5215949416160583
0.27938783168792725
0.5670039057731628
0.4192659854888916
0.2304520606994629
0.35368359088897705
0.532311737537384
0.21275073289871216
0.4706321954727173
0.584162175655365
0.46739697456359863
0.3373669981956482
0.4080970883369446
0.36942988634109497
0.2725754976272583
0.3911048173904419
0.38870859146118164
0.3843957781791687
0.3599051833152771
0.37233585119247437
0.5515832006931305
0.2757341265678406
0.5547972619533539
0.40947067737579346
0.3388633728027344
0.12911707162857056
0.4912993907928467
0.5003549456596375
0.6626462638378143
0.5819746553897858
0.3816951513290405
0.2706626057624817
0.3604137897491455
0.19443172216415405
0.3544418215751648
0.5804051756858826
0.35997599363327026
0.2905377745628357
0.32664167881011963
0.41625434160232544
0.3429327607154846
0.6170602142810822
0.28845304250717163
0.421672523021698
0.5166186988353729
0.3573656678199768
0.45869898796081543
0.422717809677124
0.43481165170669556
0.6744701564311981
0.2338126301765442
0.5886904001235962
0.3884369134902954
0.5375306904315948
0.4028838872909546
0.4946178197860718
0.27000951766967773
0.22360336780548096
0.6255742013454437
0.2772061824798584
0.41167086362838745
0.6503502726554871
0.6177586615085602
0.41010868549346924
0.24759560823440552
0.16869115829467773
0.6787505447864532
0.564198762178421
0.34714019298553467
0.3780363202095032
0.2308902144432068
0.37931686639785767
0.3881106376647949
0.46399253606796265
0.32164013385772705
0.14675337076187134
0.3441278338432312
0.3713083267211914
0.5795415341854095
0.36099767684936523
0.3141920566558838
0.4068235158920288
0.48083770275115967
0.4183533787727356
0.6503481268882751
0.45140814781188965
0.34845197200775146
0.44149577617645264
0.33956247568130493
0.5934708416461945
0.353721559047699
0.7721542716026306
0.36517828702926636
0.6278388202190399
0.583965927362442
0.7298146784305573
0.26860523223876953
0.37984997034072876
0.6850155293941498
0.24596261978149414
0.5602383315563202
0.3641026020050049
0.5568418204784393
0.2763240933418274
0.20246249437332153
0.4611583352088928
0.30939894914627075
0.5939835906028748
0.4215736985206604
0.33938896656036377
0.1188732385635376
0.3519744873046875
0.3069390058517456
0.3193298578262329
0.5304412245750427
0.2950836420059204
0.6881040930747986
0.6439772546291351
0.5690997242927551
0.4788796901702881
0.3037269115447998
0.6312249600887299
0.3718390464782715
0.3147246837615967
0.35337209701538086
0.17285072803497314
0.6634945273399353
0.21781975030899048
0.24328279495239258
0.2883545160293579
0.35388654470443726
0.36125415563583374
0.3573147654533386
0.5198005735874176
0.585798442363739
0.24979168176651
0.2734752893447876
0.45959019660949707
0.5514778196811676
0.28779834508895874
0.39655083417892456
0.31861263513565063
0.5606424510478973
0.32493793964385986
0.4064558148384094
0.3060704469680786
0.279579758644104
0.5194551646709442
0.2937968373298645
0.3572465181350708
0.3231375813484192
0.3391900062561035
0.4145340919494629
0.27007371187210083
0.4213699698448181
0.5254299938678741
0.26170456409454346
0.27388572692871094
0.4457396864891052
0.39879554510116577
0.5149772763252258
0.6095837652683258
0.4228038191795349
0.46261101961135864
0.4027612805366516
0.5370260775089264
0.5416944324970245
0.2642463445663452
0.4907799959182739
0.3514975309371948
0.29108333587646484
0.36960816383361816
0.5361790955066681
0.3242682218551636
0.11895585060119629
0.3700445294380188
0.32862389087677
0.2928587794303894
0.5839492082595825
0.6773512661457062
0.48922598361968994
0.4119492769241333
0.3703644275665283
0.3248615264892578
0.3553994297981262
0.2921355962753296
0.4306604862213135
0.3184316158294678
0.6962129175662994
0.5646502077579498
0.5308014154434204
0.23000091314315796
0.5541329681873322
0.340828001499176
0.2540942430496216
0.4678557515144348
0.597058892250061
0.35792940855026245
0.37367933988571167
0.4170417785644531
0.29198145866394043
0.6604699790477753
0.4577515721321106
0.26509106159210205
0.3213251829147339
0.26889002323150635
0.47358638048171997
0.20251399278640747
0.24684995412826538
0.35417675971984863
0.3121366500854492
0.2667911648750305
0.417557954788208
0.4352981448173523
0.35398179292678833
0.49984538555145264
0.1844785213470459
0.17344212532043457
0.23975229263305664
0.2647787928581238
0.36981481313705444
0.20131725072860718
0.19091808795928955
0.263988733291626
0.40819865465164185
0.2174932360649109
0.5628626048564911
0.20886117219924927
0.244087815284729
0.4249897599220276
0.3583207130432129
0.35041719675064087
0.14966613054275513
0.36705565452575684
0.1585063934326172
0.24419301748275757
0.8126750141382217
0.46521228551864624
0.09884852170944214
0.5078301429748535
0.2493550181388855
0.21505987644195557
0.15339386463165283
0.4702637195587158
0.24027198553085327
0.22684597969055176
0.5371374189853668
0.2684999704360962
0.4981335401535034
0.18955636024475098
0.23592263460159302
0.27957767248153687
0.25829094648361206
0.4772557020187378
0.31583964824676514
0.42000532150268555
0.6129698157310486
0.7317157685756683
0.2508136034011841
0.2737700939178467
0.23259741067886353
0.24162745475769043
0.20314741134643555
0.1564037799835205
0.4165598750114441
0.44158095121383667
0.22623920440673828
0.2523592710494995
0.22477900981903076
0.1674332618713379
0.4109417200088501
0.34700149297714233
0.4496803879737854
0.4941304326057434
0.26536816358566284
0.4013829827308655
0.17473310232162476
0.22748810052871704
0.1611517071723938
0.3769052028656006
0.39268016815185547
0.1071653962135315
0.10231399536132812
0.0718071460723877
0.10064983367919922
0.3513560891151428
0.26756608486175537
0.2819212079048157
0.3185123801231384
0.2873629331588745
0.38419920206069946
0.16042256355285645
0.5557631254196167
0.2646428346633911
0.3893457055091858
0.28283804655075073
0.4408184885978699
0.5278963446617126
0.4424017071723938
0.33048081398010254
0.17738592624664307
0.22173166275024414
0.5110549330711365
0.3390847444534302
0.40263450145721436
0.4218164086341858
0.18924152851104736
0.3526473045349121
0.26973509788513184
0.3071686029434204
0.3037082552909851
0.433884859085083
0.1882813572883606
0.46426862478256226
0.4626736640930176
0.38890737295150757
0.3178420066833496
0.30776447057724
0.2844700217247009
0.36653828620910645
0.5667377710342407
0.3353649377822876
0.22586411237716675
0.24066311120986938
0.32394587993621826
0.2722896933555603
0.45905542373657227
0.25577497482299805
0.2838224172592163
0.45838993787765503
0.39913636445999146
0.23043930530548096
0.2322995662689209
0.5484644174575806
0.44634950160980225
0.2562693953514099
0.39397990703582764
0.29179781675338745
0.6088669300079346
0.3953636884689331
0.4916088581085205
0.28435033559799194
0.31581956148147583
0.5104986727237701
0.38427257537841797
0.7002638578414917
0.26541441679000854
0.31226205825805664
0.4253734350204468
0.5002275705337524
0.362942636013031
0.34167593717575073
0.21294742822647095
0.26931101083755493
0.7268116772174835
0.5075725317001343
0.6171972751617432
0.21381473541259766
0.43065935373306274
0.20714056491851807
0.34914451837539673
0.21347761154174805
0.4760615825653076
0.3006398677825928
0.31759774684906006
0.29971832036972046
0.3160180449485779
0.37460774183273315
0.3117932677268982
0.46291446685791016
0.43702560663223267
0.6352716684341431
0.34072160720825195
0.3352331519126892
0.26778852939605713
0.5277547836303711
0.2751423716545105
0.3226838707923889
0.2807767987251282
0.44946199655532837
0.33147132396698
0.3777860403060913
0.4888656735420227
0.4603915214538574
0.30691319704055786
0.598896712064743
0.49193716049194336
0.31305211782455444
0.5790441930294037
0.33686691522598267
0.2466713786125183
0.2351512312889099
0.3386155962944031
0.2779756188392639
0.23344779014587402
0.45554643869400024
0.27734363079071045
0.2385009527206421
0.23924803733825684
0.46774721145629883
0.5110922753810883
0.21936315298080444
0.3494715094566345
0.25854426622390747
0.26921790838241577
0.3023591637611389
0.4721490144729614
0.216231107711792
0.3820628523826599
0.2805725336074829
0.3410326838493347
0.20569413900375366
0.33761894702911377
0.24177443981170654
0.5138693451881409
0.21926963329315186
0.19247883558273315
0.3045527935028076
0.19714105129241943
0.4078913927078247
0.20340991020202637
0.4236435294151306
0.3849921226501465
0.26995211839675903
0.3133634328842163
0.34716278314590454
0.38250118494033813
0.21153461933135986
0.2527369260787964
0.36814719438552856
0.5819243788719177
0.6092055141925812
0.2863561511039734
0.6028747856616974
0.3429521322250366
0.6430993676185608
0.26400017738342285
0.34786534309387207
0.3953177332878113
0.2845340371131897
0.4666757583618164
0.33274322748184204
0.33878159523010254
0.5043113827705383
0.47468799352645874
0.2780419588088989
0.3166723847389221
0.5229539573192596
0.4067729115486145
0.5227822661399841
0.26632964611053467
0.32227957248687744
0.4560149312019348
0.36738860607147217
0.6065579950809479
0.4250905513763428
0.3523241877555847
0.5109226703643799
0.3474361300468445
0.4837051033973694
0.408292293548584
0.29242491722106934
0.5592279434204102
0.5999134480953217
0.5294376611709595
0.5324363112449646
0.4955558180809021
0.5299038290977478
0.5140478014945984
0.30630582571029663
0.3582189679145813
0.43606942892074585
0.21720027923583984
0.42544132471084595
0.22585606575012207
0.2798503637313843
0.22184985876083374
0.16070032119750977
0.16302704811096191
0.24588781595230103
0.35328733921051025
0.39553302526474
0.36637187004089355
0.4322495460510254
0.3406323790550232
0.38490813970565796
0.2699570655822754
0.32702845335006714
0.4828781485557556
0.44007521867752075
0.4645373821258545
0.6677891612052917
0.5065003633499146
0.5571822226047516
0.3217729330062866
0.48380720615386963
0.604361891746521
0.22475188970565796
0.5183747112751007
0.2965225577354431
0.2354244589805603
0.7575032562017441
0.4621763229370117
0.810247078537941
0.48363035917282104
0.45199745893478394
0.3643825054168701
0.45584583282470703
0.46605736017227173
0.3045663833618164
0.3435296416282654
0.4884398579597473
0.36584800481796265
0.3886682391166687
0.4294090270996094
0.46876049041748047
0.3298938274383545
0.3347647786140442
0.41238176822662354
0.669022262096405
0.5650494396686554
0.24578112363815308
0.20367532968521118
0.39751118421554565
0.39284539222717285
0.27551066875457764
0.5037317872047424
0.2649746537208557
0.26284027099609375
0.4337559938430786
0.21427452564239502
0.32342708110809326
0.39191508293151855
0.629959225654602
0.2900928258895874
0.35409611463546753
0.2827339768409729
0.29387611150741577
0.4231848120689392
0.4742816686630249
0.44756966829299927
0.4294498562812805
0.23400402069091797
0.4796329736709595
0.42625242471694946
0.19858092069625854
0.49290215969085693
0.3204202651977539
0.27241742610931396
0.24022138118743896
0.49217700958251953
0.25316667556762695
0.29471027851104736
0.37752342224121094
0.3714858293533325
0.24126243591308594
0.38865095376968384
0.388014018535614
0.3021180033683777
0.20286941528320312
0.21749621629714966
0.21027284860610962
0.6242429912090302
0.36913400888442993
0.5793443620204926
0.5495436191558838
0.36801064014434814
0.2268180251121521
0.33258742094039917
0.3851325511932373
0.3483508229255676
0.5284588932991028
0.5541819036006927
0.21409761905670166
0.4366756081581116
0.400057852268219
0.4208625555038452
0.3892907500267029
0.312627375125885
0.25134438276290894
0.46505892276763916
0.6106818616390228
0.3082890510559082
0.4821327328681946
0.21029329299926758
0.43346500396728516
0.6202661395072937
0.538599967956543
0.6598546802997589
0.23579049110412598
0.6858280003070831
0.3009416460990906
0.22795313596725464
0.479148268699646
0.39152806997299194
0.41820645332336426
0.4638415575027466
0.40804827213287354
0.3197360038757324
0.3925004005432129
0.3880845904350281
0.3585965633392334
0.4517083168029785
0.3579990267753601
0.45555579662323
0.34012752771377563
0.43355560302734375
0.5520686209201813
0.5403643250465393
0.32260483503341675
0.26997971534729004
0.34321659803390503
0.439449667930603
0.30387717485427856
0.3817704916000366
0.4530652165412903
0.2697892189025879
0.3848465085029602
0.11472177505493164
0.2527325749397278
0.1877727508544922
0.6074094772338867
0.33956974744796753
0.4578168988227844
0.6046149730682373
0.17615199089050293
0.5555245578289032
0.7809828966856003
0.4420551657676697
0.1879015564918518
0.6462728679180145
0.6823627948760986
0.43609052896499634
0.7401155233383179
0.45033252239227295
0.3808101415634155
0.3236398696899414
0.4328775405883789
0.2773606777191162
0.417097270488739
0.5725269615650177
0.36817437410354614
0.31486886739730835
0.7333561480045319
0.38602060079574585
0.6161113679409027
0.30861860513687134
0.3514961004257202
0.5723561644554138
0.2505189776420593
0.5393431484699249
0.5342012047767639
0.4178730845451355
0.34494519233703613
0.24267148971557617
0.4362138509750366
0.3785941004753113
0.7043907046318054
0.44093960523605347
0.5664679706096649
0.6008133292198181
0.4808827042579651
0.399064838886261
0.3853256106376648
0.6699840724468231
0.19539839029312134
0.4216914176940918
0.5247829854488373
0.5443706512451172
0.5870118737220764
0.5163695216178894
0.3592582941055298
0.505920022726059
0.2590811848640442
0.4915197491645813
0.2762293815612793
0.5387767553329468
0.4157959818840027
0.48695802688598633
0.3612911105155945
0.4472850561141968
0.4050886631011963
0.4652136564254761
0.4327778220176697
0.340175986289978
0.5469645261764526
0.6545844376087189
0.42677152156829834
0.4275974631309509
0.34274399280548096
0.39531660079956055
0.5365714132785797
0.4582628011703491
0.5756214261054993
0.3993697166442871
0.4396575093269348
0.5723494589328766
0.5790295898914337
0.2123820185661316
0.34216320514678955
0.16456574201583862
0.3729960322380066
0.21292155981063843
0.2205601930618286
0.20338302850723267
0.2611219882965088
0.4650996923446655
0.5819408893585205
