0.5921160578727722
0.7352160811424255
0.7153459787368774
0.7756049633026123
0.7483711242675781
0.47282278537750244
0.7412922382354736
0.6290932297706604
0.6133157014846802
0.7165818810462952
0.7642530202865601
0.7064599394798279
0.5710355639457703
0.715772807598114
0.8262122869491577
0.6273729205131531
0.7410567402839661
0.7659680843353271
0.8289385437965393
0.7034120559692383
0.670563817024231
0.6295199990272522
0.7656475901603699
0.6935569047927856
0.7704747915267944
0.6667380928993225
0.4616079330444336
0.6670042872428894
0.42545586824417114
0.721663236618042
0.6113730072975159
0.6239820718765259
0.5319700837135315
0.7401025891304016
0.7827044725418091
0.723258376121521
0.5782101154327393
0.7653713226318359
0.6989136338233948
0.5218865871429443
0.813778281211853
0.44512584805488586
0.7593289613723755
0.6864296197891235
0.5763376951217651
0.4815169870853424
0.693138062953949
0.7269755601882935
0.6713048815727234
0.7330694198608398
0.5901633501052856
0.6626981496810913
0.5417528748512268
0.7099697589874268
0.7888287305831909
0.6787782311439514
0.7861015796661377
0.6840595602989197
0.6577492952346802
0.5888142585754395
0.6162356734275818
0.7459362149238586
0.6790509223937988
0.5853058695793152
0.663781464099884
0.6653649806976318
0.5528242588043213
0.6236352920532227
0.5502731800079346
0.6991409063339233
0.6559844017028809
0.5931066274642944
0.7494661211967468
0.43315863609313965
0.6371214389801025
0.7092074155807495
0.6759740114212036
0.5171905159950256
0.7927869558334351
0.5838276743888855
0.6880626678466797
0.7043254971504211
0.5376689434051514
0.6241822838783264
0.6191650629043579
0.9288878440856934
0.581899106502533
0.6275690793991089
0.8624307513237
0.5604845881462097
0.4686654210090637
0.6814829707145691
0.7225502133369446
0.819396436214447
0.6685616970062256
0.5866478085517883
0.6080699563026428
0.6931079626083374
0.704757809638977
0.6748895049095154
0.5896530151367188
0.453269898891449
0.725762665271759
0.7641776204109192
0.7928206920623779
0.7357368469238281
0.7025026679039001
0.7434609532356262
0.3637238144874573
0.577699601650238
0.5411922931671143
0.7686433792114258
0.6849310994148254
0.6221182942390442
0.6919031143188477
0.5305784344673157
0.5864614248275757
0.43866947293281555
0.6787415146827698
0.8253224492073059
0.6057775616645813
0.730891764163971
0.6072235107421875
0.729829728603363
0.29656922817230225
0.6838987469673157
0.820357620716095
0.7966986894607544
0.7932714819908142
0.5958375930786133
0.8048499226570129
0.7720603346824646
0.7579613924026489
0.6292290687561035
0.7685514092445374
0.5270242691040039
0.5247266888618469
0.40013670921325684
0.5173394680023193
0.718465268611908
0.5860368609428406
0.34861791133880615
0.4890582263469696
0.7126646041870117
0.6881243586540222
0.7027652263641357
0.6912972331047058
0.755108118057251
0.8176882266998291
0.7752605676651001
0.7542085647583008
0.39202260971069336
0.8150458335876465
0.8309544324874878
0.6929614543914795
0.723434567451477
0.7548673748970032
0.6549943089485168
0.4703925848007202
0.5979353785514832
0.4579087197780609
0.7199651598930359
0.7468552589416504
0.8729310631752014
0.7384973764419556
0.7216048836708069
0.7689043283462524
0.8797098398208618
0.7529099583625793
0.7403798699378967
0.9002567529678345
0.274769127368927
0.5597096681594849
0.7292529940605164
0.6614241003990173
0.6361119747161865
0.5747666954994202
0.49110209941864014
0.5446463823318481
0.34056660532951355
0.616578996181488
0.7232718467712402
0.8528581857681274
0.6275205016136169
0.6556289196014404
0.6350123286247253
0.6414058208465576
0.7407660484313965
0.5741075277328491
0.7783814072608948
0.4837369918823242
0.7344089150428772
0.6655831336975098
0.5036377906799316
0.7498984932899475
0.6516243815422058
0.5635471343994141
0.475193053483963
0.6578415036201477
0.6129530072212219
0.7058044672012329
0.7489607930183411
0.7520745992660522
0.5492033362388611
0.7130656242370605
0.7277727723121643
0.6663888096809387
0.7187280058860779
0.6467587351799011
0.6941594481468201
0.6345121264457703
0.7547088861465454
0.7370657920837402
0.6379435658454895
0.618491530418396
0.7007765769958496
0.6887215375900269
0.6741777062416077
0.7314349412918091
0.4941596984863281
0.8400037884712219
0.6973105072975159
0.7343143224716187
0.8102207183837891
0.6802154183387756
0.5470413565635681
0.7528228759765625
0.8499178886413574
0.6701814532279968
0.5850934982299805
0.551922619342804
0.5264042615890503
0.49880802631378174
0.5252256393432617
0.5178223848342896
0.4703599214553833
0.8245685696601868
0.6704872250556946
0.6595956087112427
0.659088134765625
0.6058351397514343
0.3395134508609772
0.4484802782535553
0.7745169997215271
0.3268762230873108
0.6977887749671936
0.4910222589969635
0.5537157654762268
0.7317101955413818
0.5211203694343567
0.6350364089012146
0.737284243106842
0.5779383182525635
0.606026291847229
0.5859876871109009
0.5959659218788147
0.729537308216095
0.744263231754303
0.6620912551879883
0.7468281388282776
0.6844187378883362
0.5665183663368225
0.6366106867790222
0.7962341904640198
0.7798998951911926
0.5452445149421692
0.5947772860527039
0.6853461265563965
0.5353333353996277
0.5117548704147339
0.48378226161003113
0.7289055585861206
0.7617499828338623
0.6843881011009216
0.8459959030151367
0.4584461748600006
0.8053228259086609
0.7005428671836853
0.7531806230545044
0.6398738622665405
0.7490313649177551
0.682715117931366
0.7711877822875977
0.6618831753730774
0.737171471118927
0.7791053652763367
0.6231583952903748
0.5678149461746216
0.7598613500595093
0.5941259264945984
0.709010660648346
0.6157719492912292
0.7599545121192932
0.7072778940200806
0.40842142701148987
0.6171057820320129
0.47333550453186035
0.7876081466674805
0.583040714263916
0.7044497132301331
0.7198451161384583
0.6458085179328918
0.7410367131233215
0.45860427618026733
0.7951688170433044
0.8652029633522034
0.605008602142334
0.7315487265586853
0.8113526701927185
0.5086333751678467
0.7270702719688416
0.5893486738204956
0.7965909838676453
0.622738242149353
0.7316784262657166
0.5863120555877686
0.6027921438217163
0.48425108194351196
0.3878484070301056
0.7346220016479492
0.666589081287384
0.6595854759216309
0.7860824465751648
0.5671148896217346
0.5272433757781982
0.5072248578071594
0.654020369052887
0.6513223052024841
0.4424247741699219
0.5063467621803284
0.5886600017547607
0.7625628709793091
0.702121913433075
0.48614761233329773
0.5955525636672974
0.6678099632263184
0.5914037227630615
0.40648552775382996
0.3674136698246002
0.36285293102264404
0.3525848388671875
0.2905958592891693
0.5631977319717407
0.3621639311313629
0.41420280933380127
0.7136502861976624
0.40884408354759216
0.6573947668075562
0.5809600949287415
0.7374147772789001
0.7382340431213379
0.6936129927635193
0.5572649836540222
0.647671103477478
0.7565821409225464
0.6001374125480652
0.7950854897499084
0.7094355225563049
0.7598131895065308
0.7645704746246338
0.7179131507873535
0.5551409125328064
0.8740647435188293
0.7135119438171387
0.6904741525650024
0.7356494069099426
0.6770440936088562
0.5337551236152649
0.5118826031684875
0.6237742304801941
0.4172612428665161
0.6591724753379822
0.4285334050655365
0.4473983943462372
0.5037062764167786
0.7472227215766907
0.702482283115387
0.49192532896995544
0.7621417045593262
0.5806539058685303
0.6044681072235107
0.4041488468647003
0.7901608347892761
0.659801185131073
0.35902267694473267
0.668001651763916
0.5087627172470093
0.8002839088439941
0.48053860664367676
0.7202811241149902
0.516241729259491
0.2972257435321808
0.6219949722290039
0.6343873143196106
0.5848380327224731
0.3010532259941101
0.6429557800292969
0.7365854382514954
0.7796139121055603
0.5384035110473633
0.4371998906135559
0.4592432975769043
0.6011477708816528
0.6577476263046265
0.4253084361553192
0.5118460655212402
0.4275304079055786
0.8273218870162964
0.433773010969162
0.6099725961685181
0.48682573437690735
0.5326956510543823
0.5309360027313232
0.7371309995651245
0.7079669833183289
0.75880366563797
0.5689573884010315
0.7081794142723083
0.6908635497093201
0.5514168739318848
0.5288165807723999
0.4903503656387329
0.8116464614868164
0.8350590467453003
0.8002198338508606
0.7016095519065857
0.4506720006465912
0.7425270676612854
0.43489041924476624
0.6242857575416565
0.6096483469009399
0.8079871535301208
0.7018079161643982
0.5636844635009766
0.5246546268463135
0.7076621055603027
0.7916871905326843
0.8369353413581848
0.5786932110786438
0.5660382509231567
0.5746985673904419
0.7068309187889099
0.6818527579307556
0.4511221647262573
0.6693771481513977
0.6152012348175049
0.5684444904327393
0.653465986251831
0.793005108833313
0.6970829963684082
0.7192363739013672
0.6455714106559753
0.7724742889404297
0.7733494639396667
0.7849165201187134
0.6080709099769592
0.7419549822807312
0.7470229268074036
0.5338940024375916
0.8400299549102783
0.3864390254020691
0.7211489677429199
0.7040649056434631
0.6441682577133179
0.7878462672233582
0.4715850055217743
0.5110677480697632
0.4862298369407654
0.6596828103065491
0.7011808156967163
0.8188391923904419
0.6650672554969788
0.6697103381156921
0.7816042900085449
0.28785938024520874
0.7790055274963379
0.6714491844177246
0.6309295892715454
0.5357958674430847
0.7676970958709717
0.5997601747512817
0.5688140988349915
0.4838992953300476
0.5967211723327637
0.5939655303955078
0.679449200630188
0.6334049701690674
0.6554261445999146
0.7547969222068787
0.6723496317863464
0.8295577168464661
0.593309760093689
0.6355301737785339
0.8545747399330139
0.5221813321113586
0.622158408164978
0.5233361721038818
0.3425785303115845
0.701305627822876
0.5124931335449219
0.6817256212234497
0.6104409694671631
0.5891045928001404
0.6440890431404114
0.6033312678337097
0.3101631999015808
0.29549503326416016
0.6144142746925354
0.716871976852417
0.6962841749191284
0.3807068169116974
0.6823561191558838
0.5999811887741089
0.5549130439758301
0.7330197691917419
0.646915853023529
0.7484781742095947
0.6029549837112427
0.7361039519309998
0.532584547996521
0.5565398931503296
0.6007551550865173
0.5909715890884399
0.4790359139442444
0.7211451530456543
0.4956831634044647
0.4807380139827728
0.6694445013999939
0.7198185324668884
0.5186437964439392
0.4875984489917755
0.6044272780418396
0.5823435187339783
0.42039841413497925
0.6298957467079163
0.5057641267776489
0.7222195267677307
0.44073498249053955
0.7635290622711182
0.5271381735801697
0.6448033452033997
0.8637155294418335
0.5568279027938843
0.3929079473018646
0.7343749403953552
0.5796299576759338
0.7717887759208679
0.4952145516872406
0.49438557028770447
0.4887009263038635
0.48059502243995667
0.6677478551864624
0.5156104564666748
0.3966100215911865
0.5581091642379761
0.6747104525566101
0.7915613651275635
0.6433095335960388
0.5516299605369568
0.7360820770263672
0.5033631920814514
0.5723119974136353
0.5651471018791199
0.7015760540962219
0.6551697254180908
0.2733328342437744
0.5362890958786011
0.5900707244873047
0.574815571308136
0.6371723413467407
0.5207773447036743
0.5801542401313782
0.49415910243988037
0.7824294567108154
0.5816295146942139
0.6054455637931824
0.8017290234565735
0.4945325255393982
0.782053530216217
0.6858792901039124
0.8306490182876587
0.541691243648529
0.6156456470489502
0.6547255516052246
0.7203395962715149
0.6289336085319519
0.5893434286117554
0.8577207922935486
0.5335740447044373
0.6137856841087341
0.41113290190696716
0.5033539533615112
0.6296923756599426
0.6224419474601746
0.4343487322330475
0.7173460721969604
0.6275535821914673
0.47441422939300537
0.8664917349815369
0.5179354548454285
0.7971866726875305
0.3509983420372009
0.8557174205780029
0.6530680656433105
0.57668536901474
0.47623205184936523
0.5086336731910706
0.8735103607177734
0.5396879315376282
0.5568857192993164
0.5508174896240234
0.5665878057479858
0.8595513105392456
0.5618340969085693
0.4611755311489105
0.6900861859321594
0.39751240611076355
0.8398082852363586
0.8286080360412598
0.5584014058113098
0.5868887305259705
0.5132657885551453
0.7088140845298767
0.6687346696853638
0.764020562171936
0.521367609500885
0.4766874313354492
0.7170828580856323
0.4444279372692108
0.7627784013748169
0.5613563060760498
0.7281389236450195
0.720812201499939
0.4419938921928406
0.7765081524848938
0.8447091579437256
0.6485365033149719
0.5275629758834839
0.7507842779159546
0.6685394048690796
0.3838557004928589
0.7781570553779602
0.5310842990875244
0.6648401021957397
0.6951629519462585
0.6413660049438477
0.6853798031806946
0.7137609124183655
0.6075201034545898
0.7378113269805908
0.3968987464904785
0.7509301900863647
0.6775975227355957
0.6099513173103333
0.7566012740135193
0.4716091454029083
0.654876708984375
0.7162033915519714
0.6775975227355957
0.737364649772644
0.7470101714134216
0.8347446918487549
0.6339016556739807
0.49003854393959045
0.4754665493965149
0.6594732403755188
0.6039772629737854
0.653839647769928
0.7626138925552368
0.6873108148574829
0.732652485370636
0.7809500098228455
0.7192246317863464
0.6207718849182129
0.6037796139717102
0.8048789501190186
0.6214601397514343
0.5352834463119507
0.4063427746295929
0.4431898891925812
0.7714415192604065
0.32087036967277527
0.6507583856582642
0.847534716129303
0.5735845565795898
0.5819811224937439
0.7130400538444519
0.6221314072608948
0.6878998279571533
0.5097191333770752
0.7676764726638794
0.617071807384491
0.33128830790519714
0.7046266794204712
0.5703940987586975
0.7332878112792969
0.6217114925384521
0.7775578498840332
0.6267305612564087
0.6051802039146423
0.4167412221431732
0.7057263851165771
0.37841367721557617
0.581813395023346
0.6738019585609436
0.6682896614074707
0.44501549005508423
0.7219053506851196
0.54093337059021
0.5671224594116211
0.6640760898590088
0.2491031438112259
0.6493867635726929
0.5595909357070923
0.8144164085388184
0.40646445751190186
0.6028467416763306
0.6682518720626831
0.6067982316017151
0.5752800107002258
0.7231191992759705
0.8730863332748413
0.6622328162193298
0.6115591526031494
0.6500385403633118
0.7317373156547546
0.566217303276062
0.7073919773101807
0.3966499865055084
0.6278855204582214
0.7177782654762268
0.5833771824836731
0.7457963228225708
0.7874703407287598
0.6852412223815918
0.6011869311332703
0.8001700043678284
0.7116009593009949
0.6753460168838501
0.5961213707923889
0.7599640488624573
0.6660369634628296
0.664537787437439
0.7630500793457031
0.82137131690979
0.8330222964286804
0.6836940050125122
0.7883049845695496
0.6884779930114746
0.5373802185058594
0.7670724987983704
0.8282932043075562
0.6460500955581665
0.7340145707130432
0.6600707173347473
0.5007920861244202
0.7702468037605286
0.8044154047966003
0.5634564161300659
0.7490328550338745
0.7479837536811829
0.8039650321006775
0.734844982624054
0.48435261845588684
0.4201166033744812
0.5399356484413147
0.5491710305213928
0.39405134320259094
0.4948759973049164
0.38285237550735474
0.6410744786262512
0.5206034183502197
0.6456505060195923
0.6268225312232971
0.6315534710884094
0.7175038456916809
0.6521134972572327
0.5491843223571777
0.535427987575531
0.6884794235229492
0.5984792113304138
0.7008437514305115
0.6794069409370422
0.7936990261077881
0.7844390869140625
0.6721774935722351
0.7486774921417236
0.7761619091033936
0.7529125809669495
0.6990910768508911
0.3700295388698578
0.7984785437583923
0.5996204018592834
0.8312031030654907
0.21506059169769287
0.7232709527015686
0.747310996055603
0.7411054372787476
0.4351271986961365
0.32114845514297485
0.4309677183628082
0.6372920870780945
0.5137629508972168
0.36603477597236633
0.5316040515899658
0.6345922946929932
0.8322153091430664
0.7605549097061157
0.5129470229148865
0.5949603915214539
0.37053677439689636
0.6523615717887878
0.7482519149780273
0.8265024423599243
0.7339767217636108
0.7129035592079163
0.7631319165229797
0.7685491442680359
0.6681447625160217
0.8151600956916809
0.8174170851707458
0.75221848487854
0.7195745706558228
0.8051317930221558
0.4350798726081848
0.7977453470230103
0.5301401019096375
0.7849166989326477
0.8391881585121155
0.5614117980003357
0.5408743619918823
0.6936893463134766
0.7480571269989014
0.81931072473526
0.712275505065918
0.7387760281562805
0.7751274704933167
0.40934836864471436
0.6675156354904175
0.785132884979248
0.7990054488182068
0.7900620102882385
0.7719947695732117
0.7030908465385437
0.7125603556632996
0.7403985261917114
0.8261649012565613
0.47212544083595276
0.7726997137069702
0.7706284523010254
0.5100079774856567
0.7538878321647644
0.7926948070526123
0.84687340259552
0.7195972204208374
0.5943493247032166
0.6178905963897705
0.6966424584388733
0.6718624234199524
0.7076529264450073
0.7780016660690308
0.4173441529273987
0.7060649991035461
0.8534916043281555
0.6834154725074768
0.673267662525177
0.7992562055587769
0.7740576863288879
0.4019501507282257
0.8692996501922607
0.7802067399024963
0.5437411665916443
0.6807571053504944
0.5828016996383667
0.4417833089828491
0.7714880108833313
0.6374465823173523
0.7131121754646301
0.298397034406662
0.7556931972503662
0.5171613097190857
0.5390287041664124
0.6980310678482056
0.36607983708381653
0.6395227909088135
0.3774648904800415
0.6834816336631775
0.7132158279418945
0.768282949924469
0.7505404949188232
0.5173386335372925
0.5268534421920776
0.5835793018341064
0.6825329065322876
0.61094069480896
0.758902370929718
0.550418496131897
0.6202704906463623
0.5397966504096985
0.6158833503723145
0.7915322184562683
0.654524028301239
0.7949026823043823
0.6586767435073853
0.6794824600219727
0.6961024403572083
0.6803849935531616
0.7303235530853271
0.5768944025039673
0.6208803653717041
0.49781209230422974
0.8113552331924438
0.5544856786727905
0.7335637807846069
0.6193128228187561
0.7152631878852844
0.5965714454650879
0.7137176990509033
0.7157926559448242
0.6294103264808655
0.3675418496131897
0.6759525537490845
0.7159626483917236
0.7846469283103943
0.6713624596595764
0.7578463554382324
0.510116696357727
0.6876465678215027
0.47994327545166016
0.5526701807975769
0.6768949627876282
0.6625227928161621
0.48161080479621887
0.3113592565059662
0.7775886058807373
0.6523571610450745
0.43703243136405945
0.5347571969032288
0.49060216546058655
0.5487434267997742
0.6605821847915649
0.6816771030426025
0.5951641798019409
0.5640823841094971
0.7486979961395264
0.7699294686317444
0.5848715305328369
0.6030414700508118
0.5896555185317993
0.6324892640113831
0.7399234175682068
0.6804381608963013
0.7777611017227173
0.6948736310005188
0.6278802156448364
0.2581162750720978
0.5389031767845154
0.4562162160873413
0.6246473789215088
0.6051698327064514
0.49363213777542114
0.6914170384407043
0.5207934975624084
0.6359534859657288
0.7511991858482361
0.6937549114227295
0.4564897418022156
0.5972411632537842
0.5753108263015747
0.7813817262649536
0.7340282797813416
0.8620728850364685
0.6963533759117126
0.6222618222236633
0.384449303150177
0.6776649951934814
0.6606177687644958
0.5912390351295471
0.8025789260864258
0.5985762476921082
0.6073702573776245
0.6093826293945312
0.7975121736526489
0.6665717363357544
0.4562196135520935
0.7280829548835754
0.8074843883514404
0.7075013518333435
0.5336739420890808
0.6973443627357483
0.5581836104393005
0.3303104043006897
0.4888460040092468
0.7437577843666077
0.6884050369262695
0.6628431677818298
0.6091891527175903
0.7900883555412292
0.7117175459861755
0.6951291561126709
0.7793225646018982
0.6506184935569763
0.7982243299484253
0.7805709838867188
0.5966060757637024
0.6360507607460022
0.742047131061554
0.6336069703102112
0.46466678380966187
0.6866227984428406
0.58830726146698
0.5465429425239563
0.6285748481750488
0.6264596581459045
0.6408249139785767
0.7502216696739197
0.5013553500175476
0.6910582184791565
0.725048840045929
0.4829180836677551
0.5292220711708069
0.6231182217597961
0.7309038043022156
0.6036980748176575
0.6192448735237122
0.4103024899959564
0.7959507703781128
0.7475584745407104
0.7191141247749329
0.317675918340683
0.490138441324234
0.44340887665748596
0.8756372332572937
0.6111606955528259
0.42757317423820496
0.6517333984375
0.8101842999458313
0.6662980318069458
0.5582287907600403
0.573291540145874
0.6097885370254517
0.7222811579704285
0.5749374032020569
0.4898446202278137
0.6145714521408081
0.37528231739997864
0.3690241873264313
0.5917574167251587
0.6826967597007751
0.729470431804657
0.5630251169204712
0.6800321340560913
0.5857049226760864
0.5026804208755493
0.512389600276947
0.49594053626060486
0.5787091255187988
0.588176429271698
0.6787647604942322
0.548617959022522
0.6934438347816467
0.3328518271446228
0.7231658101081848
0.5604696869850159
0.7020269632339478
0.7105702757835388
0.6229429244995117
0.5552125573158264
0.7738260626792908
0.4130508303642273
0.283669114112854
0.614274799823761
0.5842550992965698
0.8634833097457886
0.7138203978538513
0.7411091923713684
0.6522369384765625
0.8756899833679199
0.5003275871276855
0.6029249429702759
0.48825809359550476
0.71491539478302
0.6379191279411316
0.634799599647522
0.8391106724739075
0.7571878433227539
0.5122618675231934
0.6422724723815918
0.596234142780304
0.7552852630615234
0.6097416877746582
0.2915448844432831
0.8816862106323242
0.6737269163131714
0.3946176767349243
0.38118377327919006
0.7346765995025635
0.7121662497520447
0.5781018137931824
0.7732289433479309
0.6947630643844604
0.751715898513794
0.6262800097465515
0.6752446889877319
0.6182705163955688
0.7732289433479309
0.848585307598114
0.5726391077041626
0.8127092719078064
0.6508714556694031
0.6105533838272095
0.5551546216011047
0.5414367318153381
0.6138511300086975
0.523819625377655
0.6322360634803772
0.5966961979866028
0.4168343245983124
0.7882921695709229
0.5443344116210938
0.5692617297172546
0.3863641321659088
0.6840806007385254
0.46174156665802
0.8831913471221924
0.6306360363960266
0.7431574463844299
0.46965309977531433
0.9058080911636353
0.6765414476394653
0.6171896457672119
0.5279223322868347
0.5041459798812866
0.7208772301673889
0.6594716310501099
0.9199009537696838
0.6792522668838501
0.7371577024459839
0.7374581098556519
0.4520007371902466
0.8103151917457581
0.6466640830039978
0.8100771307945251
0.8719456195831299
0.8940796852111816
0.9113072752952576
0.8414264917373657
0.5447483658790588
0.6038016676902771
0.6964792013168335
0.7285752296447754
0.8446572422981262
0.7124637961387634
0.7455039024353027
0.4316267967224121
0.6883658766746521
0.7639986872673035
0.7791028618812561
0.8455069661140442
0.7857953310012817
0.9185587167739868
0.5972127318382263
0.740198016166687
0.7005484700202942
0.7585493922233582
0.6150128841400146
0.6499453186988831
0.7368040680885315
0.6860166192054749
0.7093239426612854
0.5806124210357666
0.8234453201293945
0.6998844742774963
0.43583154678344727
0.5891445279121399
0.4805016815662384
0.6159564256668091
0.74544358253479
0.6755994558334351
0.6728925108909607
0.5656365156173706
0.7741833329200745
0.7816227078437805
0.7626723051071167
0.6648145914077759
0.5483698844909668
0.7780693173408508
0.7204731702804565
0.686598002910614
0.5383316874504089
0.5417298078536987
0.6378173232078552
0.5830363631248474
0.5318954586982727
0.4722101390361786
0.610321044921875
0.6658564805984497
0.7280526161193848
0.7522979378700256
0.7840005159378052
0.6016919612884521
0.6771115064620972
0.6433196663856506
0.48572587966918945
0.643150269985199
0.6084427237510681
0.7042189240455627
0.5974151492118835
0.6686972975730896
0.6513203978538513
0.775499165058136
0.8631553649902344
0.7326620817184448
0.6672176122665405
0.7471370100975037
0.6427211761474609
0.5883306860923767
0.5776152014732361
0.6377949118614197
0.7248432636260986
0.7101413011550903
0.7939907312393188
0.558440089225769
0.5553874969482422
0.6704297661781311
0.6063247323036194
0.6171268224716187
0.7028821110725403
0.6011561751365662
0.5629927515983582
0.5575587749481201
0.5529431104660034
0.5449489951133728
0.5390232801437378
0.7219438552856445
0.6947029829025269
0.6388043761253357
0.7157017588615417
0.6031026840209961
0.7227914333343506
0.7726154923439026
0.27821117639541626
0.4123089611530304
0.6993833184242249
0.6715614199638367
0.7018725872039795
0.6543197631835938
0.760380744934082
0.6717250347137451
0.38416779041290283
0.6506560444831848
0.5371484160423279
0.7093866467475891
0.4275866448879242
0.7705186605453491
0.5907458066940308
0.7124815583229065
0.8827984929084778
0.7165229320526123
0.7120277285575867
0.5748783946037292
0.7148101925849915
0.6700827479362488
0.836003839969635
0.8239417672157288
0.7165821194648743
0.6353654265403748
0.7209905982017517
0.7438673377037048
0.8092860579490662
0.7723700404167175
0.6732161045074463
0.7177985310554504
0.4356614649295807
0.7392211556434631
0.5910627841949463
0.48199009895324707
0.6905957460403442
0.6410291790962219
0.5052160620689392
0.8909479379653931
0.7170252203941345
0.8190339803695679
0.6061815619468689
0.5934553742408752
0.6621463894844055
0.7095071077346802
0.4623225927352905
0.5602061152458191
0.743935227394104
0.6988460421562195
0.4310692548751831
0.6075323224067688
0.6356480717658997
0.7599557638168335
0.6966766119003296
0.5694976449012756
0.6316797137260437
0.6132070422172546
0.7161338925361633
0.5908340215682983
0.4434139132499695
0.7031201720237732
0.722283124923706
0.8693950176239014
0.6384212970733643
0.7309606671333313
0.5193911194801331
0.48650914430618286
0.585384726524353
0.44836854934692383
0.38623669743537903
0.399824321269989
0.5857384204864502
0.7036166191101074
0.8216773867607117
0.8394421339035034
0.7553188800811768
0.7392084002494812
0.5916691422462463
0.5944460034370422
0.7469871640205383
0.5642789602279663
0.4315934181213379
0.7230715751647949
0.7509968876838684
0.575585126876831
0.6868780851364136
0.5873223543167114
0.5691177845001221
0.652895987033844
0.4359388053417206
0.4596785306930542
0.7472459077835083
0.7633374333381653
0.47164061665534973
0.6318745017051697
0.6862573027610779
0.6966827511787415
0.6052153706550598
0.4889204800128937
0.44823458790779114
0.5738898515701294
0.6263487935066223
0.20206916332244873
0.7142942547798157
0.6012815237045288
0.6499726176261902
0.8172018527984619
0.8204688429832458
0.4958905875682831
0.7050155997276306
0.5387241840362549
0.5863357186317444
0.7147902846336365
0.5343730449676514
0.7487235069274902
0.5100491046905518
0.37906092405319214
0.6649745106697083
0.40618497133255005
0.41094228625297546
0.35959941148757935
0.40579238533973694
0.6691789627075195
0.7913379669189453
0.7721311450004578
0.7075812220573425
0.6401724219322205
0.6343162655830383
0.7438780665397644
0.7390406727790833
0.836124062538147
0.4130757749080658
0.7590526938438416
0.8009592294692993
0.7114716172218323
0.7666293382644653
0.4674699306488037
0.782374918460846
0.5319051742553711
0.8083606362342834
0.6971431374549866
0.7627599835395813
0.6155704259872437
0.7716750502586365
0.6332564949989319
0.8190481066703796
0.666465699672699
0.708457350730896
0.6051455736160278
0.7601080536842346
0.8344025611877441
0.7057175636291504
0.6770694851875305
0.8924339413642883
0.7808998823165894
0.48102957010269165
0.5997529625892639
0.5671238303184509
0.6789286136627197
0.6976554989814758
0.6969338059425354
0.7693482637405396
0.7175650596618652
0.683437705039978
0.6136902570724487
0.5162580013275146
0.6318356990814209
0.6360311508178711
0.6423330903053284
0.696217954158783
0.6545665264129639
0.5528643131256104
0.7118834257125854
0.5556725859642029
0.7306376099586487
0.5022896528244019
0.6374983191490173
0.7151124477386475
0.4283246695995331
0.6316719055175781
0.5791706442832947
0.6831709146499634
0.2873179316520691
0.6978623867034912
0.5437778830528259
0.7899945974349976
0.7114148736000061
0.28625497221946716
0.5976571440696716
0.5749619007110596
0.6069533228874207
0.5813659429550171
0.7867946624755859
0.3818395137786865
0.7202024459838867
0.4465341567993164
0.678574800491333
0.5456553101539612
0.6929528117179871
0.7552985548973083
0.48373275995254517
0.5059856176376343
0.6664654016494751
0.7762260437011719
0.7849152088165283
0.597235381603241
0.5410961508750916
0.6250746250152588
0.7485679984092712
0.6920828819274902
0.6154963374137878
0.7558632493019104
0.644318699836731
0.7017562389373779
0.7339229583740234
0.7602105140686035
0.5697168111801147
0.5485031604766846
0.6152001023292542
0.7115173935890198
0.503984808921814
0.42088374495506287
0.5799136161804199
0.5991187691688538
0.7766995429992676
0.6471191644668579
0.45431461930274963
0.6392590403556824
0.6325190663337708
0.6360745429992676
0.7383925318717957
0.6369911432266235
0.5432189702987671
0.5801340937614441
0.7371294498443604
0.5506771802902222
0.6530287861824036
0.5224738121032715
0.6871556639671326
0.6366655230522156
0.5288422107696533
0.6843860745429993
0.46855905652046204
0.5633891224861145
0.30049097537994385
0.489801287651062
0.20983394980430603
0.5947811603546143
0.49481862783432007
0.361194908618927
0.635086715221405
0.616929829120636
0.500636100769043
0.5836801528930664
0.33314958214759827
0.7837416529655457
0.6675770282745361
0.7113429307937622
0.5296289920806885
0.6881251335144043
0.6299636960029602
0.8699600696563721
0.7193426489830017
0.8072031140327454
0.6071040630340576
0.7812661528587341
0.6293842196464539
0.600333034992218
0.584794819355011
0.3875199258327484
0.5519767999649048
0.5548120141029358
0.6389498114585876
0.6507535576820374
0.37347450852394104
0.6897720098495483
0.5726391077041626
0.6249806880950928
0.52362060546875
0.6159168481826782
0.6616271734237671
0.5709083676338196
0.5455204248428345
0.6259363889694214
0.6077967882156372
0.5439016222953796
0.41695111989974976
0.7226650714874268
0.27337920665740967
0.650808572769165
0.6580885648727417
0.7873278856277466
0.587581217288971
0.624505877494812
0.7845792770385742
0.6335193514823914
0.7672695517539978
0.6938005089759827
0.552452802658081
0.6256276369094849
0.6891000270843506
0.5381506085395813
0.7184295654296875
0.5823040008544922
0.8426869511604309
0.7409942150115967
0.44192788004875183
0.8276772499084473
0.7489328384399414
0.7769909501075745
0.7193703055381775
0.7006366848945618
0.3591691851615906
0.7148089408874512
0.8698751330375671
0.7401701807975769
0.5864304900169373
0.6961278915405273
0.4501783847808838
0.27542805671691895
0.7315195202827454
0.7370428442955017
0.711604118347168
0.7775161862373352
0.7841874361038208
0.530887246131897
0.7005099654197693
0.7349703907966614
0.6002639532089233
0.5940214395523071
0.4068116545677185
0.6393804550170898
0.775255560874939
0.7013803720474243
0.8272951245307922
0.7988876700401306
0.5368236303329468
0.46790698170661926
0.5624964237213135
0.5075424909591675
0.22893965244293213
0.8448783755302429
0.8981407880783081
0.8669677376747131
0.8733651041984558
0.8886899948120117
0.8635811805725098
0.7772108316421509
0.8545397520065308
0.917284369468689
0.8861110806465149
0.7161737680435181
0.6092353463172913
0.677144467830658
0.7374269962310791
0.7665808796882629
0.6720833778381348
0.4112292528152466
0.5888920426368713
0.737702488899231
0.6543805599212646
0.6306828856468201
0.7226236462593079
0.6958497762680054
0.6890959143638611
0.6941088438034058
0.6383248567581177
0.6391691565513611
0.5043107271194458
0.6348971724510193
0.6998661160469055
0.692878246307373
0.815891444683075
0.6496347188949585
0.7587053775787354
0.6952482461929321
0.7195433378219604
0.6807675361633301
0.4936622381210327
0.6926985383033752
0.7335293292999268
0.29339176416397095
0.5204505324363708
0.6092383861541748
0.5236743092536926
0.6973421573638916
0.7197374105453491
0.6308569312095642
0.6502519845962524
0.7425058484077454
0.7406876683235168
0.710886538028717
0.5446054339408875
0.8641660213470459
0.7585752606391907
0.6585980653762817
0.5537921786308289
0.7401397824287415
0.7918879985809326
0.7852694392204285
0.7895397543907166
0.8574146628379822
0.7436600923538208
0.6444615721702576
0.7681005597114563
0.2964304983615875
0.6740378141403198
0.7069472670555115
0.6249107122421265
0.7264540195465088
0.6558984518051147
0.5009188652038574
0.8032020330429077
0.7775269150733948
0.6556246280670166
0.6591975688934326
0.7105924487113953
0.4477710723876953
0.6955344676971436
0.8277996778488159
0.23435239493846893
0.5738051533699036
0.705500602722168
0.7818687558174133
0.7179501056671143
0.8620348572731018
0.7713755965232849
0.6047022342681885
0.6426312923431396
0.5268573760986328
0.6098820567131042
0.8155892491340637
0.5886370539665222
0.6792569160461426
0.7722980976104736
0.47971850633621216
0.685829758644104
0.5422170758247375
0.7405083775520325
0.7135988473892212
0.6886647939682007
0.5325441360473633
0.5385156273841858
0.649786651134491
0.5376977920532227
0.6187976598739624
0.8944665789604187
0.7264977693557739
0.645437479019165
0.6857534646987915
0.7501741647720337
0.6111257672309875
0.5340258479118347
0.5268009305000305
0.6410167217254639
0.7895795106887817
0.7977477312088013
0.6675388216972351
0.8011189103126526
0.707239031791687
0.6197735667228699
0.6165478825569153
0.6929530501365662
0.7499405145645142
0.7965422868728638
0.6953266859054565
0.6419994831085205
0.5281535983085632
0.698294997215271
0.7816287875175476
0.761946976184845
0.7007379531860352
0.5929766893386841
0.7201770544052124
0.7347550392150879
0.6204978227615356
0.7107585668563843
0.6105836033821106
0.5511913895606995
0.7702372670173645
0.7089895009994507
0.761134922504425
0.7522087693214417
0.898894190788269
0.7520771622657776
0.8132699728012085
0.5932682156562805
0.6726946830749512
0.6155972480773926
0.7060011029243469
0.6962969899177551
0.48282530903816223
0.5226042866706848
0.6904302835464478
0.6212730407714844
0.4999065399169922
0.7452035546302795
0.5791673064231873
0.9338124394416809
0.4958569407463074
0.5273472666740417
0.736873209476471
0.6163328289985657
0.7257118821144104
0.6799771785736084
0.289213091135025
0.5779885053634644
0.6032990217208862
0.6485211253166199
0.8317999243736267
0.5640014410018921
0.7807562947273254
0.7369325757026672
0.7434235215187073
0.7293500304222107
0.7649315595626831
0.5161266326904297
0.5394816994667053
0.6921155452728271
0.7463116645812988
0.4884079396724701
0.7603068351745605
0.6727251410484314
0.38828298449516296
0.5784302949905396
0.611489474773407
0.7390560507774353
0.8175762891769409
0.6887266635894775
0.6925248503684998
0.6675186157226562
0.788871705532074
0.7468497157096863
0.7759811282157898
0.44832074642181396
0.7411749958992004
0.6988533139228821
0.5871689319610596
0.8179493546485901
0.6608177423477173
0.8034794330596924
0.6364954710006714
0.7587180733680725
0.807463526725769
0.6463220119476318
0.9102521538734436
0.8523602485656738
0.8237770199775696
0.6872623562812805
0.7929512858390808
0.6823350787162781
0.614741325378418
0.8091652393341064
0.7121739387512207
0.805620014667511
0.591464638710022
0.6226577162742615
0.6526070237159729
0.9093821048736572
0.76506507396698
0.5860757827758789
0.7586157917976379
0.5964468717575073
0.5268957614898682
0.6054073572158813
0.8012236952781677
0.596996009349823
0.7163702249526978
0.5093661546707153
0.7950399518013
0.9061227440834045
0.5299575328826904
0.6960083246231079
0.5028034448623657
0.814240038394928
0.6853123307228088
0.7789811491966248
0.6266468167304993
0.6265084743499756
0.6688127517700195
0.8163425326347351
0.8205165863037109
0.7516382336616516
0.5923345685005188
0.7370086908340454
0.6353304386138916
0.6714379787445068
0.7529204487800598
0.4116368591785431
0.778123676776886
0.4426220953464508
0.3890354037284851
0.7873992919921875
0.614372730255127
0.7034105062484741
0.8100777864456177
0.4973739683628082
0.6597151756286621
0.5116583108901978
0.8069124817848206
0.8633400201797485
0.5516449809074402
0.6504760384559631
0.6818679571151733
0.5488816499710083
0.7787459492683411
0.67533278465271
0.6992929577827454
0.5818758010864258
0.7500351071357727
0.4920874834060669
0.7743476033210754
0.5823805928230286
0.6909123063087463
0.7267801761627197
0.47594448924064636
0.685957133769989
0.7634872198104858
0.2634056508541107
0.7057618498802185
0.7807232141494751
0.7262725830078125
0.6431869864463806
0.5996860861778259
0.5414623022079468
0.5468853116035461
0.7942960262298584
0.4157925248146057
0.8268153667449951
0.5818096399307251
0.3591787815093994
0.710507869720459
0.5971027612686157
0.6057741045951843
0.4920203387737274
0.8447312712669373
0.7282178401947021
0.721662700176239
0.5997068881988525
0.7130141258239746
0.7197999954223633
0.6836514472961426
0.7964619398117065
0.7867867946624756
0.5860810279846191
0.7312934398651123
0.46368861198425293
0.8325765132904053
0.6232762932777405
0.7797999978065491
0.6251993775367737
0.8626057505607605
0.8264499306678772
0.6775770783424377
0.8018053770065308
0.8194955587387085
0.677952229976654
0.6836826801300049
0.8118295669555664
0.8252591490745544
0.5129198431968689
0.5656700730323792
0.7019718289375305
0.6738499402999878
0.6797075271606445
0.49850279092788696
0.38510453701019287
0.5010956525802612
0.8585657477378845
0.7192503213882446
0.8251219391822815
0.8598868250846863
0.6743887662887573
0.7734256386756897
0.6682504415512085
0.7312207221984863
0.7244268655776978
0.6618928909301758
0.641562283039093
0.751930296421051
0.7304046154022217
0.5680996179580688
0.47908884286880493
0.4557950496673584
0.7627851366996765
0.7439253330230713
0.8031754493713379
0.4047739505767822
0.6495029330253601
0.7547888159751892
0.7699768543243408
0.623873770236969
0.6571930050849915
0.743104100227356
0.5676119327545166
0.654984176158905
0.6069929003715515
0.6782237887382507
0.5349604487419128
0.658734142780304
0.5718941688537598
0.4972609877586365
0.6004787087440491
0.8184525370597839
0.6452611088752747
0.7061556577682495
0.5093357563018799
0.5211091637611389
0.6507167816162109
0.5485805869102478
0.32793283462524414
0.6692116856575012
0.6071316599845886
0.37188205122947693
0.4326290488243103
0.7992597222328186
0.568559467792511
0.5554136037826538
0.692359983921051
0.6831976175308228
0.53691166639328
0.6659159660339355
0.7608063220977783
0.33467671275138855
0.7274210453033447
0.4298303723335266
0.7262259125709534
0.5584357380867004
0.712554395198822
0.6280626654624939
0.587550699710846
0.5733716487884521
0.5490456223487854
0.6498702168464661
0.7943334579467773
0.37852415442466736
0.4879533350467682
0.5479171276092529
0.6752556562423706
0.7429137825965881
0.5248364806175232
0.5712987184524536
0.5947990417480469
0.6270507574081421
0.7936537265777588
0.7064175605773926
0.5404539108276367
0.33023273944854736
0.6943962574005127
0.6572006940841675
0.6828154921531677
0.5657166838645935
0.498597115278244
0.7566300630569458
0.7322027683258057
0.6090158820152283
0.7333644032478333
0.8036363124847412
0.5164626836776733
0.652729332447052
0.6761469841003418
0.6408939957618713
0.7564612030982971
0.7477328777313232
0.3354853093624115
0.5818666815757751
0.41747814416885376
0.7236294746398926
0.3086523115634918
0.45910191535949707
0.7502703070640564
0.5141589045524597
0.6712406277656555
0.4542948007583618
0.7147471308708191
0.6473751068115234
0.45716986060142517
0.7259713411331177
0.6946080327033997
0.6626840233802795
0.6962845325469971
0.7696404457092285
0.5014148354530334
0.5431906580924988
0.629645824432373
0.6248853206634521
0.8333176374435425
0.6238303780555725
0.5886971950531006
0.58762526512146
0.6585568785667419
0.32935062050819397
0.5592547655105591
0.8225325345993042
0.5499380230903625
0.6446914672851562
0.7324551343917847
0.7151918411254883
0.6444612741470337
0.7255658507347107
0.8352241516113281
0.8284304738044739
0.40880560874938965
0.699571967124939
0.5469810366630554
0.6521272659301758
0.6991477608680725
0.7714799046516418
0.47069060802459717
0.7741407752037048
0.7171542048454285
0.7751724123954773
0.6663108468055725
0.39598649740219116
0.711048424243927
0.6512704491615295
0.7634136080741882
0.5621688365936279
0.5755221843719482
0.6990599036216736
0.5527904033660889
0.4611624777317047
0.694261908531189
0.5147668719291687
0.6290085911750793
0.508696436882019
0.6812226176261902
0.20568552613258362
0.6975364685058594
0.4824829399585724
0.7297921776771545
0.47728902101516724
0.7085696458816528
0.809036374092102
0.6906140446662903
0.5235527157783508
0.5662527680397034
0.8093059062957764
0.5747373104095459
0.6762749552726746
0.7829322218894958
0.48760706186294556
0.4723191559314728
0.7677775621414185
0.8285111784934998
0.625162661075592
0.5689096450805664
0.7356104254722595
0.7119084000587463
0.574184238910675
0.4965279698371887
0.7354085445404053
0.3041868209838867
0.6015691757202148
0.7479881048202515
0.7115963697433472
0.6565345525741577
0.7830823659896851
0.6198399066925049
0.649301290512085
0.657071590423584
0.6954237222671509
0.777111291885376
0.752268373966217
0.22582602500915527
0.477125883102417
0.41994208097457886
0.7552509903907776
0.567527174949646
0.5961652398109436
0.3297422528266907
0.7235177159309387
0.6207876205444336
0.8069567084312439
0.7729736566543579
0.7336866855621338
0.7492990493774414
0.42394599318504333
0.44997721910476685
0.6819187998771667
0.5700902938842773
0.5889339447021484
0.6965311765670776
0.7808299660682678
0.8076933026313782
0.41926339268684387
0.638547420501709
0.3606651723384857
0.8221349716186523
0.799205482006073
0.7677205801010132
0.6050935387611389
0.49619820713996887
0.3345359265804291
0.6078668236732483
0.5896584987640381
0.5177918672561646
0.5375761985778809
0.6203565001487732
0.7183501124382019
0.7128989696502686
0.3009435832500458
0.6446723341941833
0.5997771620750427
0.7239295840263367
0.7399075031280518
0.4074423313140869
0.8199338316917419
0.6363656520843506
0.46182915568351746
0.4157567024230957
0.7046481966972351
0.603118896484375
0.51860511302948
0.4132624864578247
0.5455883741378784
0.6700084209442139
0.7871300578117371
0.6900554895401001
0.3403213322162628
0.7052295804023743
0.5954254269599915
0.6306138038635254
0.7759683132171631
0.6602327823638916
0.3959839642047882
0.6040463447570801
0.8038370013237
0.7424594759941101
0.6897597312927246
0.7449348568916321
0.7222337126731873
0.7414257526397705
0.48624804615974426
0.6701205372810364
0.5061304569244385
0.5489362478256226
0.8113795518875122
0.734081506729126
0.6933375597000122
0.6677314043045044
0.6686372756958008
0.6938864588737488
0.6566473841667175
0.8147532343864441
0.3602357804775238
0.49993059039115906
0.5961334705352783
0.6104222536087036
0.452765554189682
0.7662934064865112
0.6784671545028687
0.634260356426239
0.7298552989959717
0.5751399397850037
0.7045227885246277
0.6586068272590637
0.7141857147216797
0.5864706039428711
0.8370965123176575
0.7330602407455444
0.724706768989563
0.6547048091888428
0.6987013816833496
0.6489534974098206
0.4262146055698395
0.6973646879196167
0.631579577922821
0.8525616526603699
0.7233839631080627
0.5114659667015076
0.4735424816608429
0.5742956399917603
0.5969485640525818
0.38130804896354675
0.7905378937721252
0.5507014393806458
0.5567733645439148
0.4326726794242859
0.6239303946495056
0.6638160347938538
0.6039726138114929
0.7021379470825195
0.7034753561019897
0.5093603730201721
0.569281816482544
0.5126821994781494
0.5961140990257263
0.6096715927124023
0.6282699704170227
0.7443804740905762
0.45080843567848206
0.6717413067817688
0.5165712237358093
0.6606648564338684
0.6354765295982361
0.6881486177444458
0.7062141299247742
0.6596601009368896
0.676024854183197
0.5448024272918701
0.8022055625915527
0.7298908829689026
0.6566857099533081
0.7596214413642883
0.5704503655433655
0.7581262588500977
0.7736016511917114
0.8080195784568787
0.5742788910865784
0.4223652482032776
0.7438981533050537
0.7871793508529663
0.6884562969207764
0.5809046626091003
0.6985132694244385
0.6960201859474182
0.3656647205352783
0.7410200834274292
0.3696231544017792
0.5000362992286682
0.7378402948379517
0.5140570998191833
0.7056810259819031
0.5298383235931396
0.6051376461982727
0.7019321322441101
0.40956583619117737
0.711266279220581
0.5509360432624817
0.731704831123352
0.3725094497203827
0.7091082334518433
0.7010250091552734
0.567732036113739
0.5668362379074097
0.7090726494789124
0.5586668252944946
0.32662540674209595
0.7545788884162903
0.4673807919025421
0.7055008411407471
0.5781514048576355
0.5684981346130371
0.47471097111701965
0.5287588834762573
0.36462920904159546
0.4467281997203827
0.4122564196586609
0.49405616521835327
0.45855847001075745
0.4880314767360687
0.5710758566856384
0.6372395157814026
0.5217909216880798
0.6959347128868103
0.5410471558570862
0.44455525279045105
0.6793265342712402
0.7117855548858643
0.6028134822845459
0.6086739301681519
0.7437276244163513
0.7435286641120911
0.6820992231369019
0.4840255081653595
0.7089699506759644
0.4555627703666687
0.7084547877311707
0.6947272419929504
0.7238327264785767
0.8004829287528992
0.7459303140640259
0.7875828742980957
0.609894335269928
0.5954412221908569
0.5279088616371155
0.6640572547912598
0.3304748833179474
0.7136987447738647
0.6759114861488342
0.6909851431846619
0.6668587327003479
0.4024900197982788
0.7413887977600098
0.5470803380012512
0.7515923976898193
0.7688853740692139
0.5331152081489563
0.6386303901672363
0.7742670774459839
0.674544632434845
0.6168912649154663
0.4611727297306061
0.5941087603569031
0.604663074016571
0.44443631172180176
0.747844934463501
0.6971349716186523
0.5944092869758606
0.372776061296463
0.6010584235191345
0.7570331692695618
0.6277665495872498
0.8689668774604797
0.6619681119918823
0.727573812007904
0.6686855554580688
0.4663853049278259
0.45347172021865845
0.7374589443206787
0.5612713694572449
0.7889036536216736
0.629153847694397
0.3720892667770386
0.733982503414154
0.658491849899292
0.3881005048751831
0.6702538728713989
0.7407158017158508
0.5463894009590149
0.7183805108070374
0.6596622467041016
0.7487903833389282
0.8193343281745911
0.8125280737876892
0.49105146527290344
0.4147855341434479
0.6381816864013672
0.6374754309654236
0.6620161533355713
0.7462717294692993
0.6456915736198425
0.7299224138259888
0.4769701063632965
0.3718124032020569
0.6527488231658936
0.6709081530570984
0.4754418730735779
0.7594759464263916
0.7275012731552124
0.5459774136543274
0.527921736240387
0.5789241194725037
0.6575606465339661
0.7382420301437378
0.7701503038406372
0.771325409412384
0.27471110224723816
0.7915689945220947
0.6812142133712769
0.5157586336135864
0.568838357925415
0.7930698990821838
0.735451340675354
0.8210630416870117
0.62575763463974
0.726164698600769
0.7015964984893799
0.7651048302650452
0.7488318681716919
0.5672678351402283
0.6400254964828491
0.6893793940544128
0.5090509653091431
0.5267457365989685
0.7257424592971802
0.5973040461540222
0.7435199618339539
0.5718468427658081
0.7824853658676147
0.7568356394767761
0.5323647260665894
0.6744140386581421
0.29074686765670776
0.7301700115203857
0.7045448422431946
0.6518148183822632
0.7717927694320679
0.43733254075050354
0.44397836923599243
0.44187211990356445
0.3888914883136749
0.7451033592224121
0.47179606556892395
0.4249173700809479
0.6382766962051392
0.7877262830734253
0.5712180137634277
0.3629949390888214
0.7050597667694092
0.7095201015472412
0.726443886756897
0.8122696280479431
0.8043760657310486
0.5282064080238342
0.7175183296203613
0.6177087426185608
0.562126636505127
0.33290132880210876
0.5177015662193298
0.6027112603187561
0.6414580941200256
0.6354205012321472
0.5074736475944519
0.7473849654197693
0.5020659565925598
0.44131526350975037
0.7861389517784119
0.682578444480896
0.6615358591079712
0.735541582107544
0.8294028043746948
0.6850648522377014
0.6132771372795105
0.8528767228126526
0.5449078679084778
0.6974673271179199
0.6180086135864258
0.7290309071540833
0.7272410988807678
0.6983891129493713
0.8105525970458984
0.6835816502571106
0.5255368947982788
0.8011981844902039
0.6686528325080872
0.6355239152908325
0.6257629990577698
0.6325423121452332
0.6657151579856873
0.7599336504936218
0.6514586806297302
0.7159398198127747
0.6881717443466187
0.7762356400489807
0.49013441801071167
0.6698628067970276
0.5620185732841492
0.46679937839508057
0.8249517679214478
0.8824076056480408
0.761370062828064
0.6125667691230774
0.7426149249076843
0.5934647917747498
0.6144164204597473
0.621440052986145
0.525950014591217
0.36744561791419983
0.648552656173706
0.3739490211009979
0.3160340487957001
0.5702042579650879
0.6467664837837219
0.496528297662735
0.6739479303359985
0.5210321545600891
0.5235239863395691
0.6566765308380127
0.5050240159034729
0.3241144120693207
0.7316632270812988
0.44782960414886475
0.6528052687644958
0.4050213396549225
0.3295419216156006
0.5445387363433838
0.7432171106338501
0.5278977155685425
0.667108416557312
0.5922678709030151
0.5723832249641418
0.7141615748405457
0.6817259788513184
0.5461654663085938
0.5014259815216064
0.3809811770915985
0.6090677380561829
0.48351433873176575
0.614812970161438
0.6541259288787842
0.3989655673503876
0.7076839208602905
0.7272448539733887
0.7443681359291077
0.5862922668457031
0.7380198240280151
0.5423148274421692
0.576145350933075
0.36452940106391907
0.5567352771759033
0.5531356930732727
0.5833219885826111
0.6458632946014404
0.5709301233291626
0.3079942464828491
0.610099196434021
0.5065992474555969
0.638661801815033
0.5769554376602173
0.7178376913070679
0.7449484467506409
0.8524468541145325
0.5975624322891235
0.7727689743041992
0.7003225088119507
0.5474678874015808
0.7523751854896545
0.7484933137893677
0.804355800151825
0.6542956233024597
0.6630121469497681
0.6246426105499268
0.7969662547111511
0.711233377456665
0.5390280485153198
0.7192147970199585
0.706951379776001
0.6940471529960632
0.586978554725647
0.7710473537445068
0.6850221753120422
0.6562788486480713
0.7595953345298767
0.7733836770057678
0.7821765542030334
0.614052951335907
0.6288119554519653
0.6012089848518372
0.8162784576416016
0.6423975229263306
0.4924047887325287
0.3356733024120331
0.34669530391693115
0.42016977071762085
0.49966517090797424
0.6814400553703308
0.520679771900177
0.6436182856559753
0.6987167000770569
0.5008913278579712
0.6229924559593201
0.6974199414253235
0.7003270983695984
0.6881883144378662
0.7784205675125122
0.6116890907287598
0.5405417680740356
0.8172348141670227
0.7190781235694885
0.5782563090324402
0.7976166605949402
0.6800198554992676
0.6449196338653564
0.8182291388511658
0.5285837650299072
0.6732878088951111
0.7416399717330933
0.8401252031326294
0.6553630828857422
0.47110575437545776
0.8240721821784973
0.7457916140556335
0.7805115580558777
0.5171922445297241
0.7956376075744629
0.6497008204460144
0.7453641891479492
0.6529779434204102
0.5548002123832703
0.7577232122421265
0.6828773617744446
0.4456484615802765
0.3749012351036072
0.8149474859237671
0.7047070264816284
0.7262287139892578
0.536828875541687
0.7153054475784302
0.47220635414123535
0.4499351680278778
0.6199079751968384
0.6529399752616882
0.43682563304901123
0.5371111035346985
0.6171091794967651
0.7308635711669922
0.6862079501152039
0.41101598739624023
0.6249313354492188
0.5891202092170715
0.6705108284950256
0.6538158655166626
0.6554285287857056
0.7237800359725952
0.6895493865013123
0.5060259699821472
0.7135301828384399
0.6587216854095459
0.6129043698310852
0.45858120918273926
0.5699644684791565
0.5753377079963684
0.44990089535713196
0.44336599111557007
0.7511259317398071
0.5287724137306213
0.7852703332901001
0.7127153277397156
0.6692134141921997
0.7409021258354187
0.7712109684944153
0.575506865978241
0.6398793458938599
0.6737854480743408
0.5457226634025574
0.6353981494903564
0.6099340319633484
0.7696020007133484
0.696475625038147
0.9277138113975525
0.8444279432296753
0.7633050680160522
0.6563327312469482
0.6961610317230225
0.616524875164032
0.4517068862915039
0.6017363667488098
0.9168397784233093
0.6526722311973572
0.7231825590133667
0.45327436923980713
0.6056222915649414
0.6055493950843811
0.6664703488349915
0.3407156765460968
0.5489643812179565
0.6430468559265137
0.5078950524330139
0.7446306347846985
0.7302706837654114
0.5364830493927002
0.7295941710472107
0.2521032392978668
0.47597044706344604
0.5658735036849976
0.5623717308044434
0.5934491157531738
0.7141537070274353
0.6350433826446533
0.6925065517425537
0.8708397746086121
0.45498281717300415
0.5215207934379578
0.6282474994659424
0.757649838924408
0.6120138168334961
0.7974978089332581
0.6093822717666626
0.6199134588241577
0.4860285520553589
0.6011365652084351
0.6419241428375244
0.8035368323326111
0.6493675708770752
0.759006917476654
0.6421487927436829
0.6657232046127319
0.551591157913208
0.9237738251686096
0.9218056201934814
0.9003691673278809
0.9163912534713745
0.7639073729515076
0.6118484735488892
0.6241191029548645
0.7357416152954102
0.5866103768348694
0.7369822263717651
0.6692171692848206
0.6409575939178467
0.6518950462341309
0.8160140514373779
0.5818606615066528
0.6542379856109619
0.5028653144836426
0.8822320103645325
0.5440351963043213
0.6739962697029114
0.6036823391914368
0.7249658107757568
0.804842472076416
0.5875125527381897
0.4523698091506958
0.731938898563385
0.524637758731842
0.5594176054000854
0.4845859706401825
0.43108808994293213
0.6958965063095093
0.6998639702796936
0.6830378770828247
0.5827968716621399
0.47545796632766724
0.8359589576721191
0.6912257671356201
0.6599714756011963
0.769661009311676
0.6289647817611694
0.7337357401847839
0.707053542137146
0.6570890545845032
0.8495864868164062
0.7474592924118042
0.75532466173172
0.454375684261322
0.5505677461624146
0.3674290180206299
0.6587294936180115
0.7424200177192688
0.4699398875236511
0.7223148345947266
0.6188943386077881
0.4592817425727844
0.616446316242218
0.6568219661712646
0.6780460476875305
0.535893440246582
0.6917225122451782
0.5297282934188843
0.2292710691690445
0.5230251550674438
0.24408672749996185
0.6501479744911194
0.7563190460205078
0.7723679542541504
0.6251519322395325
0.7820024490356445
0.6766021847724915
0.7412156462669373
0.48867666721343994
0.5862749814987183
0.7263274788856506
0.5735282897949219
0.5284408330917358
0.8111876249313354
0.3914285898208618
0.4847204387187958
0.4369748830795288
0.435086727142334
0.6390840411186218
0.7070758938789368
0.6697657108306885
0.33881914615631104
0.6673564910888672
0.4424625337123871
0.5922360420227051
0.5789645314216614
0.4939380884170532
0.5895428657531738
0.4720067083835602
0.695091962814331
0.28308629989624023
0.38968706130981445
0.4962695837020874
0.32467013597488403
0.5371001958847046
0.43354231119155884
0.5347028970718384
0.6643317341804504
0.40751680731773376
0.2223818153142929
0.7257492542266846
0.6214242577552795
0.6512582898139954
0.4977163076400757
0.7562180161476135
0.5791085362434387
0.6157857775688171
0.3700610399246216
0.39991438388824463
0.5228802561759949
0.6179333925247192
0.8422901034355164
0.6203262805938721
0.701667070388794
0.8244541883468628
0.40285995602607727
0.5894491076469421
0.7215398550033569
0.4578511416912079
0.4455094337463379
0.6140056848526001
0.6412668824195862
0.6475114822387695
0.5493010878562927
0.7968114018440247
0.7368025779724121
0.6624612808227539
0.8058543801307678
0.697095513343811
0.7137401700019836
0.6401834487915039
0.29716238379478455
0.6020487546920776
0.32060202956199646
0.7586315870285034
0.7836999893188477
0.6123159527778625
0.7098031640052795
0.5183318257331848
0.7445043325424194
0.718192458152771
0.6365678906440735
0.31186527013778687
0.5731120705604553
0.615250289440155
0.5701106786727905
0.5739625096321106
0.40604332089424133
0.6089959144592285
0.3393910527229309
0.5556650161743164
0.49510541558265686
0.8082639575004578
0.5290381908416748
0.7762547731399536
0.5595273971557617
0.6300212740898132
0.6082198619842529
0.16018646955490112
0.6389215588569641
0.43612051010131836
0.7970517873764038
0.3647190034389496
0.643653392791748
0.6481084823608398
0.31056421995162964
0.4331309497356415
0.7660874128341675
0.8098881840705872
0.6581129431724548
0.38559889793395996
0.6487105488777161
0.5482504367828369
0.7973179817199707
0.7256991863250732
0.6157587170600891
0.6144247055053711
0.42930927872657776
0.6362698078155518
0.6471206545829773
0.44972699880599976
0.7142050266265869
0.6535258889198303
0.41929519176483154
0.664666473865509
0.6916185617446899
0.5840344429016113
0.569107174873352
0.5559437274932861
0.5680540800094604
0.6083186268806458
0.7759578824043274
0.4888150990009308
0.808083176612854
0.6276615262031555
0.8360128402709961
0.691196620464325
0.8551583290100098
0.5519116520881653
0.5554421544075012
0.3805576264858246
0.5259315967559814
0.5400985479354858
0.7652493119239807
0.48222482204437256
0.4994226396083832
0.6338465809822083
0.671389102935791
0.6976087093353271
0.5621243715286255
0.6652716398239136
0.6284778714179993
0.6470088362693787
0.6756719946861267
0.6831064224243164
0.9253523945808411
0.6335377097129822
0.6605879664421082
0.7829824686050415
0.716312825679779
0.7402597069740295
0.7460833191871643
0.7583185434341431
0.6515665650367737
0.7396338582038879
0.7479512691497803
0.769953191280365
0.8086395859718323
0.7292761206626892
0.5405376553535461
0.7007331252098083
0.706085741519928
0.7156129479408264
0.5199943780899048
0.6869327425956726
0.6614866852760315
0.8071839213371277
0.4160136580467224
0.6023136377334595
0.5350754261016846
0.6690067052841187
0.4357175827026367
0.6395459771156311
0.5701972842216492
0.3592517673969269
0.5340695977210999
0.5944259166717529
0.5830110311508179
0.7577861547470093
0.5498158931732178
0.4941147267818451
0.6287502646446228
0.5215042233467102
0.4507199227809906
0.5025389194488525
0.6180946826934814
0.5248191356658936
0.7097571492195129
0.6617888808250427
0.6535516977310181
0.6375676989555359
0.5160910487174988
0.6239042282104492
0.5638377666473389
0.7151302099227905
0.785836398601532
0.6794314384460449
0.7641149163246155
0.7603743076324463
0.6683968305587769
0.5948179364204407
0.5772307515144348
0.6276136636734009
0.7210239171981812
0.7137675285339355
0.7249158024787903
0.5542035102844238
0.8687296509742737
0.6215235590934753
0.7467261552810669
0.7273563742637634
0.49561047554016113
0.3598316013813019
0.5421801805496216
0.5824896097183228
0.7754916548728943
0.5879061222076416
0.5460129976272583
0.6050835847854614
0.5803037285804749
0.5146930813789368
0.6279496550559998
0.7136817574501038
0.5533124208450317
0.8875399827957153
0.48139721155166626
0.5742942690849304
0.7255843877792358
0.5808255076408386
0.7443957924842834
0.3204534351825714
0.4090692698955536
0.7258090972900391
0.7113414406776428
0.6310619711875916
0.6171082258224487
0.6796499490737915
0.7415382266044617
0.25716039538383484
0.329037070274353
0.8348402380943298
0.4585399031639099
0.6768349409103394
0.6993856430053711
0.5233195424079895
0.5949801802635193
0.7502032518386841
0.5392300486564636
0.7924315929412842
0.5339646339416504
0.5766578912734985
0.3216457962989807
0.7461258769035339
0.5429620146751404
0.6788025498390198
0.569710910320282
0.47449108958244324
0.31865447759628296
0.47448694705963135
0.5808209776878357
0.676348090171814
0.5922906398773193
0.5997607111930847
0.6264897584915161
0.7530435919761658
0.4172601103782654
0.5765873789787292
0.48458436131477356
0.42419829964637756
0.24148520827293396
0.5239889025688171
0.4742588400840759
0.6798516511917114
0.32298949360847473
0.607963502407074
0.45072704553604126
0.5804970264434814
0.5925478339195251
0.6218985319137573
0.3761847913265228
0.14483612775802612
0.5545839667320251
0.45342445373535156
0.38306084275245667
0.6135032773017883
0.7604788541793823
0.5385491251945496
0.3372390866279602
0.266414612531662
0.6343070268630981
0.5739083290100098
0.6622222661972046
0.4856514036655426
0.362652987241745
0.3442079424858093
0.3930674195289612
0.5929190516471863
0.4011077284812927
0.46923941373825073
0.7666381001472473
0.26343250274658203
0.6726219058036804
0.5562341809272766
0.5068389773368835
0.5904579758644104
0.3967859745025635
0.5894528031349182
0.3332618772983551
0.5973463654518127
0.630683422088623
0.7469495534896851
0.6823124885559082
0.5262984037399292
0.6212496757507324
0.6213266849517822
0.7431461811065674
0.649212658405304
0.6064329147338867
0.5173688530921936
0.7316161394119263
0.8075546622276306
0.6760540008544922
0.4658394455909729
0.6540694236755371
0.6166591644287109
0.6177188158035278
0.5161386132240295
0.5646982192993164
0.6747972965240479
0.5647138953208923
0.6624575853347778
0.7394189834594727
0.6881777048110962
0.6957705616950989
0.6304324269294739
0.6379594802856445
0.6826055645942688
0.5007214546203613
0.6684019565582275
0.5697938203811646
0.46962395310401917
0.5077261924743652
0.18769563734531403
0.3897137939929962
0.722456157207489
0.6310396194458008
0.7072722911834717
0.6616599559783936
0.7238121628761292
0.366305947303772
0.6117662191390991
0.7698668837547302
0.7070712447166443
0.6872313618659973
0.6372958421707153
0.45097604393959045
0.5705066323280334
0.5157226920127869
0.41423243284225464
0.6976949572563171
0.5506348609924316
0.4470047950744629
0.7230958938598633
0.8141340613365173
0.738800585269928
0.7168204188346863
0.651095449924469
0.6080677509307861
0.8745350241661072
0.4724581837654114
0.5647875070571899
0.5054309368133545
0.8219308257102966
0.6404350399971008
0.6113924980163574
0.7192948460578918
0.5982486009597778
0.506624698638916
0.49352800846099854
0.6820370554924011
0.681013822555542
0.6571412682533264
0.6886935234069824
0.6207875609397888
0.6074817776679993
0.5805904865264893
0.7295402884483337
0.5015449523925781
0.658440113067627
0.41365593671798706
0.603330671787262
0.3326075077056885
0.3862513303756714
0.45953360199928284
0.5557628870010376
0.21424685418605804
0.894212543964386
0.5305971503257751
0.6550065279006958
0.6753382086753845
0.4402196407318115
0.606671154499054
0.5674409866333008
0.7024970650672913
0.6338012218475342
0.5532738566398621
0.6087430119514465
0.6747258305549622
0.6968466639518738
0.6799218654632568
0.7497092485427856
0.5075437426567078
0.7697787284851074
0.2982739508152008
0.45695921778678894
0.483755886554718
0.5258146524429321
0.42316123843193054
0.6582257747650146
0.5525245070457458
0.823723316192627
0.6198902726173401
0.7301688194274902
0.6527576446533203
0.41782569885253906
0.6197608113288879
0.44031164050102234
0.5789324045181274
0.7262237071990967
0.5421832203865051
0.7712920904159546
0.668560266494751
0.8541837334632874
0.6374948024749756
0.5906825065612793
0.6742300391197205
0.6963264346122742
0.7104869484901428
0.6637694239616394
0.7531619668006897
0.6460907459259033
0.7033793926239014
0.48514923453330994
0.6174224615097046
0.7709817886352539
0.7470629811286926
0.5685702562332153
0.5628771781921387
0.5353869795799255
0.6941191554069519
0.6486103534698486
0.5975094437599182
0.5980494618415833
0.5248836874961853
0.5923981666564941
0.8618186116218567
0.5739956498146057
0.7352388501167297
0.7334794402122498
0.3950551152229309
0.7663662433624268
0.4676852524280548
0.49905678629875183
0.7750633358955383
0.4466351568698883
0.5175670385360718
0.6707171201705933
0.6693833470344543
0.5580066442489624
0.5247714519500732
0.5241142511367798
0.6537288427352905
0.5607648491859436
0.6635101437568665
0.5522879362106323
0.7231307625770569
0.4084121584892273
0.6046658158302307
0.7450636029243469
0.7335105538368225
0.6683827042579651
0.5445565581321716
0.6119343638420105
0.5956377983093262
0.5047959089279175
0.8558747172355652
0.5537790656089783
0.44148972630500793
0.26473376154899597
0.48003268241882324
0.5426271557807922
0.6293486952781677
0.5679797530174255
0.461569219827652
0.6694841384887695
0.412090003490448
0.47348761558532715
0.4737837314605713
0.5547176599502563
0.7812575101852417
0.4928484857082367
0.6116802096366882
0.6454187631607056
0.490572452545166
0.724280059337616
0.5865617394447327
0.5011274814605713
0.8143357634544373
0.6774882078170776
0.5259338617324829
0.5272882580757141
0.4943743050098419
0.6505890488624573
0.5460370182991028
0.7354133129119873
0.521118700504303
0.6355458498001099
0.6430873870849609
0.4757610857486725
0.595058262348175
0.6808367967605591
0.5252736210823059
0.4695526659488678
0.5870118737220764
0.5712276101112366
0.5665150880813599
0.6989116668701172
0.4196696877479553
0.5450933575630188
0.5537136793136597
0.7678970098495483
0.4178614020347595
0.604292631149292
0.8730302453041077
0.7108879089355469
0.6924855709075928
0.4798184037208557
0.7196972966194153
0.5390001535415649
0.5397783517837524
0.6423388719558716
0.5139843821525574
0.6336371302604675
0.651502251625061
0.7635844349861145
0.6580505967140198
0.5950980186462402
0.3916516900062561
0.7554777264595032
0.7717890739440918
0.8270584940910339
0.7818277478218079
0.5060112476348877
0.8109012246131897
0.8696368336677551
0.45191654562950134
0.7105960845947266
0.7131207585334778
0.6891841888427734
0.6894791126251221
0.7869067192077637
0.6989197134971619
0.725313663482666
0.8243076205253601
0.8047141432762146
0.8105117678642273
0.8387235999107361
0.6831448078155518
0.6915695071220398
0.6371240615844727
0.6107469797134399
0.7321323752403259
0.6598529815673828
0.7506470680236816
0.8016036748886108
0.8378214240074158
0.7306874990463257
0.7157599925994873
0.5692107677459717
0.7031702995300293
0.656522274017334
0.7740558385848999
0.5074310898780823
0.624443769454956
0.5569727420806885
0.6803632974624634
0.43913838267326355
0.690458357334137
0.5533508062362671
0.6461304426193237
0.6076261401176453
0.583637535572052
0.6906222701072693
0.4755389392375946
0.4190662205219269
0.6281958818435669
0.6161226034164429
0.4118443727493286
0.7342791557312012
0.6640715003013611
0.544597327709198
0.5429004430770874
0.6093706488609314
0.6908182501792908
0.5893305540084839
0.7151123285293579
0.5694230198860168
0.6652858853340149
0.3705686926841736
0.5513802766799927
0.6191892027854919
0.30593937635421753
0.3261668384075165
0.598069429397583
0.7447550296783447
0.48164767026901245
0.3165820837020874
0.4149530827999115
0.6623740196228027
0.5923278331756592
0.5883468389511108
0.39252662658691406
0.4748140871524811
0.5813525319099426
0.7336418032646179
0.6373882293701172
0.6798821091651917
0.4108080565929413
0.6210904121398926
0.4524349570274353
0.6606041789054871
0.672451376914978
0.6186069846153259
0.5541456937789917
0.4398885667324066
0.691731333732605
0.40444856882095337
0.5521580576896667
0.5042335987091064
0.5737252831459045
0.7453060150146484
0.7891103625297546
0.48665714263916016
0.6440678834915161
0.5271040201187134
0.3970922529697418
0.4501733183860779
0.5730671882629395
0.454642653465271
0.43971914052963257
0.3011888265609741
0.6765264272689819
0.6658375263214111
0.743960440158844
0.7456421256065369
0.5387957096099854
0.795644998550415
0.5341514348983765
0.8172414898872375
0.6707178950309753
0.7220600843429565
0.7173214554786682
0.6432240009307861
0.48262619972229004
0.7110980153083801
0.8049783110618591
0.7413723468780518
0.5284686088562012
0.7987455129623413
0.7005332112312317
0.7967677116394043
0.8217132091522217
0.691990315914154
0.7244603633880615
0.678031325340271
0.5033432841300964
0.7577560544013977
0.3082546591758728
0.4550894498825073
0.5265512466430664
0.5420581102371216
0.5881357192993164
0.5396425724029541
0.5598621368408203
0.6120758056640625
0.5167368650436401
0.7459359169006348
0.7435551285743713
0.6166184544563293
0.4693032503128052
0.44719386100769043
0.5664408802986145
0.3916696310043335
0.6526594758033752
0.5815812945365906
0.5300649404525757
0.4338819682598114
0.6877584457397461
0.5586687922477722
0.724480926990509
0.48820531368255615
0.6642003059387207
0.6677364706993103
0.6467013955116272
0.6134170889854431
0.3340381681919098
0.5889106392860413
0.5153859853744507
0.4582294821739197
0.6187164783477783
0.3755079507827759
0.6886515617370605
0.6927485466003418
0.3510679304599762
0.6775423288345337
0.47054919600486755
0.5755581259727478
0.753099262714386
0.6452890038490295
0.729875922203064
0.24929574131965637
0.6993009448051453
0.7353579998016357
0.682905912399292
0.6717880964279175
0.6858038902282715
0.7967873811721802
0.5001047253608704
0.3268958330154419
0.7546738386154175
0.6935613751411438
0.47298821806907654
0.5254627466201782
0.6920478343963623
0.45075723528862
0.4070514142513275
0.5487315654754639
0.46623387932777405
0.6148633360862732
0.49042025208473206
0.4500955045223236
0.3458388149738312
0.4411777853965759
0.7175494432449341
0.6505829691886902
0.5081657767295837
0.7176519632339478
0.3400533199310303
0.528571367263794
0.7079342603683472
0.7375292181968689
0.6240838170051575
0.775640070438385
0.7757232785224915
0.6876403093338013
0.3992547392845154
0.629194974899292
0.611813485622406
0.5380715727806091
0.7643595337867737
0.603069543838501
0.5701849460601807
0.7539951205253601
0.5408269762992859
0.5723161101341248
0.8249933123588562
0.5904369950294495
0.739845871925354
0.7831701040267944
0.6275854110717773
0.5642690062522888
0.7388436794281006
0.540148913860321
0.40602654218673706
0.5853663682937622
0.7503827214241028
0.44542166590690613
0.544429361820221
0.7130086421966553
0.720784068107605
0.44551336765289307
0.6343019008636475
0.6710976362228394
0.7174420356750488
0.5597060322761536
0.7221062183380127
0.5134799480438232
0.7339803576469421
0.4906994104385376
0.6480016112327576
0.6045791506767273
0.7866334319114685
0.7625897526741028
0.51012122631073
0.5874607563018799
0.3416024148464203
0.5893000364303589
0.4826667308807373
0.41975703835487366
0.6456304788589478
0.549301028251648
0.7162600159645081
0.5506135821342468
0.31392356753349304
0.6612316370010376
0.2865596413612366
0.613923192024231
0.5045073628425598
0.45887291431427
0.5786724090576172
0.3740108013153076
0.46320900321006775
0.7708186507225037
0.7655996680259705
0.5063532590866089
0.28736498951911926
0.5891057848930359
0.5063908696174622
0.48678281903266907
0.4582329988479614
0.7524234056472778
0.5252383947372437
0.7273187637329102
0.2709716260433197
0.5576866865158081
0.6136109232902527
0.6649948358535767
0.6387485861778259
0.23852726817131042
0.6359772682189941
0.47753822803497314
0.4285775125026703
0.3552649915218353
0.5807314515113831
0.4677013158798218
0.761553943157196
0.6983659267425537
0.6752172708511353
0.6162832379341125
0.5537302494049072
0.7535627484321594
0.6163512468338013
0.723583459854126
0.5843346118927002
0.5627064108848572
0.6764896512031555
0.5288509726524353
0.7327439188957214
0.5597566366195679
0.7177345752716064
0.46508243680000305
0.6116036176681519
0.6385014653205872
0.5374606847763062
0.9261404871940613
0.3315676152706146
0.7075523734092712
0.6169081330299377
0.739978015422821
0.6181291341781616
0.6731472611427307
0.6800165772438049
0.47420674562454224
0.23804743587970734
0.7757903337478638
0.5595259070396423
0.50196772813797
0.8022572994232178
0.6229004859924316
0.7318715453147888
0.5619633793830872
0.7556926608085632
0.6384698748588562
0.45041361451148987
0.5476031303405762
0.7094796895980835
0.5975818037986755
0.7240327000617981
0.5787390470504761
0.4731465280056
0.6694706082344055
0.6872659921646118
0.6124887466430664
0.5522118806838989
0.6645276546478271
0.3034333288669586
0.43223023414611816
0.7870926260948181
0.7718639373779297
0.8074739575386047
0.468228816986084
0.7788158059120178
0.6417528986930847
0.6733254790306091
0.6421964764595032
0.6928021311759949
0.6886332631111145
0.41107481718063354
0.8176064491271973
0.8087878823280334
0.5294084548950195
0.750163733959198
0.7635165452957153
0.33185964822769165
0.8262814879417419
0.7369600534439087
0.6670236587524414
0.6614688634872437
0.7154321670532227
0.8246364593505859
0.588191568851471
0.7391583919525146
0.367382287979126
0.6099485754966736
0.5234147310256958
0.685616672039032
0.6024200916290283
0.5823274254798889
0.698341965675354
0.7813316583633423
0.5581980347633362
0.767164945602417
0.6762319803237915
0.569908857345581
0.7570633888244629
0.4181632995605469
0.5894075036048889
0.6646782755851746
0.6920888423919678
0.5228552222251892
0.6339640617370605
0.4877815544605255
0.7492974400520325
0.7442038059234619
0.5717671513557434
0.7362617254257202
0.4435885548591614
0.3315270245075226
0.6040911078453064
0.45187655091285706
0.4581473767757416
0.8257394433021545
0.597801685333252
0.7059053778648376
0.7818962335586548
0.32340866327285767
0.6673926711082458
0.6444603800773621
0.6581832766532898
0.7105669975280762
0.5447797775268555
0.7990790009498596
0.4597650170326233
0.4522464871406555
0.5869525671005249
0.7440558671951294
0.7008377909660339
0.6811820864677429
0.46521955728530884
0.5890834331512451
0.5880739688873291
0.6795860528945923
0.7885681390762329
0.5688080191612244
0.5293660163879395
0.4602543115615845
0.6584826111793518
0.4572906792163849
0.2504536509513855
0.6590009927749634
0.4784468710422516
0.5774756669998169
0.8104531764984131
0.4153832793235779
0.7034665942192078
0.27585193514823914
0.5368004441261292
0.7391139268875122
0.7422211170196533
0.586818277835846
0.664259672164917
0.7180787324905396
0.6669643521308899
0.520869255065918
0.6481408476829529
0.4868564009666443
0.7308542728424072
0.6149102449417114
0.6478739976882935
0.7178075313568115
0.6019086837768555
0.6768101453781128
0.759268581867218
0.6061567664146423
0.6794909238815308
0.8034312725067139
0.5604935884475708
0.657345175743103
0.683397650718689
0.663064181804657
0.8215392827987671
0.7316768169403076
0.6305088400840759
0.6165164709091187
0.7283535599708557
0.7048262357711792
0.6644942164421082
0.805657148361206
0.7825007438659668
0.6360980272293091
0.5432775020599365
0.36708903312683105
0.6739999055862427
0.6894853115081787
0.7497711777687073
0.7156115174293518
0.6662426590919495
0.6080754995346069
0.5589454770088196
0.6884905695915222
0.73383629322052
0.8003084063529968
0.6233268976211548
0.6965183615684509
0.7060015797615051
0.5772606730461121
0.6987264156341553
0.836582601070404
0.40305349230766296
0.7719261646270752
0.5357511043548584
0.6688054203987122
0.6062324047088623
0.6869491338729858
0.571197509765625
0.5291230082511902
0.6142210960388184
0.6895418167114258
0.47840505838394165
0.7206121683120728
0.43299609422683716
0.5807340145111084
0.7695479393005371
0.646316409111023
0.46768826246261597
0.7872492671012878
0.5293678045272827
0.415837824344635
0.5326030254364014
0.6626330018043518
0.5919029116630554
0.630570113658905
0.7274245023727417
0.6088951826095581
0.6112914085388184
0.6156042218208313
0.6400948166847229
0.6276641488075256
0.4484167993068695
0.7242658734321594
0.4452027380466461
0.5905293226242065
0.6611366271972656
0.8708829283714294
0.5087006092071533
0.49964505434036255
0.33735373616218567
0.41802534461021423
0.6183048486709595
0.7293373942375183
0.6395862102508545
0.805568277835846
0.6455581784248352
0.41959482431411743
0.6400240063667297
0.7094622254371643
0.6733583211898804
0.5837456583976746
0.6570672392845154
0.38293978571891785
0.7115469574928284
0.578327476978302
0.4833813011646271
0.6426343321800232
0.5413010120391846
0.577282190322876
0.5651883482933044
0.3255298435688019
0.7661873698234558
0.4113095998764038
0.6115630865097046
0.46246930956840515
0.5971161127090454
0.5053821802139282
0.7299904823303223
0.776396632194519
0.3744257986545563
0.7227938175201416
0.5883291363716125
0.34964972734451294
0.3822413384914398
0.5898913145065308
0.7524043917655945
0.8313088417053223
0.32124945521354675
0.435801237821579
0.6528598070144653
0.6219636797904968
0.7691097855567932
0.6206831336021423
0.6118893623352051
0.5360074639320374
0.678359866142273
0.8532466292381287
0.6558721661567688
0.6286916732788086
0.42045846581459045
0.6390023231506348
0.6858079433441162
0.5931764841079712
0.5191622972488403
0.5816466212272644
0.34965187311172485
0.5485918521881104
0.6515480279922485
0.5585042238235474
0.6604375243186951
0.40652915835380554
0.646278440952301
0.22784572839736938
0.6348217129707336
0.3721611797809601
0.416034072637558
0.27018532156944275
0.7313947677612305
0.6201500296592712
0.3149844706058502
0.7540373802185059
0.4397616684436798
0.6358973979949951
0.44315817952156067
0.7236759066581726
0.7975375056266785
0.5388416647911072
0.6906010508537292
0.40601640939712524
0.5784263014793396
0.6606110334396362
0.8811267614364624
0.6480255126953125
0.6930609941482544
0.6806701421737671
0.4695587754249573
0.7049163579940796
0.3118959069252014
0.35602274537086487
0.4309002757072449
0.5211203098297119
0.6962730884552002
0.36877503991127014
0.6281609535217285
0.6852753162384033
0.6466279029846191
0.8271492719650269
0.3365054726600647
0.7821802496910095
0.7567172050476074
0.7116454839706421
0.6461134552955627
0.6387458443641663
0.6426852345466614
0.4801994264125824
0.414201557636261
0.75020831823349
0.7265247106552124
0.5404098033905029
0.4485221803188324
0.7122016549110413
0.6034491658210754
0.6813873648643494
0.43935754895210266
0.6750620603561401
0.5935441851615906
0.6939295530319214
0.720420241355896
0.4805448353290558
0.7062031626701355
0.6427534818649292
0.6768624186515808
0.6608099937438965
0.5854659080505371
0.7299262881278992
0.5786300301551819
0.47457000613212585
0.7382954359054565
0.7261142730712891
0.5542603135108948
0.6012044548988342
0.48502272367477417
0.3904162347316742
0.5771961808204651
0.5373889803886414
0.5972387194633484
0.4629739224910736
0.45830556750297546
0.7357536554336548
0.5092200040817261
0.6485024690628052
0.7089166641235352
0.6303918361663818
0.4638209044933319
0.6757317781448364
0.8810441493988037
0.6299554705619812
0.67137610912323
0.7071412205696106
0.4160507917404175
0.3226487338542938
0.5107740163803101
0.5880507230758667
0.6296355724334717
0.6751384735107422
0.6446005702018738
0.7078644037246704
0.5693395137786865
0.6815683841705322
0.30378708243370056
0.43534979224205017
0.4691985845565796
0.769999086856842
0.44586703181266785
0.659171998500824
0.7459057569503784
0.5321442484855652
0.40294110774993896
0.6420705914497375
0.6263206601142883
0.5829582214355469
0.7080185413360596
0.33953002095222473
0.5422484278678894
0.734908938407898
0.6786748170852661
0.7311099767684937
0.52641361951828
0.7974860072135925
0.7531500458717346
0.6458232402801514
0.6878633499145508
0.7332088351249695
0.582442045211792
0.5647018551826477
0.6460182070732117
0.5001546144485474
0.8155214786529541
0.8265578746795654
0.7602477073669434
0.7352212071418762
0.6301851868629456
0.7986827492713928
0.8090819120407104
0.736011266708374
0.5918013453483582
0.7825067639350891
0.4371373951435089
0.7911388278007507
0.755912184715271
0.5750102400779724
0.6416792869567871
0.6495828032493591
0.8503338694572449
0.6329443454742432
0.8414936065673828
0.7558069825172424
0.18732498586177826
0.5347877144813538
0.9011514782905579
0.4921698570251465
0.7506449818611145
0.7849401235580444
0.8466061353683472
0.5297362804412842
0.7597280144691467
0.7731540203094482
0.4628625810146332
0.7315000295639038
0.5018664598464966
0.810443639755249
0.764077365398407
0.7204223275184631
0.7417090535163879
0.5227442979812622
0.6841603517532349
0.5799946784973145
0.3870301842689514
0.26828423142433167
0.7491863965988159
0.7262299060821533
0.7674025893211365
0.7583725452423096
0.7968525886535645
0.8435962200164795
0.5834401249885559
0.5584190487861633
0.7737607955932617
0.7476407289505005
0.7752209901809692
0.8325667381286621
0.5890582799911499
0.6529985070228577
0.5503196120262146
0.5058695673942566
0.7346318364143372
0.5986170172691345
0.8252668976783752
0.772511899471283
0.8388482928276062
0.6230947971343994
0.6073198318481445
0.8928346037864685
0.8976860046386719
0.9281928539276123
0.8993501663208008
0.6486439108848572
0.7324339151382446
0.7180787920951843
0.6814876198768616
0.7126370668411255
0.6158007979393005
0.8395774364471436
0.4442368745803833
0.7353571653366089
0.6106542944908142
0.7171619534492493
0.5591815114021301
0.47210365533828735
0.5575982928276062
0.6695191860198975
0.8226140737533569
0.7782683372497559
0.4889450669288635
0.6609152555465698
0.5973654985427856
0.5781835913658142
0.8107584714889526
0.6473526954650879
0.7302649021148682
0.6928313970565796
0.6962917447090149
0.566115140914917
0.8117186427116394
0.5357313752174377
0.5373263359069824
0.6110926270484924
0.6821579933166504
0.69223552942276
0.7155299782752991
0.6334617137908936
0.4332622289657593
0.6646350622177124
0.7741358876228333
0.7593368887901306
0.6760541200637817
0.7277103066444397
0.5409445762634277
0.744225025177002
0.7161775827407837
0.541610062122345
0.6008636355400085
0.769560694694519
0.7677004337310791
0.45153558254241943
0.5536504983901978
0.7437306046485901
0.6060200929641724
0.7082021832466125
0.39113306999206543
0.6046363115310669
0.5083911418914795
0.7156496644020081
0.6841804385185242
0.48950132727622986
0.615727424621582
0.2997361421585083
0.7345855832099915
0.6877379417419434
0.5746265649795532
0.49977242946624756
0.637057363986969
0.6583240628242493
0.787052571773529
0.7306889891624451
0.2731883227825165
0.4924274682998657
0.38280272483825684
0.7861852645874023
0.5693406462669373
0.7928594350814819
0.6508554816246033
0.786522388458252
0.5239384174346924
0.6993601322174072
0.6824022531509399
0.7002816796302795
0.6839819550514221
0.6253922581672668
0.6882067322731018
0.5370855331420898
0.5629743933677673
0.36472833156585693
0.659278392791748
0.6647668480873108
0.7322114706039429
0.4722452163696289
0.7248576283454895
0.6773161292076111
0.7192232012748718
0.5505380034446716
0.66852867603302
0.6222139596939087
0.5111343264579773
0.5396084785461426
0.6930868029594421
0.40110328793525696
0.5080628395080566
0.6869478821754456
0.4209558069705963
0.6631330847740173
0.7533286213874817
0.7648487687110901
0.6613844037055969
0.7220243811607361
0.766552209854126
0.5444535613059998
0.7226563692092896
0.7614990472793579
0.7607519626617432
0.5322527885437012
0.48890772461891174
0.7806368470191956
0.6505284905433655
0.7414557337760925
0.7307820916175842
0.6976408362388611
0.5278509855270386
0.783768892288208
0.6179371476173401
0.7194274663925171
0.6589673161506653
0.7943058609962463
0.6623810529708862
0.7582255601882935
0.48613065481185913
0.7807303667068481
0.8075211644172668
0.6954472064971924
0.8028589487075806
0.5921086072921753
0.7965900897979736
0.5763564705848694
0.6150078773498535
0.730047881603241
0.6866365671157837
0.6528372168540955
0.6174988150596619
0.7884653806686401
0.7472630739212036
0.6318528056144714
0.4180756211280823
0.3907944858074188
0.7136438488960266
0.3971252143383026
0.6570478677749634
0.3569006323814392
0.7359998226165771
0.6521346569061279
0.6046822667121887
0.7154659628868103
0.5333242416381836
0.667256772518158
0.6612184047698975
0.49568861722946167
0.5253120064735413
0.7219580411911011
0.6833276152610779
0.47704604268074036
0.5932270884513855
0.47721773386001587
0.7336703538894653
0.6777204275131226
0.5439850687980652
0.6326113939285278
0.3934420049190521
0.5749094486236572
0.6476758122444153
0.4890773296356201
0.6525638699531555
0.5162948966026306
0.591707706451416
0.7075750827789307
0.44077205657958984
0.40008655190467834
0.4705623388290405
0.4675636887550354
0.5044441819190979
0.4700961709022522
0.4859521985054016
0.6936941742897034
0.6417810320854187
0.5639305710792542
0.7827997207641602
0.574558675289154
0.7741439342498779
0.7201496362686157
0.7781501412391663
0.8392996788024902
0.8369729518890381
0.754112184047699
0.6467126607894897
0.60446697473526
0.6336281299591064
0.5677504539489746
0.6593676209449768
0.615091860294342
0.7300429344177246
0.6729715466499329
0.5171218514442444
0.5599247813224792
0.5354626178741455
0.33221083879470825
0.49349963665008545
0.4428177773952484
0.6782270669937134
0.5161927938461304
0.395638108253479
0.775248110294342
0.4816252887248993
0.7034774422645569
0.7645755410194397
0.24249674379825592
0.5378236770629883
0.18975292146205902
0.516369640827179
0.5480025410652161
0.6356174945831299
0.544154167175293
0.5339426398277283
0.6954336166381836
0.6564703583717346
0.5115601420402527
0.6341519951820374
0.6113317608833313
0.5705909729003906
0.5312395095825195
0.6701061725616455
0.6652352213859558
0.5876182317733765
0.33097773790359497
0.4349505603313446
0.7542188763618469
0.7963246703147888
0.6024888157844543
0.6071546077728271
0.7244893312454224
0.49626821279525757
0.7350253462791443
0.7371597290039062
0.5662440061569214
0.785725474357605
0.6765729188919067
0.6080849170684814
0.37004077434539795
0.7099071741104126
0.6459038853645325
0.7172660231590271
0.7061238884925842
0.5768151879310608
0.5257183313369751
0.5524303317070007
0.5705501437187195
0.765995979309082
0.5203670263290405
0.5737475752830505
0.8014190793037415
0.5070978403091431
0.6795797348022461
0.727582573890686
0.759778618812561
0.5078229904174805
0.746833324432373
0.7052897214889526
0.6224765777587891
0.6285141706466675
0.7587375640869141
0.6113490462303162
0.611985981464386
0.6978819966316223
0.7971305847167969
0.7825037837028503
0.7897271513938904
0.37575700879096985
0.6308659911155701
0.42065563797950745
0.4504563808441162
0.6319893598556519
0.7731819748878479
0.6674125790596008
0.6148674488067627
0.6516491770744324
0.4715411067008972
0.44581809639930725
0.7859023809432983
0.5633243918418884
0.599942147731781
0.5791374444961548
0.6107092499732971
0.687372624874115
0.7486556172370911
0.5349410772323608
0.3893181383609772
0.6917109489440918
0.5178672671318054
0.7897067070007324
0.5665349960327148
0.3797338604927063
0.46140003204345703
0.3401453197002411
0.764209508895874
0.31417199969291687
0.6990583539009094
0.7720468640327454
0.520851731300354
0.6084719300270081
0.5817935466766357
0.5361584424972534
0.5919517278671265
0.6802639961242676
0.6074995994567871
0.6119154095649719
0.6414034366607666
0.5482916831970215
0.6420009732246399
0.54444420337677
0.6598724722862244
0.5664443969726562
0.4479313790798187
0.4596356749534607
0.6773951649665833
0.73002028465271
0.656783401966095
0.560550332069397
0.6961228251457214
0.6182295083999634
0.5469347834587097
0.7302107810974121
0.6151534914970398
0.8852782249450684
0.7472674250602722
0.8122272491455078
0.3925905227661133
0.6604302525520325
0.5421831011772156
0.3953850269317627
0.8238480091094971
0.4444754421710968
0.21901710331439972
0.5579448342323303
0.8120984435081482
0.3537271320819855
0.31763720512390137
0.5639094710350037
0.25988447666168213
0.549667477607727
0.6191898584365845
0.6763601303100586
0.5671224594116211
0.7226393222808838
0.582902729511261
0.4274730384349823
0.6318256258964539
0.6851311326026917
0.26664385199546814
0.6139793992042542
0.3838886320590973
0.6913813948631287
0.6485038995742798
0.4276438355445862
0.7494810223579407
0.4606568515300751
0.4657987952232361
0.5821269154548645
0.6550548076629639
0.7573285102844238
0.5637861490249634
0.6214058995246887
0.2956092953681946
0.5590603947639465
0.4335320293903351
0.3991866707801819
0.5191172957420349
0.600935161113739
0.6146743893623352
0.3300159275531769
0.8046016097068787
0.5783085823059082
0.4752170145511627
0.4556293487548828
0.4129881262779236
0.4836304783821106
0.6407417058944702
0.49407997727394104
0.7409188151359558
0.5084802508354187
0.7237706184387207
0.4612232446670532
0.5842040181159973
0.5130419731140137
0.6387088894844055
0.5527149438858032
0.5949113368988037
0.5347863435745239
0.5672221779823303
0.659824013710022
0.45303547382354736
0.34541556239128113
0.5732284784317017
0.5724025368690491
0.657256007194519
0.6046833992004395
0.4634285867214203
0.5417371988296509
0.42437857389450073
0.6006302833557129
0.5603424906730652
0.4276505410671234
0.4209704101085663
0.7876179814338684
0.6578367948532104
0.8354342579841614
0.6270039677619934
0.7870784401893616
0.7794398069381714
0.7966169714927673
0.7388780117034912
0.5349003076553345
0.4180591106414795
