0.280145525932312
0.29063111543655396
0.3390531539916992
0.5383920669555664
0.6195425689220428
0.3513290286064148
0.4789915680885315
0.46580368280410767
0.6670332849025726
0.37343335151672363
0.28454023599624634
0.27986466884613037
0.3042806386947632
0.20605474710464478
0.18001478910446167
0.2633087635040283
0.23165518045425415
0.25916093587875366
0.2631610631942749
0.29610204696655273
0.27863776683807373
0.6193307340145111
0.25425034761428833
0.48157328367233276
0.5799145996570587
0.36634814739227295
0.39211010932922363
0.4209612011909485
0.39808255434036255
0.3916953206062317
0.20688176155090332
0.2628222703933716
0.524806946516037
0.3706108331680298
0.427911639213562
0.5849716663360596
0.25965332984924316
0.5270682871341705
0.554873138666153
0.5739005208015442
0.5017163157463074
0.34177345037460327
0.3299352526664734
0.41564035415649414
0.5116907060146332
0.37453198432922363
0.5152075588703156
0.42637836933135986
0.6558897793292999
0.59351447224617
0.5100234746932983
0.3418737053871155
0.6437956988811493
0.3830931782722473
0.637147068977356
0.5284093022346497
0.3952629566192627
0.728675901889801
0.39553189277648926
0.29182058572769165
0.3017783761024475
0.16306465864181519
0.29390019178390503
0.6523050367832184
0.5480128228664398
0.34423327445983887
0.39947056770324707
0.30630314350128174
0.24163740873336792
0.12058901786804199
0.3921459913253784
0.3148384690284729
0.48119056224823
0.598273366689682
0.2998273968696594
0.3015137314796448
0.3260079026222229
0.4501137137413025
0.4418690800666809
0.3543494939804077
0.5756280422210693
0.38440626859664917
0.43133336305618286
0.20679497718811035
0.512016624212265
0.39374566078186035
0.3323650360107422
0.4108029007911682
0.3578769564628601
0.555675745010376
0.19919544458389282
0.5625470876693726
0.35285496711730957
0.289654016494751
0.556591123342514
0.4906795024871826
0.11680865287780762
0.12805438041687012
0.5125452280044556
0.3554396629333496
0.3329819440841675
0.5762315094470978
0.7453537583351135
0.38613778352737427
0.4491836428642273
0.4309716820716858
0.3570705056190491
0.35463249683380127
0.4419441223144531
0.20772004127502441
0.19110912084579468
0.4354037046432495
0.3006095886230469
0.2913537621498108
0.6047856211662292
0.3992992043495178
0.7979308366775513
0.7585476934909821
0.3386684060096741
0.2957700490951538
0.4538270831108093
0.24272817373275757
0.48018157482147217
0.4168614149093628
0.6285339891910553
0.4141445755958557
0.6574659049510956
0.517003059387207
0.5185327529907227
0.5291188359260559
0.57676562666893
0.33661091327667236
0.2889088988304138
0.14350301027297974
0.4582971930503845
0.241294264793396
0.3457549810409546
0.3358675241470337
0.37313514947891235
0.32668036222457886
0.2132142186164856
0.3498997092247009
0.45581305027008057
0.4862480163574219
0.5153828859329224
0.3944748044013977
0.4517240524291992
0.4846256375312805
0.3641698360443115
0.5035074651241302
0.3175375461578369
0.43700599670410156
0.20496201515197754
0.3452908992767334
0.593714028596878
0.2768334150314331
0.43441641330718994
0.40315699577331543
0.41648274660110474
0.46858328580856323
0.34159743785858154
0.5339595377445221
0.4021875262260437
0.3890340328216553
0.5469359755516052
0.31556522846221924
0.30436015129089355
0.5439911782741547
0.39601004123687744
0.34008753299713135
0.5425870418548584
0.388519287109375
0.4777524471282959
0.18459606170654297
0.10756605863571167
0.3727632761001587
0.28924596309661865
0.34540891647338867
0.4032995104789734
0.2860933542251587
0.3466629981994629
0.5660782158374786
0.46882373094558716
0.2641001343727112
0.25730401277542114
0.4696597456932068
0.49771034717559814
0.5716753304004669
0.5641113221645355
0.5662976205348969
0.2650315761566162
0.4277101755142212
0.6647828221321106
0.321425199508667
0.5543918609619141
0.4443977475166321
0.3970140814781189
0.32160240411758423
0.5151593387126923
0.3565429449081421
0.31999629735946655
0.446274995803833
0.33080852031707764
0.44466477632522583
0.4273871183395386
0.17232275009155273
0.5563266575336456
0.4195024371147156
0.5156746208667755
0.5492702126502991
0.7236327826976776
0.4661692976951599
0.5786234736442566
0.5281700491905212
0.5924963057041168
0.552251935005188
0.4359946846961975
0.6686434149742126
0.25931233167648315
0.2958609461784363
0.3900555372238159
0.4695208668708801
0.4729585647583008
0.22225654125213623
0.2662944793701172
0.5937511920928955
0.5618187785148621
0.4528021216392517
0.36737513542175293
0.2275407314300537
0.27986568212509155
0.2723543047904968
0.5212837159633636
0.4106123447418213
0.23455387353897095
0.4726402759552002
0.42133164405822754
0.269000768661499
0.31258416175842285
0.48878806829452515
0.42373132705688477
0.48761266469955444
0.3469696640968323
0.44807183742523193
0.49211448431015015
0.2971041202545166
0.5061711072921753
0.31321078538894653
0.3756698966026306
0.364105224609375
0.1727309226989746
0.2636648416519165
0.3530822992324829
0.5340635478496552
0.352154016494751
0.34670400619506836
0.4815683364868164
0.4854600429534912
0.3164936900138855
0.42008650302886963
0.22650420665740967
0.5100302994251251
0.550173282623291
0.5580435693264008
0.42499035596847534
0.297629177570343
0.4147413372993469
0.5387264788150787
0.513351559638977
0.4596760869026184
0.4244762659072876
0.50417560338974
0.3899960517883301
0.5285519361495972
0.5922416746616364
0.4530060887336731
0.5344648957252502
0.4212191104888916
0.5251950323581696
0.3573646545410156
0.5557424426078796
0.5349505245685577
0.6822333037853241
0.6359923481941223
0.43746620416641235
0.5738005936145782
0.2724533677101135
0.6113066971302032
0.5641560554504395
0.48533475399017334
0.3598174452781677
0.416983425617218
0.4333859086036682
0.40835392475128174
0.3590501546859741
0.5246893465518951
0.3702280521392822
0.2615504264831543
0.3599392771720886
0.11130040884017944
0.43883025646209717
0.6454088389873505
0.2564336657524109
0.3108446002006531
0.5679947137832642
0.553575873374939
0.20990228652954102
0.44880861043930054
0.2350684404373169
0.8144782781600952
0.31943607330322266
0.41378527879714966
0.5020653903484344
0.3963409662246704
0.5026260316371918
0.328493595123291
0.37302523851394653
0.48834168910980225
0.4483550190925598
0.31813204288482666
0.30408328771591187
0.4181241989135742
0.398445725440979
0.4162766933441162
0.41761940717697144
0.6235961019992828
0.3557542562484741
0.4181903600692749
0.6408212184906006
0.29182320833206177
0.19328093528747559
0.5122911036014557
0.39398688077926636
0.43929916620254517
0.1831023097038269
0.37643498182296753
0.6596913039684296
0.5673273205757141
0.18066221475601196
0.4319530725479126
0.32819753885269165
0.19970965385437012
0.1569027304649353
0.33618396520614624
0.3039563298225403
0.2996407151222229
0.3912315368652344
0.2755032181739807
0.40957432985305786
0.4976269602775574
0.3882719874382019
0.3972083330154419
0.44177067279815674
0.41151702404022217
0.44688838720321655
0.2938308119773865
0.3193255066871643
0.3821706175804138
0.5610991418361664
0.34578871726989746
0.4302431344985962
0.55315300822258
0.4095660448074341
0.2258121371269226
0.48684585094451904
0.39742976427078247
0.39560872316360474
0.46615469455718994
0.3682422637939453
0.15283042192459106
0.3012687563896179
0.6134449541568756
0.4671846032142639
0.5145788490772247
0.3632635474205017
0.2989862561225891
0.3627392053604126
0.211165189743042
0.3184468150138855
0.4302182197570801
0.5843530297279358
0.37058132886886597
0.31008756160736084
0.2777988314628601
0.45178353786468506
0.13270360231399536
0.3142048120498657
0.4634799361228943
0.3261334300041199
0.6036007106304169
0.32993102073669434
0.19713211059570312
0.37494826316833496
0.2824477553367615
0.4290967583656311
0.36270010471343994
0.4574704170227051
0.22507280111312866
0.33519917726516724
0.3950384259223938
0.3889504671096802
0.4931545853614807
0.43375730514526367
0.42447561025619507
0.47887277603149414
0.3285607099533081
0.32233870029449463
0.42070162296295166
0.31298571825027466
0.46894675493240356
0.22789472341537476
0.175750732421875
0.43849503993988037
0.1944483518600464
0.3169202208518982
0.34706270694732666
0.47549158334732056
0.3019634485244751
0.5347364246845245
0.3218112587928772
0.2562710642814636
0.5370956361293793
0.3688884973526001
0.27421385049819946
0.34755104780197144
0.4618997573852539
0.3985908031463623
0.3178020119667053
0.1411568522453308
0.19609713554382324
0.30008912086486816
0.2392270565032959
0.5992244482040405
0.3191784620285034
0.31456899642944336
0.6982894539833069
0.40977299213409424
0.5142947435379028
0.43269413709640503
0.44835472106933594
0.5400511026382446
0.32687681913375854
0.34973347187042236
0.448075532913208
0.44700193405151367
0.4358667731285095
0.3592979907989502
0.2507922649383545
0.4914906620979309
0.23827427625656128
0.45604342222213745
0.3087049722671509
0.4114682674407959
0.468766987323761
0.5746167600154877
0.4465676546096802
0.48130202293395996
0.5310316681861877
0.42504990100860596
0.38389188051223755
0.3736300468444824
0.44491875171661377
0.32536882162094116
0.3701944351196289
0.4933639168739319
0.39070385694503784
0.3977646231651306
0.46930980682373047
0.4134838581085205
0.36900120973587036
0.4600246548652649
0.56733039021492
0.4782790541648865
0.3495897054672241
0.43214720487594604
0.2251848578453064
0.4201467037200928
0.5354471802711487
0.7029761373996735
0.46881914138793945
0.5702846050262451
0.7083036303520203
0.30846840143203735
0.3687833547592163
0.27959442138671875
0.4032118320465088
0.4545462727546692
0.3090798854827881
0.3513769507408142
0.41140276193618774
0.4370056390762329
0.5815174877643585
0.3596125841140747
0.41594743728637695
0.4109265208244324
0.3321876525878906
0.3409240245819092
0.5315951704978943
0.43287163972854614
0.3365049958229065
0.5464916825294495
0.4722001552581787
0.3595997095108032
0.1704627275466919
0.3909318447113037
0.40155136585235596
0.4778013229370117
0.40677762031555176
0.47015559673309326
0.5326192080974579
0.6353707909584045
0.32067346572875977
0.5249610245227814
0.252155065536499
0.4670632481575012
0.4071887135505676
0.6595495343208313
0.2906947135925293
0.556549608707428
0.4377046823501587
0.2078191041946411
0.2648336887359619
0.35300421714782715
0.22914165258407593
0.4826577305793762
0.536299467086792
0.5297421813011169
0.3488369584083557
0.43133431673049927
0.49341362714767456
0.40275681018829346
0.4484559893608093
0.36155861616134644
0.6230869591236115
0.31289029121398926
0.48899132013320923
0.32681411504745483
0.28166091442108154
0.29397714138031006
0.6114895343780518
0.4906519651412964
0.35765039920806885
0.3224024772644043
0.4006543755531311
0.4416590929031372
0.2530413269996643
0.3183249831199646
0.609563022851944
0.22211742401123047
0.22415554523468018
0.3012149930000305
0.3544658422470093
0.3284074068069458
0.6506976187229156
0.3307339549064636
0.28689825534820557
0.08397811651229858
0.31677621603012085
0.6556282937526703
0.604437530040741
0.44332921504974365
0.1605311632156372
0.5331735908985138
0.3224024772644043
0.25693947076797485
0.6033063232898712
0.28790372610092163
0.6094707250595093
0.3934289813041687
0.37476032972335815
0.709941178560257
0.3290918469429016
0.5647353827953339
0.38988447189331055
0.20693010091781616
0.3399832844734192
0.3559029698371887
0.19414693117141724
0.44206488132476807
0.37424206733703613
0.3202679753303528
0.37422603368759155
0.5129489600658417
0.3282872438430786
0.5218578577041626
0.20276355743408203
0.35115480422973633
0.4509180188179016
0.36745768785476685
0.45807743072509766
0.6896989047527313
0.25572365522384644
0.30812525749206543
0.43410444259643555
0.33140164613723755
0.4181327223777771
0.47806209325790405
0.28078311681747437
0.44789373874664307
0.21170365810394287
0.42550766468048096
0.5211292207241058
0.2800973653793335
0.4411725401878357
0.46019452810287476
0.3475872874259949
0.3208915591239929
0.31719642877578735
0.30897408723831177
0.42443591356277466
0.25480353832244873
0.43828409910202026
0.3795039653778076
0.530529648065567
0.5540667474269867
0.5127017199993134
0.23216044902801514
0.31867027282714844
0.4079376459121704
0.25321853160858154
0.3519282937049866
0.2587904930114746
0.34008657932281494
0.4534968137741089
0.25296950340270996
0.33376336097717285
0.38762563467025757
0.6505576074123383
0.4903036952018738
0.6072164177894592
0.41143637895584106
0.34878015518188477
0.2542039155960083
0.4291269779205322
0.5218975245952606
0.4837941527366638
0.5729928314685822
0.46328598260879517
0.6148452162742615
0.405514657497406
0.2913188338279724
0.6139423549175262
0.3292393088340759
0.48045575618743896
0.5227446854114532
0.5360520780086517
0.6208972632884979
0.3539441227912903
0.4137890934944153
0.608645498752594
0.7566792964935303
0.5462699234485626
0.5847463607788086
0.5675391852855682
0.5692473649978638
0.5445902645587921
0.3938608765602112
0.48563820123672485
0.3992301821708679
0.6053818464279175
0.7848769128322601
0.325431764125824
0.42935705184936523
0.33378076553344727
0.5440322756767273
0.3129385709762573
0.41030561923980713
0.5814604461193085
0.4348977208137512
0.4083266258239746
0.5774799883365631
0.5024634599685669
0.5753607153892517
0.6068785190582275
0.4798353314399719
0.49696415662765503
0.41554826498031616
0.468303918838501
0.45929527282714844
0.481054425239563
0.7150621712207794
0.5505326688289642
0.6118053197860718
0.3254353404045105
0.24968206882476807
0.588270515203476
0.3359251022338867
0.5201303064823151
0.5572619736194611
0.4997585415840149
0.4980641007423401
0.3486897349357605
0.4467571973800659
0.4273608922958374
0.09845340251922607
0.3572710156440735
0.404158353805542
0.546929121017456
0.42777717113494873
0.5406051278114319
0.4638662338256836
0.42843157052993774
0.14470314979553223
0.3288809657096863
0.46266835927963257
0.2515066862106323
0.6385546028614044
0.26639193296432495
0.5866453349590302
0.41639935970306396
0.18859297037124634
0.3330095410346985
0.19673031568527222
0.5322734713554382
0.40838801860809326
0.2732076048851013
0.40821200609207153
0.39109480381011963
0.4465346932411194
0.5515458285808563
0.5547986924648285
0.5001301765441895
0.594846099615097
0.6472826898097992
0.48898279666900635
0.34039992094039917
0.3199114203453064
0.33251523971557617
0.5015823543071747
0.685187041759491
0.3799424171447754
0.4000057578086853
0.2592625021934509
0.5091778635978699
0.5455566346645355
0.5272437334060669
0.39939963817596436
0.5342142879962921
0.5055700242519379
0.5073377788066864
0.3741578459739685
0.5423893332481384
0.5995408594608307
0.4773590564727783
0.49338120222091675
0.616149514913559
0.5249968767166138
0.5919412672519684
0.49791014194488525
0.65673828125
0.5743206739425659
0.41854703426361084
0.5068138837814331
0.5247398018836975
0.34693002700805664
0.5416887700557709
0.40727829933166504
0.46254652738571167
0.4348751902580261
0.28333741426467896
0.414747416973114
0.4079436659812927
0.6125597953796387
0.6586526930332184
0.5354140400886536
0.428957998752594
0.6149353682994843
0.6530104279518127
0.5488666296005249
0.5628257393836975
0.5768775343894958
0.712765246629715
0.6704238057136536
0.6255311369895935
0.5390451550483704
0.6077503561973572
0.7382718920707703
0.5769025385379791
0.596529483795166
0.507329910993576
0.36468106508255005
0.4976266622543335
0.4046163558959961
0.42274099588394165
0.6491421759128571
0.4846687316894531
0.6255173087120056
0.7382230162620544
0.26220446825027466
0.6004951894283295
0.2441132664680481
0.687848836183548
0.7848438620567322
0.5643945634365082
0.3224024772644043
0.2967793345451355
0.19841033220291138
0.6248548030853271
0.559042364358902
0.3224024772644043
0.643714964389801
0.2909366488456726
0.3906177282333374
0.312982976436615
0.32494157552719116
0.2106914520263672
0.36998701095581055
0.7303142547607422
0.4935654401779175
0.6026327908039093
0.41823291778564453
0.4132845401763916
0.5205152034759521
0.3935745358467102
0.5417047142982483
0.28290021419525146
0.3625407814979553
0.4917864203453064
0.31772321462631226
0.5344398319721222
0.47456520795822144
0.31765007972717285
0.3623364567756653
0.5278119146823883
0.46542996168136597
0.1606590747833252
0.5652145445346832
0.390163779258728
0.5103529393672943
0.3935765027999878
0.38638025522232056
0.7392120659351349
0.5207168757915497
0.23126333951950073
0.3359590172767639
0.21090489625930786
0.21039903163909912
0.2098061442375183
0.41703206300735474
0.562082827091217
0.41815561056137085
0.34990423917770386
0.6543830037117004
0.5668159127235413
0.48216724395751953
0.40154320001602173
0.43477874994277954
0.3133159875869751
0.2445501685142517
0.46432697772979736
0.5571504235267639
0.4522276520729065
0.33799105882644653
0.35284608602523804
0.49626779556274414
0.5386218428611755
0.5491063892841339
0.4707874655723572
0.3246285319328308
0.3686463236808777
0.4403507113456726
0.5777097344398499
0.42592668533325195
0.35859954357147217
0.5090223550796509
0.5645662546157837
0.2993561029434204
0.5497792065143585
0.29450541734695435
0.2915273904800415
0.5645575523376465
0.49543750286102295
0.27447962760925293
0.6358677446842194
0.5656808018684387
0.44421350955963135
0.38592231273651123
0.30144137144088745
0.354669451713562
0.48003852367401123
0.36759626865386963
0.5160320699214935
0.5485623180866241
0.4457918405532837
0.4124647378921509
0.39991146326065063
0.4309775233268738
0.42777276039123535
0.43151700496673584
0.33576422929763794
0.5862427055835724
0.7292783260345459
0.5083017349243164
0.46689164638519287
0.3058124780654907
0.32025253772735596
0.6164075434207916
0.2586439847946167
0.32029759883880615
0.2151462435722351
0.5383585095405579
0.19967705011367798
0.28135865926742554
0.523880124092102
0.5224636197090149
0.6035020649433136
0.4640599489212036
0.29365861415863037
0.725703775882721
0.1869664192199707
0.38973069190979004
0.35930752754211426
0.7060999572277069
0.6184759140014648
0.4405801296234131
0.31314319372177124
0.6323166191577911
0.4029366970062256
0.7186408638954163
0.443819522857666
0.4507143497467041
0.4786233901977539
0.18500763177871704
0.3027608394622803
0.3458288311958313
0.5963208973407745
0.3645140528678894
0.3195459246635437
0.6960940062999725
0.4191104769706726
0.28891921043395996
0.5494799017906189
0.49013471603393555
0.7111105918884277
0.18417316675186157
0.7062507569789886
0.19766801595687866
0.3443915843963623
0.48659056425094604
0.6987084448337555
0.6128462553024292
0.39857661724090576
0.48464834690093994
0.6404939889907837
0.47697484493255615
0.39354056119918823
0.327875554561615
0.5553983747959137
0.32330936193466187
0.39484578371047974
0.43225616216659546
0.5271919369697571
0.4388226866722107
0.2514706254005432
0.3387453556060791
0.556957483291626
0.26398056745529175
0.7551990449428558
0.5366599857807159
0.4579247236251831
0.6024132370948792
0.28072720766067505
0.5656827390193939
0.3373696804046631
0.5591504871845245
0.46764659881591797
0.5095351934432983
0.5079940557479858
0.3464741110801697
0.6338336765766144
0.28118419647216797
0.4246021509170532
0.4509205222129822
0.33533352613449097
0.22907888889312744
0.6412476897239685
0.6635729074478149
0.5123156905174255
0.38778895139694214
0.5857956111431122
0.5505135655403137
0.3106922507286072
0.45134711265563965
0.37030506134033203
0.5586698949337006
0.6525464057922363
0.5880799889564514
0.6852154433727264
0.3900061249732971
0.44906139373779297
0.8254707604646683
0.30838143825531006
0.4301052689552307
0.5251035392284393
0.5270141959190369
0.7999118715524673
0.5002172589302063
0.763353019952774
0.6018198132514954
0.5326862037181854
0.09439432621002197
0.4737169146537781
0.49148935079574585
0.6195118129253387
0.5705676376819611
0.7079109251499176
0.46273016929626465
0.386229932308197
0.5694286227226257
0.6236943006515503
0.5319885015487671
0.41073381900787354
0.34561800956726074
0.38176417350769043
0.4125562310218811
0.7559694647789001
0.25732356309890747
0.5218634903430939
0.4827609062194824
0.8251866847276688
0.5754706859588623
0.4800555109977722
0.4944363832473755
0.5995732545852661
0.4810628890991211
0.5402169823646545
0.7516147941350937
0.5065213739871979
0.2559574246406555
0.34026074409484863
0.39314883947372437
0.5901175737380981
0.4976552724838257
0.4335289001464844
0.5693817138671875
0.3956971764564514
0.38382965326309204
0.47111964225769043
0.1604214310646057
0.39947307109832764
0.3814070224761963
0.600203275680542
0.37761253118515015
0.5308720171451569
0.4964454770088196
0.4211582541465759
0.5474306643009186
0.4067133069038391
0.5963080823421478
0.3912774920463562
0.17825698852539062
0.48637330532073975
0.5794678628444672
0.4016599655151367
0.24300509691238403
0.6518724858760834
0.3982670307159424
0.4802033305168152
0.5394148230552673
0.4699751138687134
0.6204354166984558
0.2417464256286621
0.5417339503765106
0.5037720203399658
0.33504921197891235
0.48789143562316895
0.6492944657802582
0.6273690760135651
0.567479133605957
0.5137212872505188
0.45610445737838745
0.6587632894515991
0.42686837911605835
0.4418354034423828
0.40590840578079224
0.45348793268203735
0.5689335763454437
0.361289381980896
0.2695820927619934
0.73154416680336
0.4960085153579712
0.2779030203819275
0.5888391435146332
0.4013283848762512
0.3838486671447754
0.4664708971977234
0.18600094318389893
0.712138831615448
0.5222718417644501
0.46826183795928955
0.8089157193899155
0.43291372060775757
0.7902452051639557
0.6313486099243164
0.6651219129562378
0.6903358399868011
0.7059093713760376
0.18422389030456543
0.5456690490245819
0.30978184938430786
0.5471966564655304
0.7010223567485809
0.8067663013935089
0.4263642430305481
0.3232730031013489
0.6463167667388916
0.4543878436088562
0.3819044828414917
0.42105311155319214
0.5508129000663757
0.5047277808189392
0.6533008813858032
0.38850146532058716
0.3312229514122009
0.5332538485527039
0.6384329199790955
0.730332225561142
0.6760341823101044
0.4449605941772461
0.8104861229658127
0.6957400739192963
0.7798912972211838
0.5195878744125366
0.5530483424663544
0.37495481967926025
0.5764741599559784
0.24200552701950073
0.476715624332428
0.5121989846229553
0.7246348261833191
0.6327051520347595
0.5667093396186829
0.48762136697769165
0.6102626025676727
0.2746877670288086
0.37406057119369507
0.5015117228031158
0.4428598880767822
0.3727988600730896
0.4290098547935486
0.42528343200683594
0.4934174418449402
0.3699451684951782
0.18488764762878418
0.6266595125198364
0.41890645027160645
0.5927306711673737
0.6572456657886505
0.23631829023361206
0.470087468624115
0.3507908582687378
0.5564881265163422
0.39860236644744873
0.5055286586284637
0.5109405517578125
0.5065410435199738
0.6564339697360992
0.5251949727535248
0.4612770080566406
0.4431006908416748
0.5183593332767487
0.6186204850673676
0.48150086402893066
0.4924742579460144
0.5985430479049683
0.5099851191043854
0.2240421175956726
0.5186975598335266
0.40294545888900757
0.38736987113952637
0.4365062117576599
0.4484822154045105
0.683038055896759
0.3085992932319641
0.4303305149078369
0.17397236824035645
0.3933529257774353
0.4896939992904663
0.5525984466075897
0.5591000914573669
0.3587035536766052
0.3914746642112732
0.8506753891706467
0.480133056640625
0.5554132461547852
0.3094217777252197
0.3618726134300232
0.5169473886489868
0.5574304163455963
0.5679625570774078
0.5801226198673248
0.79243004322052
0.4192458391189575
0.3640863299369812
0.5804918110370636
0.4387308359146118
0.331157922744751
0.5950073599815369
0.5725442171096802
0.871807798743248
0.4431050419807434
0.6513270139694214
0.26997798681259155
0.22799432277679443
0.13347530364990234
0.5834300518035889
0.31274205446243286
0.6954043805599213
0.7530558109283447
0.6124765574932098
0.5326474606990814
0.47499752044677734
0.5372472107410431
0.4609719514846802
0.5850154757499695
0.6230950057506561
0.2424045205116272
0.740001380443573
0.5701593160629272
0.444766104221344
0.7192323207855225
0.5165384709835052
0.41669148206710815
0.6824342608451843
0.829679548740387
0.4904216527938843
0.5224413871765137
0.6918096244335175
0.5452691316604614
0.2965037226676941
0.4401196241378784
0.3224024772644043
0.7590770572423935
0.6200425624847412
0.5575756430625916
0.7070669531822205
0.43074309825897217
0.5519381761550903
0.486636757850647
0.20275992155075073
0.3568437099456787
0.3597167730331421
0.4318814277648926
0.40493351221084595
0.5440238118171692
0.4785609841346741
0.4751279354095459
0.3867645263671875
0.42233145236968994
0.2896597981452942
0.42453140020370483
0.3719586133956909
0.6344605684280396
0.4508216381072998
0.49781906604766846
0.2850453853607178
0.4712989926338196
0.4740988612174988
0.5797668993473053
0.273526668548584
0.363103449344635
0.39641302824020386
0.4893192648887634
0.5106345415115356
0.4445854425430298
0.23196876049041748
0.4167187809944153
0.43515270948410034
0.46689891815185547
0.6364476978778839
0.5977849662303925
0.38745057582855225
0.48469966650009155
0.5027897953987122
0.5065727829933167
0.5269193053245544
0.5308575630187988
0.5603551864624023
0.5463838577270508
0.2551259398460388
0.5677942931652069
0.6525495052337646
0.33964747190475464
0.35966044664382935
0.365464985370636
0.2850675582885742
0.49092769622802734
0.3689032196998596
0.6103105545043945
0.17250418663024902
0.3858070373535156
0.4999016523361206
0.40234142541885376
0.3500007390975952
0.46004873514175415
0.42764270305633545
0.47779399156570435
0.5125562250614166
0.38628900051116943
0.4162665605545044
0.5684589743614197
0.5811536312103271
0.19301259517669678
0.3860538601875305
0.2203487753868103
0.42090505361557007
0.6073082089424133
0.530089944601059
0.3268239498138428
0.5826581120491028
0.5002167820930481
0.6078336238861084
0.4524553418159485
0.5605418384075165
0.4892130494117737
0.7701427638530731
0.5629429519176483
0.5797071158885956
0.5124286115169525
0.666797399520874
0.5139036178588867
0.3141319751739502
0.3406277894973755
0.5104920566082001
0.31236082315444946
0.5271539688110352
0.29376959800720215
0.6114513874053955
0.5767357051372528
0.3224024772644043
0.3249132037162781
0.7312776744365692
0.40412551164627075
0.6364419162273407
0.238136887550354
0.48245465755462646
0.37712985277175903
0.7431392967700958
0.5557587742805481
0.31302452087402344
0.5040789544582367
0.4503355026245117
0.5124207437038422
0.19281607866287231
0.3536834120750427
0.3612858057022095
0.41915178298950195
0.47045618295669556
0.46088892221450806
0.3976863622665405
0.40610504150390625
0.33099329471588135
0.4254586696624756
0.27861589193344116
0.3467721939086914
0.3354390263557434
0.3214133381843567
0.4126747250556946
0.20210373401641846
0.6004923582077026
0.4468334913253784
0.4918369650840759
0.543563961982727
0.3061861991882324
0.40392225980758667
0.33177071809768677
0.4222651720046997
0.5486181080341339
0.3401472568511963
0.7226784825325012
0.30293476581573486
0.4689447283744812
0.351726233959198
0.6587711572647095
0.32869023084640503
0.4742128252983093
0.4090026021003723
0.6810785531997681
0.6242668926715851
0.3844428062438965
0.5173007249832153
0.4342508912086487
0.44460397958755493
0.5015128552913666
0.2638428807258606
0.44026750326156616
0.31212443113327026
0.3018159866333008
0.4793297052383423
0.43282294273376465
0.28722530603408813
0.45660507678985596
0.349500834941864
0.4401511549949646
0.3340011239051819
0.3833494782447815
0.4069667458534241
0.353005051612854
0.6349442899227142
0.4784502387046814
0.5121569037437439
0.34661930799484253
0.4779554009437561
0.3862866163253784
0.23390251398086548
0.5554717183113098
0.4446623921394348
0.394694447517395
0.5228095948696136
0.33395445346832275
0.39074069261550903
0.46049070358276367
0.39516717195510864
0.3610730767250061
0.3204237222671509
0.49519598484039307
0.4710606336593628
0.27869075536727905
0.5124686062335968
0.37667548656463623
0.5542237460613251
0.4839508533477783
0.4798572063446045
0.5227328240871429
0.5015028715133667
0.5794999599456787
0.4557381272315979
0.4953884482383728
0.20636916160583496
0.23804235458374023
0.358573317527771
0.4653310775756836
0.5465818345546722
0.5540342628955841
0.6745001375675201
0.5557430982589722
0.6576297879219055
0.5628359019756317
0.5638381540775299
0.622038871049881
0.6849149167537689
0.6268120110034943
0.5188976228237152
0.468929648399353
0.7252985537052155
0.5714057087898254
0.375518262386322
0.32730984687805176
0.5631991028785706
0.6118078231811523
0.6913179457187653
0.5737263858318329
0.4377162456512451
0.5155355334281921
0.37404102087020874
0.6415064036846161
0.6468054354190826
0.38902848958969116
0.7191697955131531
0.4410877823829651
0.30921822786331177
0.5187123417854309
0.2747071385383606
0.689169853925705
0.6102617979049683
0.5990292131900787
0.59637650847435
0.4068254828453064
0.5465823709964752
0.7691668421030045
0.6349176466464996
0.7300451397895813
0.802696093916893
0.5614793598651886
0.6858651638031006
0.665933221578598
0.47267866134643555
0.7471158802509308
0.5067375004291534
0.584599494934082
0.645370215177536
0.491462767124176
0.5768755674362183
0.18669456243515015
0.4387412667274475
0.4841578006744385
0.5529584586620331
0.7131619155406952
0.6966792941093445
0.5776598453521729
0.434933066368103
0.5698834359645844
0.43620461225509644
0.43162763118743896
0.1301528811454773
0.544771671295166
0.7659109532833099
0.6642152070999146
0.5760663747787476
0.6470677852630615
0.4397816061973572
0.5821056962013245
0.6246856451034546
0.4065682888031006
0.48559457063674927
0.5005178451538086
0.6137093305587769
0.49921172857284546
0.7576045840978622
0.6363818347454071
0.47500932216644287
0.8712518066167831
0.4159601330757141
0.8079701662063599
0.6266824901103973
0.551130086183548
0.5719794929027557
0.5882503092288971
0.31296998262405396
0.6719212234020233
0.5584954619407654
0.4509629011154175
0.767757311463356
0.5849829912185669
0.6800119578838348
0.4384680390357971
0.6810040175914764
0.4079229235649109
0.6420803666114807
0.8256107717752457
0.6524911224842072
0.5406754314899445
0.3224024772644043
0.5466396808624268
0.5419300198554993
0.5769877731800079
0.6518420875072479
0.2799888849258423
0.7055864334106445
0.3516201376914978
0.5615834891796112
0.5906864106655121
0.6010220944881439
0.5807768404483795
0.6182363629341125
0.7297025322914124
0.752927377820015
0.5117472410202026
0.36345988512039185
0.6280023157596588
0.45740604400634766
0.8280697762966156
0.39001160860061646
0.3980556130409241
0.5761280059814453
0.4347459077835083
0.5438472628593445
0.5831808149814606
0.4412262439727783
0.6411918103694916
0.7299067378044128
0.4421597719192505
0.5280497372150421
0.5967564284801483
0.5794763267040253
0.3866181969642639
0.5749508440494537
0.5948655605316162
0.6355352997779846
0.4660295844078064
0.48120778799057007
0.38463157415390015
0.4985162019729614
0.5137041509151459
0.6450583338737488
0.5427893996238708
0.23823511600494385
0.501704603433609
0.39741289615631104
0.2850174903869629
0.6485966145992279
0.41579920053482056
0.6019953191280365
0.35431182384490967
0.7689290940761566
0.4316065311431885
0.6189672946929932
0.5065118074417114
0.5071839690208435
0.6363304555416107
0.6708411872386932
0.37424468994140625
0.5619938969612122
0.645062655210495
0.6113287806510925
0.5944312512874603
0.5838701725006104
0.5930763781070709
0.5687469840049744
0.7965463697910309
0.670353353023529
0.5381085276603699
0.4781893491744995
0.5854378342628479
0.39165765047073364
0.637724757194519
0.4824891686439514
0.4960446357727051
0.5875507295131683
0.6543578207492828
0.5625642240047455
0.16163980960845947
0.6689726114273071
0.5670703053474426
0.605446457862854
0.7246600985527039
0.4956374168395996
0.5863700211048126
0.7244611978530884
0.3271986246109009
0.5104690492153168
0.35213160514831543
0.43784773349761963
0.8656855076551437
0.5671569406986237
0.3690081238746643
0.2731460928916931
0.24876075983047485
0.5062377452850342
0.1339130401611328
0.511393129825592
0.42252135276794434
0.350492000579834
0.6714005470275879
0.3740857243537903
0.543626457452774
0.2726967930793762
0.2243703007698059
0.6663395464420319
0.5210953950881958
0.4245328903198242
0.5283608436584473
0.38022780418395996
0.36442697048187256
0.24879014492034912
0.5991911292076111
0.5183619558811188
0.265378475189209
0.15361058712005615
0.3589462637901306
0.4667787551879883
0.4033690094947815
0.4797343611717224
0.5537012219429016
0.46495330333709717
0.3267396092414856
0.5186027884483337
0.509988009929657
0.425429105758667
0.28975480794906616
0.10143089294433594
0.24252420663833618
0.4991801977157593
0.5909762382507324
0.19597011804580688
0.5470746159553528
0.5768149793148041
0.43899738788604736
0.30348271131515503
0.4275064468383789
0.38850289583206177
0.45461785793304443
0.3998628258705139
0.308021605014801
0.4516168236732483
0.2842820882797241
0.4920312762260437
0.47339683771133423
0.45214956998825073
0.3156840205192566
0.4367351531982422
0.34824806451797485
0.5631755292415619
0.5982567965984344
0.29788732528686523
0.5541387498378754
0.42593443393707275
0.40494871139526367
0.28816086053848267
0.5038471817970276
0.3431570529937744
0.5893048346042633
0.3373570442199707
0.2850050926208496
0.3899381160736084
0.4627223610877991
0.30484962463378906
0.48009002208709717
0.34475648403167725
0.2649078369140625
0.3533095717430115
0.35395413637161255
0.6194876432418823
0.41939425468444824
0.6748948693275452
0.24276715517044067
0.40774548053741455
0.3204077482223511
0.410358190536499
0.26051831245422363
0.527486115694046
0.5727022290229797
0.2605828046798706
0.43632280826568604
0.4014626741409302
0.40486347675323486
0.4257057309150696
0.1352149248123169
0.4875492453575134
0.4919514060020447
0.7752624899148941
0.38658982515335083
0.42249101400375366
0.642833024263382
0.3128865361213684
0.3425201177597046
0.6387699246406555
0.25266504287719727
0.4761110544204712
0.3148850202560425
0.27441561222076416
0.4701603055000305
0.3865058422088623
0.41161197423934937
0.38637590408325195
0.29206520318984985
0.33761852979660034
0.444551944732666
0.6515856981277466
0.4641827940940857
0.47428596019744873
0.5232270956039429
0.4520813226699829
0.44379931688308716
0.29121845960617065
0.34661412239074707
0.512381911277771
0.10166394710540771
0.5747969746589661
0.3192906379699707
0.3036026358604431
0.23944348096847534
0.576641857624054
0.2900528311729431
0.3270875811576843
0.4774435758590698
0.3507006764411926
0.33622413873672485
0.14421099424362183
0.5061078071594238
0.2795354723930359
0.35699373483657837
0.3868192434310913
0.23115479946136475
0.4142017960548401
0.25553959608078003
0.4848969578742981
0.3638652563095093
0.5143771171569824
0.39689886569976807
0.8308910727500916
0.3160865902900696
0.31799888610839844
0.512976199388504
0.4085620045661926
0.5724517703056335
0.45164036750793457
0.3073034882545471
0.3279109597206116
0.33745771646499634
0.3224024772644043
0.3773350715637207
0.3886337876319885
0.20792174339294434
0.6063003242015839
0.5089396238327026
0.5717427730560303
0.4699346423149109
0.611553966999054
0.26987016201019287
0.6110714077949524
0.2595193386077881
0.5349256992340088
0.42783480882644653
0.5112057030200958
0.3664202094078064
0.5374195873737335
0.11210650205612183
0.5754972696304321
0.3982900381088257
0.4386022686958313
0.08879876136779785
0.18528062105178833
0.49714040756225586
0.22512561082839966
0.3315982222557068
0.39884889125823975
0.3009899854660034
0.5118811130523682
0.3733965754508972
0.31244784593582153
0.398063063621521
0.4812137484550476
0.35891544818878174
0.42503392696380615
0.3654007315635681
0.5302286446094513
0.3365604281425476
0.27320271730422974
0.5518082678318024
0.34698569774627686
0.6373301148414612
0.38068878650665283
0.4282471537590027
0.37150174379348755
0.7444354593753815
0.41831129789352417
0.4776042699813843
0.46982985734939575
0.22486233711242676
0.40676093101501465
0.26613903045654297
0.2803027033805847
0.2965434193611145
0.40269720554351807
0.25439178943634033
0.21259278059005737
0.14736229181289673
0.1361270546913147
0.47231608629226685
0.2207791805267334
0.5085550844669342
0.5591664612293243
0.4894062280654907
0.5289085209369659
0.5265673100948334
0.42323005199432373
0.5643818080425262
0.5772943198680878
0.31759291887283325
0.5346145331859589
0.6142876446247101
0.3406817317008972
0.4118806719779968
0.46886885166168213
0.7091983556747437
0.6118578314781189
0.46430230140686035
0.4460434913635254
0.8149725049734116
0.6259931027889252
0.4154878854751587
0.587462306022644
0.5224444568157196
0.5085436403751373
0.5437366962432861
0.3830013871192932
0.4190496802330017
0.5881635546684265
0.6862090229988098
0.5395766198635101
0.32976222038269043
0.6107787489891052
0.7038746178150177
0.7028310000896454
0.4720318913459778
0.4030643105506897
0.5733837783336639
0.3526424765586853
0.3395792841911316
0.4974400997161865
0.4680611491203308
0.558625340461731
0.4708026647567749
0.5510044395923615
0.39005571603775024
0.7208885848522186
0.502781093120575
0.34836137294769287
0.4817715287208557
0.5218437314033508
0.36190932989120483
0.4861541986465454
0.37978869676589966
0.5477376580238342
0.6372809410095215
0.4000720977783203
0.29952073097229004
0.341399610042572
0.5904898345470428
0.5016622543334961
0.6054246127605438
0.7508122026920319
0.5117402076721191
0.4605519771575928
0.6861526072025299
0.571673184633255
0.5588957667350769
0.4015209674835205
0.21089226007461548
0.47241514921188354
0.518224447965622
0.6033889651298523
0.5127591490745544
0.3641206622123718
0.42918890714645386
0.5930152237415314
0.7183549404144287
0.4773259162902832
0.4052775502204895
0.5092727243900299
0.6188117265701294
0.4892774224281311
0.6363368630409241
0.5715208947658539
0.6189390420913696
0.7061236500740051
0.7111726999282837
0.5955759286880493
0.24968022108078003
0.5563289821147919
0.5429262816905975
0.586581289768219
0.8229807466268539
0.7761777192354202
0.5395976603031158
0.6125005185604095
0.6075028479099274
0.5001696050167084
0.6211459636688232
0.5438189804553986
0.3690387010574341
0.680487185716629
0.47732383012771606
0.5608302652835846
0.5313444435596466
0.5879851579666138
0.3722073435783386
0.4276806712150574
0.551908940076828
0.5869192183017731
0.31903254985809326
0.45466554164886475
0.4990079998970032
0.4357743263244629
0.7849831134080887
0.5031000077724457
0.49497371912002563
0.5778135359287262
0.39282160997390747
0.23235124349594116
0.43895184993743896
0.4523354768753052
0.3892684578895569
0.6033543050289154
0.4394908547401428
0.3224024772644043
0.6396860480308533
0.633004367351532
0.5415689945220947
0.7227932214736938
0.6574619114398956
0.4775734543800354
0.5830767154693604
0.4778662323951721
0.388186514377594
0.5406685173511505
0.23564046621322632
0.42981505393981934
0.1750066876411438
0.24961727857589722
0.36569809913635254
0.45829200744628906
0.5093005895614624
0.23741024732589722
0.5802429616451263
0.34462207555770874
0.54112708568573
0.6222644150257111
0.36305171251296997
0.5224617719650269
0.23844605684280396
0.6194588243961334
0.4933193325996399
0.5219571590423584
0.29229748249053955
0.5353403985500336
0.3742130994796753
0.37979549169540405
0.558367133140564
0.47965872287750244
0.5757806897163391
0.4403063654899597
0.359039306640625
0.6041568517684937
0.4367271661758423
0.34157317876815796
0.22497344017028809
0.649774819612503
0.607938677072525
0.49613118171691895
0.5128840506076813
0.3707273602485657
0.41309815645217896
0.38298743963241577
0.6605595648288727
0.5522927641868591
0.6867751181125641
0.5266431570053101
0.4136198163032532
0.471189022064209
0.41440993547439575
0.6761278808116913
0.7129860520362854
0.37465524673461914
0.39794570207595825
0.37834417819976807
0.48360592126846313
0.5183839797973633
0.6972346007823944
0.5044876635074615
0.5334728956222534
0.531369537115097
0.6058081686496735
0.4531899094581604
0.37996041774749756
0.4531899094581604
0.647267609834671
0.7569510340690613
0.31960755586624146
0.5333695709705353
0.43633395433425903
0.3680070638656616
0.4592021703720093
0.4641851782798767
0.5200613141059875
0.5829108655452728
0.5063220858573914
0.5632781684398651
0.4853280186653137
0.3133115768432617
0.3374733328819275
0.3199693560600281
0.4630369544029236
0.46894294023513794
0.5291901528835297
0.4462697505950928
0.3091466426849365
0.5297731757164001
0.3302958011627197
0.24643725156784058
0.38364875316619873
0.276416540145874
0.40341442823410034
0.27578026056289673
0.18624550104141235
0.3235103487968445
0.4711490273475647
0.29116225242614746
0.44024336338043213
0.39590728282928467
0.5497164726257324
0.4774056673049927
0.3281434178352356
0.2790953516960144
0.28226542472839355
0.3746742010116577
0.24285924434661865
0.3543795943260193
0.534917563199997
0.4597635269165039
0.26375776529312134
0.2649306654930115
0.472140908241272
0.1490628719329834
0.4817879796028137
0.2606111168861389
0.527564138174057
0.6313742101192474
0.6229686737060547
0.27874070405960083
0.38133931159973145
0.3495234251022339
0.3365311026573181
0.2837589383125305
0.38643336296081543
0.22753483057022095
0.33956849575042725
0.22731173038482666
0.4988175630569458
0.36160099506378174
0.5024030208587646
0.3319666385650635
0.6133854985237122
0.12248343229293823
0.49790477752685547
0.48480063676834106
0.4181097149848938
0.14544880390167236
0.4591309428215027
0.3306884169578552
0.6357411742210388
0.3621531128883362
0.5170494616031647
0.6301742792129517
0.5916793048381805
0.5955206453800201
0.6231015622615814
0.5560170710086823
0.517380565404892
0.5793564915657043
0.5714332163333893
0.6581301093101501
0.44442152976989746
0.6060422956943512
0.48594731092453003
0.23909616470336914
0.5613254606723785
0.5875588655471802
0.25130021572113037
0.5176921188831329
0.5632671415805817
0.3404332995414734
0.6151493489742279
0.6249991357326508
0.4052073359489441
0.38372451066970825
0.6477042734622955
0.23280805349349976
0.5537354350090027
0.3224024772644043
0.5143887996673584
0.40467286109924316
0.6715255379676819
0.4075532555580139
0.38721781969070435
0.5930368602275848
0.7162584066390991
0.5321616232395172
0.5970416367053986
0.4492570757865906
0.6349516212940216
0.6771361827850342
0.19000601768493652
0.4372764825820923
0.3581438660621643
0.11857128143310547
0.47857600450515747
0.3485264182090759
0.4134153723716736
0.3477758765220642
0.3044363260269165
0.3574405908584595
0.5916664302349091
0.2510988116264343
0.5318688154220581
0.5987278521060944
0.5680853128433228
0.43648862838745117
0.5721314549446106
0.5950281620025635
0.46051979064941406
0.49035191535949707
0.34240370988845825
0.24129104614257812
0.6133292615413666
0.5142279863357544
0.3942880630493164
0.6823761761188507
0.5451485812664032
0.48122644424438477
0.2887156009674072
0.5116593837738037
0.6158441305160522
0.48450273275375366
0.7843978404998779
0.45253390073776245
0.5578337907791138
0.4699680209159851
0.11692261695861816
0.4544089436531067
0.4530673027038574
0.5438425242900848
0.17625272274017334
0.5089425444602966
0.3599346876144409
0.5502288341522217
0.7283576130867004
0.4823073148727417
0.25398916006088257
0.7791339606046677
0.3288663625717163
0.5568210780620575
0.27646487951278687
0.3224024772644043
0.4071797728538513
0.373803973197937
0.5162313878536224
0.3696520924568176
0.6674042046070099
0.3973490595817566
0.7244638502597809
0.44370055198669434
0.5759328901767731
0.3249076008796692
0.6466681063175201
0.6003170311450958
0.3634282350540161
0.8154206722974777
0.6151955723762512
0.7650849223136902
0.5681799352169037
0.5477117300033569
0.3679482340812683
0.3224024772644043
0.529486209154129
0.4589163064956665
0.5771790742874146
0.39345234632492065
0.6679633855819702
0.45813870429992676
0.5488789975643158
0.45162904262542725
0.5213179290294647
0.5100070238113403
0.2193901538848877
0.3097410202026367
0.47360605001449585
0.5193087160587311
0.5304913818836212
0.4635196924209595
0.32129716873168945
0.42418962717056274
0.5453865230083466
0.6503439247608185
0.4912312626838684
0.31289517879486084
0.39990800619125366
0.546756774187088
0.5526340305805206
0.3144407868385315
0.5335979163646698
0.30875182151794434
0.5151745975017548
0.8048094511032104
0.43154579401016235
0.4634029269218445
0.3371920585632324
0.2187747359275818
0.5136361718177795
0.7016416490077972
0.45270246267318726
0.28479504585266113
0.1930612325668335
0.4778327941894531
0.5930822193622589
0.4230015277862549
0.24413317441940308
0.10526478290557861
0.27156639099121094
0.4184994101524353
0.5616485178470612
0.6479735672473907
0.5797429382801056
0.5670293569564819
0.39405012130737305
0.5107643008232117
0.630862683057785
0.46729564666748047
0.642549604177475
0.3499736785888672
0.5272131860256195
0.36688435077667236
0.5368402302265167
0.7916067093610764
0.49402594566345215
0.3159823417663574
0.43512070178985596
0.6492729187011719
0.4201797842979431
0.372999370098114
0.42575424909591675
0.45056062936782837
0.507386326789856
0.3483572006225586
0.6231127083301544
0.4389665722846985
0.5600176453590393
0.5941784083843231
0.6239123940467834
0.34509873390197754
0.372003972530365
0.44669246673583984
0.5732273459434509
0.27507996559143066
0.4817228317260742
0.541170746088028
0.4551517963409424
0.34432053565979004
0.6345886886119843
0.6582012176513672
0.35404467582702637
0.2595789432525635
0.4385426640510559
0.3137146830558777
0.519184947013855
0.4101039171218872
0.5196913182735443
0.5987697839736938
0.4767725467681885
0.7345556020736694
0.36746513843536377
0.5803084969520569
0.4270833730697632
0.44670772552490234
0.38726967573165894
0.34261733293533325
0.42382943630218506
0.46269476413726807
0.3427432179450989
0.3898887038230896
0.434181809425354
0.305198609828949
0.35212600231170654
0.6052006483078003
0.7167099714279175
0.6811839044094086
0.7562601566314697
0.6313636600971222
0.5039306879043579
0.2065868377685547
0.58112832903862
0.5762473940849304
0.44536226987838745
0.446990430355072
0.34637337923049927
0.5731641948223114
0.6162112057209015
0.3438745141029358
0.596946507692337
0.31305086612701416
0.2308902144432068
0.39345860481262207
0.41868752241134644
0.3942093253135681
0.3566025495529175
0.24952852725982666
0.26406681537628174
0.4581441283226013
0.4058764576911926
0.524120032787323
0.3826199769973755
0.2760242819786072
0.4185578227043152
0.4125770330429077
0.637012779712677
0.5122959911823273
0.44991886615753174
0.4110785722732544
0.478929340839386
0.46451854705810547
0.37665748596191406
0.4767453074455261
0.4857335686683655
0.45480066537857056
0.46395760774612427
0.4933738112449646
0.448214590549469
0.5541907548904419
0.5207651853561401
0.29459142684936523
0.5193672776222229
0.38469815254211426
0.48296988010406494
0.3335011601448059
0.6572562754154205
0.2872893810272217
0.3837360739707947
0.350347638130188
0.333057165145874
0.44037312269210815
0.4631185531616211
0.21266824007034302
0.3144042491912842
0.42529624700546265
0.49859505891799927
0.4461504817008972
0.32171428203582764
0.16949576139450073
0.3278806805610657
0.3234490156173706
0.5689960420131683
0.4519038796424866
0.4818626046180725
0.497119665145874
0.24757927656173706
0.35304003953933716
0.39479684829711914
0.32769036293029785
0.646555095911026
0.352975070476532
0.7262280881404877
0.2785746455192566
0.2519274353981018
0.3203287720680237
0.5435594022274017
0.4946441054344177
0.6027909219264984
0.5163984000682831
0.576720118522644
0.23628801107406616
0.5283056795597076
0.47083163261413574
0.5522003173828125
0.4623035192489624
0.414198637008667
0.5588982105255127
0.5478175580501556
0.40733903646469116
0.38251030445098877
0.6010903418064117
0.4101397395133972
0.4951562285423279
0.16214805841445923
0.30332475900650024
0.4289398789405823
0.3739720582962036
0.563626617193222
0.42484766244888306
0.4466068148612976
0.35452693700790405
0.3920479416847229
0.5875319540500641
0.3057418465614319
0.6311665773391724
0.41086500883102417
0.16573083400726318
0.4584507346153259
0.5817882120609283
0.578378438949585
0.4989493489265442
0.4709296226501465
0.3930996060371399
0.3204745054244995
0.33343255519866943
0.6367425918579102
0.4417133331298828
0.3711167573928833
0.6478890776634216
0.40038180351257324
0.47682100534439087
0.3984672427177429
0.575541228055954
0.34473150968551636
0.54420205950737
0.4880102872848511
0.3740966320037842
0.41186660528182983
0.17698949575424194
0.14909487962722778
0.42037320137023926
0.46693408489227295
0.4933067560195923
0.32590776681900024
0.4076482057571411
0.4573460817337036
0.4554182291030884
0.2596827745437622
0.3893663287162781
0.5183796882629395
0.39528852701187134
0.4941304326057434
0.29277855157852173
0.304881751537323
0.2217993140220642
0.3817521333694458
0.4598960876464844
0.2705308794975281
0.243119478225708
0.6533840596675873
0.4714353084564209
0.48429298400878906
0.49184542894363403
0.3784511089324951
0.6281654536724091
0.3836536407470703
0.23125135898590088
0.4775356650352478
0.3995863199234009
0.5873784124851227
0.4843822121620178
0.5034103989601135
0.7504389733076096
0.3709160089492798
0.3031683564186096
0.47480958700180054
0.655689537525177
0.28176242113113403
0.38919687271118164
0.28193312883377075
0.6146163642406464
0.6954233944416046
0.6375053226947784
0.5805714428424835
0.5536403954029083
0.44036608934402466
0.5115419328212738
0.5885725319385529
0.7436296045780182
0.4971049427986145
0.5503396689891815
0.6601344645023346
0.6999675631523132
0.3818705677986145
0.6380942463874817
0.5510598123073578
0.46108120679855347
0.34571385383605957
0.46563321352005005
0.5341402292251587
0.4477711319923401
0.5175651907920837
0.524191290140152
0.7466771602630615
0.48652446269989014
0.7788307666778564
0.4328523874282837
0.6463463604450226
0.642293781042099
0.4125048518180847
0.692470371723175
0.38905489444732666
0.5034139156341553
0.6926964819431305
0.5658665597438812
0.550447553396225
0.7499427497386932
0.30128657817840576
0.5213665664196014
0.5009836256504059
0.46985065937042236
0.5027777254581451
0.7364576160907745
0.4557526111602783
0.35024064779281616
0.5380998849868774
0.4565408229827881
0.5192565619945526
0.567241758108139
0.2325649857521057
0.4848933219909668
0.09962105751037598
0.11398476362228394
0.2421610951423645
0.32841140031814575
0.28812718391418457
0.22118854522705078
0.4260498285293579
0.13628894090652466
0.5177029371261597
0.3414764404296875
0.3107708692550659
0.49912726879119873
0.43105340003967285
0.2915581464767456
0.3338559865951538
0.24896347522735596
0.19778871536254883
0.4049399495124817
0.4705306887626648
0.4172168970108032
0.3092423677444458
0.45068204402923584
0.5447567999362946
0.3293946385383606
0.2507052421569824
0.40425413846969604
0.29978734254837036
0.4912511706352234
0.26328831911087036
0.41630029678344727
0.5146336257457733
0.42531782388687134
0.38333719968795776
0.4455626606941223
0.30904513597488403
0.4407588243484497
0.4613601565361023
0.4808589220046997
0.41752129793167114
0.4998422861099243
0.12588781118392944
0.6381470561027527
0.35050708055496216
0.17329132556915283
0.6458433568477631
0.6164577901363373
0.20949947834014893
0.34850919246673584
0.4525742530822754
0.5508563220500946
0.5553696751594543
0.3048749566078186
0.5516900420188904
0.479339599609375
0.5688707232475281
0.6572136282920837
0.43346893787384033
0.4377727508544922
0.40757495164871216
0.5547676682472229
0.5854094624519348
0.42569804191589355
0.5999538600444794
0.3957623839378357
0.5374203622341156
0.36307185888290405
0.4490855932235718
0.48332715034484863
0.568965345621109
0.407540500164032
0.19745224714279175
0.7077333033084869
0.5769819617271423
0.3619919419288635
0.3979605436325073
0.39655154943466187
0.33837252855300903
0.5493903458118439
0.3965200185775757
0.5365522801876068
0.7688395977020264
0.2443740963935852
0.2797624468803406
0.5998669564723969
0.3224024772644043
0.08309268951416016
0.3892889618873596
0.4522373080253601
0.5973619818687439
0.4588841199874878
0.46298784017562866
0.22040504217147827
0.328599750995636
0.44974082708358765
0.3612704873085022
0.6515456736087799
0.3204578757286072
0.4836042523384094
0.3442375063896179
0.5339802801609039
0.4019222855567932
0.5355864465236664
0.6434259116649628
0.7182937860488892
0.7122570276260376
0.3970828652381897
0.30041074752807617
0.42328518629074097
0.55223149061203
0.2693990468978882
0.6108952760696411
0.37226808071136475
0.3777860403060913
0.3582800030708313
0.5057037770748138
0.3529583215713501
0.5656431019306183
0.3934665322303772
0.40333718061447144
0.6081532835960388
0.5179918706417084
0.6108977794647217
0.6764129996299744
0.4531620740890503
0.517114907503128
0.5140801966190338
0.504339337348938
0.37369102239608765
0.37470823526382446
0.529116690158844
0.3688204288482666
0.5329079031944275
0.5037710666656494
0.5183227062225342
0.6099400222301483
0.6245853304862976
0.4257664680480957
0.5505654513835907
0.36455559730529785
0.4938892722129822
0.5162917077541351
0.5569610893726349
0.4888656735420227
0.39734458923339844
0.31593894958496094
0.48578107357025146
0.6698835492134094
0.27589231729507446
0.46772491931915283
0.5244047045707703
0.5621548295021057
0.4224281311035156
0.4686897397041321
0.32988160848617554
0.4089468717575073
0.5420660078525543
0.39014101028442383
0.3507104516029358
0.5039312839508057
0.261332631111145
0.5992292165756226
0.5484380722045898
0.4167090058326721
0.2578622102737427
0.44883406162261963
0.4808923602104187
0.29150068759918213
0.4791770577430725
0.2806636691093445
0.465126633644104
0.719843864440918
0.4595237374305725
0.4978122115135193
0.40627944469451904
0.824961706995964
0.3519819378852844
0.5189834237098694
0.5173173248767853
0.30691319704055786
0.5200397968292236
0.3695230484008789
0.5780340731143951
0.30687302350997925
0.40245169401168823
0.25282466411590576
0.36274266242980957
0.659479022026062
0.6210501492023468
0.4376487135887146
0.3273678421974182
0.33960437774658203
0.598896712064743
0.24453794956207275
0.42254745960235596
0.3774294853210449
0.44725751876831055
0.3997284770011902
0.1230616569519043
0.48642104864120483
0.2859683036804199
0.3338491916656494
0.349944531917572
0.36162251234054565
0.5692702233791351
0.35546839237213135
0.4250214695930481
0.49084216356277466
0.5270731151103973
0.6245312392711639
0.5137731432914734
0.5843128859996796
0.6090275943279266
0.49835413694381714
0.1919369101524353
0.4305381774902344
0.2975083589553833
0.3509513735771179
0.22830277681350708
0.41018521785736084
0.656651496887207
0.46890348196029663
0.6970235705375671
0.6600038111209869
0.5305841565132141
0.6569262742996216
0.44248539209365845
0.35880333185195923
0.5362281501293182
0.20192968845367432
0.1750481128692627
0.3699227571487427
0.6944194436073303
0.3527119755744934
0.5366069078445435
0.5014459490776062
0.41447001695632935
0.44215697050094604
0.6577969789505005
0.6457443833351135
0.5272708535194397
0.33261871337890625
0.5725264847278595
0.5290406346321106
0.7940006405115128
0.2468106746673584
0.4042644500732422
0.5072304308414459
0.552703469991684
0.4017608165740967
0.3208129405975342
0.36635392904281616
0.6093257665634155
0.2846713066101074
0.43748044967651367
0.49620819091796875
0.3459548354148865
0.4287208914756775
0.6218436062335968
0.33987700939178467
0.4668509364128113
0.3539133071899414
0.5741233825683594
0.26095861196517944
0.282382607460022
0.4960240125656128
0.431762158870697
0.4260379672050476
0.6301147043704987
0.24624675512313843
0.7289157509803772
0.8376718759536743
0.3224024772644043
0.40428268909454346
0.18806666135787964
0.4904545545578003
0.6487801373004913
0.3224024772644043
0.42703843116760254
0.22207742929458618
0.27922523021698
0.35417401790618896
0.7510193288326263
0.6126472353935242
0.3354589343070984
0.5119406282901764
0.3771747350692749
0.49193716049194336
0.7986193746328354
0.4156193733215332
0.40406906604766846
0.676407665014267
0.6150341928005219
0.4074088931083679
0.4624217748641968
0.34353911876678467
0.5790441930294037
0.353779673576355
0.65876305103302
0.339763343334198
0.5010032653808594
0.5396517217159271
0.5304750502109528
0.3223162293434143
0.3224024772644043
0.3224024772644043
0.5517478883266449
0.20189720392227173
0.3130478262901306
0.3170522451400757
0.33686691522598267
0.5184690952301025
0.4011589288711548
0.6021576225757599
0.5034022033214569
0.6901354789733887
0.2941591739654541
0.5913382768630981
0.7553267180919647
0.2351512312889099
0.21720027923583984
0.4014977216720581
0.4409025311470032
0.5406330227851868
0.46288931369781494
0.679801881313324
0.674241840839386
0.6459099352359772
0.6372940540313721
0.48348313570022583
0.5822980999946594
0.801814615726471
0.5626999735832214
0.6389269530773163
0.7265023291110992
0.7288606762886047
0.7224074006080627
0.5339737832546234
0.7212983071804047
0.7171328067779541
0.6156737208366394
0.6738677024841309
0.5510836839675903
0.49547046422958374
0.5897302627563477
0.721644252538681
0.4726351499557495
0.7967150956392288
0.7036026418209076
0.618596762418747
0.5889157354831696
0.45021235942840576
0.6093284487724304
0.482856810092926
0.3224024772644043
0.5773161947727203
0.7344231903553009
0.7120096981525421
0.6519993841648102
0.6557941734790802
0.5075484216213226
0.35438448190689087
0.44906389713287354
0.6852709054946899
0.46608132123947144
0.6316215395927429
0.6947011947631836
0.4931465983390808
0.35856741666793823
0.6863757371902466
0.7489029765129089
0.3224024772644043
0.5754427909851074
0.6337414383888245
0.6617167890071869
0.4449981451034546
0.7891787141561508
0.5698360204696655
0.5675287544727325
0.540086954832077
0.5712456405162811
0.5114850699901581
0.6747691631317139
0.7351346611976624
0.4557667374610901
0.577355831861496
0.6843850910663605
0.7606946676969528
0.42831557989120483
0.731796145439148
0.7297155857086182
0.45603466033935547
0.2842271327972412
0.5066028237342834
0.5062747001647949
0.7541538923978806
0.8484001159667969
0.5549493134021759
0.6154325902462006
0.5787893235683441
0.5426173806190491
0.48197484016418457
0.38456887006759644
0.2065533995628357
0.5977770686149597
0.6459565162658691
0.5877561271190643
0.43983423709869385
0.6348305344581604
0.3173797130584717
0.40470796823501587
0.4812561273574829
0.37325990200042725
0.28185415267944336
0.4602811932563782
0.3224024772644043
0.24989253282546997
0.3224024772644043
0.4321502447128296
0.3224024772644043
0.13406765460968018
0.3224024772644043
0.3224024772644043
0.20933455228805542
0.39550602436065674
0.3224068880081177
0.28934288024902344
0.5308211743831635
0.3614931106567383
0.38229602575302124
0.28148746490478516
0.549728661775589
0.40527021884918213
0.3677704930305481
0.3722696900367737
0.47679346799850464
0.42041176557540894
0.5497751533985138
0.36283016204833984
0.49413299560546875
0.43615788221359253
0.292632520198822
0.5076875388622284
0.46171802282333374
0.4867769479751587
0.058594346046447754
0.17057353258132935
0.24918729066848755
0.18954116106033325
0.7489322125911713
0.7548629343509674
0.38204073905944824
0.7706854045391083
0.6836872100830078
0.5139757394790649
0.7113872468471527
0.6692238748073578
0.6425671875476837
0.6482408046722412
0.5050258636474609
0.5136286020278931
0.6457734107971191
0.6720030307769775
0.4999287724494934
0.5082579553127289
0.8555082380771637
0.6129240095615387
0.7586337327957153
0.48468196392059326
0.5385385751724243
0.7295818328857422
0.467576801776886
0.6566900908946991
0.633921355009079
0.6655924916267395
0.4644937515258789
0.5182895362377167
0.6875526607036591
0.7166344225406647
0.35408514738082886
0.8445949554443359
0.5686897039413452
0.6310164034366608
0.4425310492515564
0.6251668334007263
0.6306778788566589
0.615046888589859
0.6134941577911377
0.5604360401630402
0.7634328454732895
0.5964589715003967
0.727320671081543
0.5204464495182037
0.49668192863464355
0.3526158928871155
0.5587838590145111
0.7586167752742767
0.6788827180862427
0.4492218494415283
0.6897642314434052
0.8808016777038574
0.5838531255722046
0.5582403242588043
0.7045765817165375
0.8442290425300598
0.3926272392272949
0.3813444972038269
0.46949493885040283
0.7390849590301514
0.6261646151542664
0.849542424082756
0.6634545624256134
0.659957230091095
0.5869781076908112
0.7429814636707306
0.7929966300725937
0.5101155340671539
0.5973944365978241
0.8500391840934753
0.72820845246315
0.6472708582878113
0.5638332962989807
0.39131754636764526
0.39743250608444214
0.8212976306676865
0.7376639246940613
0.4962707757949829
0.788713127374649
0.7632689774036407
0.5129375159740448
0.7106214463710785
0.7267439067363739
0.5826788544654846
0.6197516024112701
0.6266951858997345
0.36643290519714355
0.46194785833358765
0.400057852268219
0.3236398696899414
0.577232152223587
0.8110782355070114
0.7303770184516907
0.3702300190925598
0.31490272283554077
0.6633411943912506
0.5463154017925262
0.72682124376297
0.5104995369911194
0.553394079208374
0.6138314008712769
0.6300131380558014
0.5845520794391632
0.687733918428421
0.3254241347312927
0.5522163808345795
0.7119001150131226
0.4157724976539612
0.4700513482093811
0.5856772661209106
0.4927273988723755
0.6203896105289459
0.7017949819564819
0.7272058725357056
0.3995808959007263
0.5666203796863556
0.7375664114952087
0.5788785815238953
0.222395658493042
0.7506463378667831
0.6388258337974548
0.585078626871109
0.4382248520851135
0.690288782119751
0.5150879919528961
0.4261324405670166
0.47269803285598755
0.5212057828903198
0.415960431098938
0.5741989016532898
0.7321140468120575
0.5787977576255798
0.5619100332260132
0.6736212074756622
0.7626302242279053
0.7797566652297974
0.5056696534156799
0.8145206272602081
0.6665672957897186
0.7405746579170227
0.4903351664543152
0.5999189913272858
0.37682217359542847
0.7748528271913528
0.4793166518211365
0.531732052564621
0.6071581840515137
0.46421366930007935
0.4231049418449402
0.5648576617240906
0.49878978729248047
0.4406508803367615
0.471015989780426
0.30104517936706543
0.44415056705474854
0.5376603007316589
0.7734033465385437
0.7166710197925568
0.6155889630317688
0.5482992231845856
0.7010256350040436
0.7233808934688568
0.6741939187049866
0.49067044258117676
0.6175491511821747
0.43931007385253906
0.41144847869873047
0.5601233839988708
0.37318485975265503
0.39476341009140015
0.31203019618988037
0.5685585737228394
0.5780881345272064
0.6830721497535706
0.5222142338752747
0.5990087389945984
0.7675883769989014
0.6304325461387634
0.37046754360198975
0.24042898416519165
0.5622996091842651
0.5679914057254791
0.6101790368556976
0.531255841255188
0.7159682214260101
0.5780511200428009
0.48961037397384644
0.7663834095001221
0.49406957626342773
0.5777000188827515
0.5344008207321167
0.6175491511821747
0.4641621708869934
0.8129228353500366
0.154152512550354
0.34912121295928955
0.20939981937408447
0.40385228395462036
0.2979801297187805
0.4052355885505676
0.4727240204811096
0.2611088752746582
0.23045969009399414
0.38984620571136475
0.40002286434173584
0.46703583002090454
0.3234972357749939
0.4229498505592346
0.2878170609474182
0.25876688957214355
0.54862841963768
0.28875988721847534
0.24320346117019653
0.3050782084465027
0.29674673080444336
0.414032518863678
0.4449317455291748
0.42257440090179443
0.19811475276947021
0.2728264331817627
0.7214999496936798
0.42419272661209106
0.363502562046051
0.3074147701263428
0.3491939902305603
0.2294057011604309
0.3210605978965759
0.1001771092414856
0.4198855757713318
0.7875382900238037
0.3729960322380066
0.5090232491493225
0.18678760528564453
0.6023496091365814
0.37474751472473145
0.32898879051208496
0.3716367483139038
0.5111308097839355
0.756833478808403
0.5055589973926544
0.6330642998218536
0.5672443211078644
0.5379627645015717
0.41426610946655273
0.5434908866882324
0.4227052927017212
0.4307471513748169
0.48319417238235474
0.48687058687210083
0.26586663722991943
0.4362199902534485
0.4756973385810852
0.6143754422664642
0.4797579050064087
0.46545642614364624
0.44888949394226074
0.4445989727973938
0.588965654373169
0.23174691200256348
0.3781324028968811
0.42795324325561523
0.4441775679588318
0.325374960899353
0.45279771089553833
0.5469731390476227
0.5876094102859497
0.6464299261569977
0.4764362573623657
0.40543609857559204
0.44004034996032715
0.3421323895454407
0.6192682087421417
0.4714917540550232
0.478252112865448
0.48506468534469604
0.33169907331466675
0.578653484582901
0.40265846252441406
0.5634878873825073
0.46135610342025757
0.3335266709327698
0.6397416889667511
0.31926560401916504
0.32207995653152466
0.5341900587081909
0.6892542541027069
0.32344359159469604
0.4859292507171631
0.5200755298137665
0.5487510859966278
0.32653599977493286
0.6399891376495361
0.5017309784889221
0.6281125843524933
0.6959404647350311
0.3901464343070984
0.3262665271759033
0.6307182908058167
0.4767732620239258
0.7397338151931763
0.3960893154144287
0.5745581388473511
0.40654492378234863
0.4280361533164978
0.4021478295326233
0.4283202290534973
0.484279990196228
0.42344123125076294
