0.719854474067688
0.709368884563446
0.6609468460083008
0.4616079330444336
0.38045743107795715
0.6486709713935852
0.5210084319114685
0.5341963171958923
0.33296671509742737
0.6265666484832764
0.7154597640037537
0.7201353311538696
0.6957193613052368
0.7939452528953552
0.8199852108955383
0.7366912364959717
0.7683448195457458
0.7408390641212463
0.7368389368057251
0.7038979530334473
0.7213622331619263
0.3806692659854889
0.7457496523857117
0.5184267163276672
0.4200854003429413
0.633651852607727
0.6078898906707764
0.5790387988090515
0.6019174456596375
0.6083046793937683
0.7931182384490967
0.7371777296066284
0.475193053483963
0.6293891668319702
0.572088360786438
0.41502833366394043
0.7403466701507568
0.47293171286582947
0.44512686133384705
0.4260994791984558
0.4982836842536926
0.6582265496253967
0.6700647473335266
0.5843596458435059
0.4883092939853668
0.6254680156707764
0.48479244112968445
0.5736216306686401
0.3441102206707001
0.40648552775382996
0.48997652530670166
0.6581262946128845
0.3562043011188507
0.6169068217277527
0.36285293102264404
0.47159069776535034
0.6047370433807373
0.271324098110199
0.6044681072235107
0.7081794142723083
0.6982216238975525
0.8369353413581848
0.706099808216095
0.3476949632167816
0.4519871771335602
0.6557667255401611
0.6005294322967529
0.6936968564987183
0.7583625912666321
0.879410982131958
0.6078540086746216
0.6851615309715271
0.51880943775177
0.401726633310318
0.7001726031303406
0.6984862685203552
0.6739920973777771
0.5498862862586975
0.5581309199333191
0.6456505060195923
0.42437195777893066
0.6155937314033508
0.5686666369438171
0.7932050228118896
0.487983375787735
0.6062543392181396
0.6676349639892578
0.5891970992088318
0.6421230435371399
0.444324254989624
0.8008045554161072
0.43745291233062744
0.6471450328826904
0.710345983505249
0.44340887665748596
0.5093204975128174
0.8831913471221924
0.8719456195831299
0.48745477199554443
0.6445603370666504
0.6670180559158325
0.4237684905529022
0.2546462416648865
0.6138622164726257
0.5508163571357727
0.5690283179283142
0.6429294943809509
0.6453675031661987
0.5580558776855469
0.7922799587249756
0.8088908791542053
0.5645962953567505
0.6993904113769531
0.7086462378501892
0.39521437883377075
0.6007007956504822
0.20206916332244873
0.24145230650901794
0.6613315939903259
0.7042299509048462
0.5461729168891907
0.7572718262672424
0.5198184251785278
0.5831385850906372
0.3714660108089447
0.5858554244041443
0.3425340950489044
0.48299694061279297
0.48146724700927734
0.4708811640739441
0.42323437333106995
0.6633890867233276
0.7110911011695862
0.8564969897270203
0.5417028069496155
0.758705735206604
0.6542450189590454
0.6641324758529663
0.6268648505210876
0.6733196377754211
0.7867857813835144
0.6501002907752991
0.5441869497299194
0.5137519836425781
0.48461711406707764
0.6055251955986023
0.5482759475708008
0.5153743624687195
0.6358301639556885
0.49649253487586975
0.6824624538421631
0.5629940032958984
0.7950379848480225
0.6547091007232666
0.40628597140312195
0.7231665849685669
0.5655835866928101
0.5968430042266846
0.5835172533988953
0.5314167141914368
0.6584025621414185
0.4660404622554779
0.5978124737739563
0.6109659671783447
0.4530640244483948
0.6844347715377808
0.6956398487091064
0.45600882172584534
0.6039899587631226
0.6599124670028687
0.4574129581451416
0.611480712890625
0.5222475528717041
0.815403938293457
0.8924339413642883
0.6272367238998413
0.7107540369033813
0.6545910835266113
0.5967004895210266
0.7139066457748413
0.6533370018005371
0.43392178416252136
0.5311762690544128
0.7358998656272888
0.7426959872245789
0.5303402543067932
0.5022896528244019
0.4283246695995331
0.4358886778354645
0.43370237946510315
0.7349684238433838
0.5722898244857788
0.3352171778678894
0.678574800491333
0.44560813903808594
0.5556022524833679
0.6029859185218811
0.6783975958824158
0.48484066128730774
0.6434570550918579
0.6800037026405334
0.553725004196167
0.6691914796829224
0.5553352236747742
0.5726128816604614
0.8276772499084473
0.44367334246635437
0.5804975628852844
0.4843253791332245
0.4507297873497009
0.2763672173023224
0.5338307023048401
0.4213765263557434
0.47182995080947876
0.4075036942958832
0.447748064994812
0.5640053153038025
0.33135658502578735
0.7406876683235168
0.7041390538215637
0.6099444627761841
0.5304791331291199
0.5270414352416992
0.7777434587478638
0.7337055206298828
0.4062488079071045
0.43818122148513794
0.5471978783607483
0.6326248645782471
0.7724592685699463
0.7201343178749084
0.7276456952095032
0.47871628403663635
0.5893876552581787
0.765446126461029
0.5273597240447998
0.5786683559417725
0.730999231338501
0.6874158382415771
0.5112119317054749
0.5762686729431152
0.5123873353004456
0.6530303359031677
0.5519281625747681
0.5078855156898499
0.7028958797454834
0.4938288927078247
0.6867892146110535
0.6243301033973694
0.635894775390625
0.8272690773010254
0.7363351583480835
0.6469177007675171
0.46593645215034485
0.647845983505249
0.6532959938049316
0.5184316635131836
0.5145399570465088
0.6835063099861145
0.5799134969711304
0.7734957933425903
0.4899697005748749
0.449826717376709
0.44195643067359924
0.5750096440315247
0.702370822429657
0.5852586627006531
0.46127352118492126
0.48664844036102295
0.5403239130973816
0.5755237340927124
0.49582439661026
0.6100039482116699
0.47144806385040283
0.40775832533836365
0.5469939112663269
0.46553510427474976
0.5787808895111084
0.47480496764183044
0.6426353454589844
0.44425755739212036
0.46504947543144226
0.3177666962146759
0.3640076518058777
0.5625337958335876
0.42619940638542175
0.7275466322898865
0.38869330286979675
0.43584394454956055
0.5146652460098267
0.6401825547218323
0.583016574382782
0.5666140913963318
0.5916460752487183
0.6409498453140259
0.47531065344810486
0.6297719478607178
0.7384495735168457
0.6400607228279114
0.8886995911598206
0.5611697435379028
0.35459116101264954
0.7435663342475891
0.6891553997993469
0.43200528621673584
0.44642412662506104
0.790097713470459
0.5511913895606995
0.7649315595626831
0.18552172183990479
0.6805639266967773
0.5862147212028503
0.49793460965156555
0.6036590337753296
0.4973739683628082
0.671506404876709
0.6269747614860535
0.5116583108901978
0.5516449809074402
0.6818679571151733
0.6959167122840881
0.5818758010864258
0.601554274559021
0.5837233066558838
0.5823805928230286
0.37640389800071716
0.6442457437515259
0.5818096399307251
0.3591787815093994
0.7081767916679382
0.8067190647125244
0.4877088963985443
0.6060131192207336
0.5607008337974548
0.8168976902961731
0.6235650181770325
0.34030869603157043
0.4326726794242859
0.819337785243988
0.5680469274520874
0.6718024611473083
0.8002903461456299
0.8430972695350647
0.6638160347938538
0.6960436701774597
0.7003592848777771
0.6087684631347656
0.7244967818260193
0.5904256701469421
0.5023730397224426
0.6117280125617981
0.6027916669845581
0.5582293272018433
0.5884829759597778
0.5531116127967834
0.7061691880226135
0.6806744933128357
0.6178293824195862
0.4389008581638336
0.6542112827301025
0.5697568655014038
0.44684699177742004
0.5904339551925659
0.7741878628730774
0.513154149055481
0.6025702357292175
0.6043912768363953
0.5338453054428101
0.6317577362060547
0.8471695780754089
0.6987312436103821
0.3865550458431244
0.5328153967857361
0.48542115092277527
0.6367364525794983
0.7010137438774109
0.6372607946395874
0.788834810256958
0.6815531849861145
0.5697817802429199
0.4156469702720642
0.629418671131134
0.6899124383926392
0.7222011685371399
0.5482164621353149
0.8672963976860046
0.6857951879501343
0.5365200638771057
0.6738665699958801
0.39639928936958313
0.6700689792633057
0.8028678894042969
0.625051736831665
0.7175522446632385
0.5709032416343689
0.6372998952865601
0.5425295829772949
0.7749271988868713
0.6648008227348328
0.6049615740776062
0.6110495328903198
0.5068454146385193
0.5662426948547363
0.5755243897438049
0.5211272239685059
0.6714392900466919
0.6776612997055054
0.5792983770370483
0.6870142817497253
0.5310532450675964
0.7721052765846252
0.824249267578125
0.5615049600601196
0.8055516481399536
0.6830797791481018
0.6529372930526733
0.5245084166526794
0.6980365514755249
0.46526357531547546
0.6781887412071228
0.7437289357185364
0.4629043638706207
0.6311115026473999
0.7257861495018005
0.6524489521980286
0.5381002426147461
0.6014091968536377
0.6821979880332947
0.8588431477546692
0.8039028644561768
0.6999108791351318
0.7607729434967041
0.4007755517959595
0.6808215379714966
0.6854310035705566
0.3017105460166931
0.5902270078659058
0.48570525646209717
0.567305862903595
0.5516452789306641
0.45994889736175537
0.6731231808662415
0.6502665281295776
0.551924467086792
0.5529980659484863
0.5641332268714905
0.6407020092010498
0.7492077350616455
0.5085093379020691
0.7617257237434387
0.5439565777778625
0.6912950277328491
0.5885317325592041
0.531233012676239
0.42538323998451233
0.5534323453903198
0.51869797706604
0.46896833181381226
0.574950098991394
0.6161081194877625
0.6263699531555176
0.5550812482833862
0.6746311783790588
0.6298055648803711
0.5066360831260681
0.6092961430549622
0.6022353768348694
0.5306901931762695
0.5865161418914795
0.6309987902641296
0.5399753451347351
0.43266960978507996
0.5217209458351135
0.6504102945327759
0.567852795124054
0.7748151421546936
0.5798532962799072
0.4645528197288513
0.29702386260032654
0.5311808586120605
0.4297153949737549
0.29169636964797974
0.6915315985679626
0.6312166452407837
0.7204055786132812
0.5967881679534912
0.5454537272453308
0.6909201145172119
0.6486230492591858
0.5885972380638123
0.5629943609237671
0.4184825122356415
0.6403874158859253
0.584052562713623
0.5890734791755676
0.6678123474121094
0.6590759754180908
0.4684048295021057
0.5671283602714539
0.6634950041770935
0.45350831747055054
0.5277998447418213
0.6404002904891968
0.8295372724533081
0.6090681552886963
0.598448634147644
0.5221986770629883
0.5932223796844482
0.5298444032669067
0.4673807919025421
0.36462920904159546
0.6793265342712402
0.47503897547721863
0.747844934463501
0.5329367518424988
0.5928112864494324
0.3404504656791687
0.7093052864074707
0.443450391292572
0.5622953176498413
0.7921808958053589
0.7351663112640381
0.6469957828521729
0.7708583474159241
0.5173422694206238
0.463700532913208
0.47025781869888306
0.6511630415916443
0.5686656832695007
0.5065863728523254
0.5972431898117065
0.5515440106391907
0.6384413838386536
0.37691304087638855
0.6871097087860107
0.5110086798667908
0.6731858849525452
0.7183390855789185
0.7060228586196899
0.38851046562194824
0.5093480348587036
0.6423496007919312
0.6775975227355957
0.5993456244468689
0.5583409070968628
0.7469586730003357
0.6816750168800354
0.39043697714805603
0.7778825759887695
0.7758444547653198
0.6987850069999695
0.6455341577529907
0.6715925931930542
0.34930238127708435
0.6692660450935364
0.7131017446517944
0.9160218834877014
0.6832237839698792
0.3443717062473297
0.39556246995925903
0.5566707849502563
0.8394688367843628
0.4668264091014862
0.6775975227355957
0.7430605292320251
0.3966936767101288
0.7120962738990784
0.3905292749404907
0.6065710186958313
0.6252396702766418
0.29005882143974304
0.6709081530570984
0.43526461720466614
0.6101155281066895
0.7930698990821838
0.6600167155265808
0.6440970301628113
0.8058530688285828
0.5579351186752319
0.6257579326629639
0.6797320246696472
0.6257739663124084
0.4870510399341583
0.6717127561569214
0.4781421422958374
0.797236442565918
0.6488451957702637
0.5490819811820984
0.6325423121452332
0.5419225692749023
0.3103010952472687
0.7442763447761536
0.6918747425079346
0.5658955574035645
0.6685983538627625
0.5818672776222229
0.521937906742096
0.7192168831825256
0.5521062612533569
0.7882963418960571
0.574492335319519
0.47887077927589417
0.7199026346206665
0.5588274598121643
0.5398054718971252
0.6524127125740051
0.6791084408760071
0.6828035712242126
0.6910259127616882
0.5755640864372253
0.7451964616775513
0.5617159008979797
0.6204960346221924
0.469470351934433
0.4459332525730133
0.48729828000068665
0.7678395509719849
0.6813297271728516
0.5920623540878296
0.7467814683914185
0.6480717062950134
0.7412095069885254
0.6599134206771851
0.5465031862258911
0.74703049659729
0.6662366390228271
0.6123743653297424
0.34944239258766174
0.5096963047981262
0.39278358221054077
0.5885636210441589
0.6512198448181152
0.7457960844039917
0.5708730220794678
0.4781024754047394
0.5162058472633362
0.42700716853141785
0.5367140173912048
0.3851547837257385
0.594485342502594
0.7086811661720276
0.38605764508247375
0.6707606911659241
0.519544243812561
0.47725531458854675
0.46394792199134827
0.3791027367115021
0.6460558772087097
0.5862109065055847
0.391354501247406
0.24332070350646973
0.4537300765514374
0.4152536392211914
0.43246081471443176
0.43075263500213623
0.4554097354412079
0.6061391234397888
0.5143617987632751
0.6007698178291321
0.3946181535720825
0.21512308716773987
0.674568235874176
0.5706429481506348
0.6662192344665527
0.4559677243232727
0.6870614290237427
0.5896943807601929
0.41853955388069153
0.5651022791862488
0.5916733741760254
0.4225200116634369
0.4975365400314331
0.4246392846107483
0.39312148094177246
0.5201646685600281
0.503035843372345
0.5844517350196838
0.531696081161499
0.5407047271728516
0.518945574760437
0.2849378287792206
0.44946733117103577
0.3881946802139282
0.6745646595954895
0.7503179311752319
0.41172948479652405
0.6640748977661133
0.47986969351768494
0.44273802638053894
0.5002414584159851
0.5019358992576599
0.6513102650642395
0.5532428026199341
0.5726391077041626
0.9015465974807739
0.6427289843559265
0.595841646194458
0.45307087898254395
0.5722228288650513
0.4593948721885681
0.5361337661743164
0.5715684294700623
0.8552968502044678
0.6711190342903137
0.5373316407203674
0.7484933137893677
0.3614453971385956
0.733608067035675
0.41335466504096985
0.583600640296936
0.8114070296287537
0.6669904589653015
0.8032696843147278
0.46772652864456177
0.5916119813919067
0.7267923951148987
0.5917879939079285
0.6089051961898804
0.5534653067588806
0.4484541714191437
0.4452013075351715
0.49986982345581055
0.40515390038490295
0.3527173101902008
0.5110172033309937
0.6596000790596008
0.6800885796546936
0.6674847602844238
0.4984176456928253
0.31481295824050903
0.6200575828552246
0.5999942421913147
0.7407374978065491
0.4908221364021301
0.4544433653354645
0.4727562665939331
0.6006003618240356
0.4657857120037079
0.49442997574806213
0.4926622211933136
0.6258421540260315
0.4576106667518616
0.4004591405391693
0.5226409435272217
0.5066187977790833
0.38385048508644104
0.47500312328338623
0.4080587327480316
0.5020898580551147
0.34326171875
0.4256793260574341
0.5814529657363892
0.4931861162185669
0.4752601981163025
0.6530699729919434
0.4583112299442291
0.592721700668335
0.5374534726142883
0.5651248097419739
0.716662585735321
0.585252583026886
0.5920563340187073
0.38744020462036133
0.3413473069667816
0.46458595991134644
0.571042001247406
0.38506463170051575
0.34698957204818726
0.4511333703994751
0.4371742606163025
0.42312246561050415
0.28723475337028503
0.32957619428634644
0.3744688630104065
0.46095484495162964
0.3922496438026428
0.26172810792922974
0.4230974614620209
0.403470516204834
0.49267008900642395
0.63531893491745
0.5023733377456665
0.5953836441040039
0.5772590041160583
0.35085782408714294
0.5153312683105469
0.3744826912879944
0.26177698373794556
0.7377955317497253
0.39950481057167053
0.7558867335319519
0.312151163816452
0.21515613794326782
0.4356054365634918
0.6775975227355957
0.7032206654548645
0.8015896677970886
0.37514519691467285
0.440957635641098
0.6775975227355957
0.356285035610199
0.7090633511543274
0.6093822717666626
0.687017023563385
0.6750584244728088
0.7893085479736328
0.6300129890441895
0.2696857452392578
0.5064345598220825
0.3973672091960907
0.5817670822143555
0.5867154598236084
0.47948479652404785
0.6064254641532898
0.4582952857017517
0.7170997858047485
0.6374592185020447
0.5082135796546936
0.6822767853736877
0.4655601680278778
0.5254347920417786
0.6823499202728271
0.6376635432243347
0.4721880853176117
0.534570038318634
0.8393409252166748
0.4347854554653168
0.609836220741272
0.4896470606327057
0.6064234972000122
0.6136197447776794
0.2607879340648651
0.4792831242084503
0.7687366604804993
0.6640409827232361
0.7890951037406921
0.7896009683609009
0.7901938557624817
0.5829679369926453
0.43791717290878296
0.5818443894386292
0.6500957608222961
0.34561699628829956
0.43318408727645874
0.5178327560424805
0.5984567999839783
0.5652212500572205
0.6866840124130249
0.7554498314857483
0.5356730222702026
0.4428495764732361
0.5477723479270935
0.6620089411735535
0.647153913974762
0.5037322044372559
0.46137815713882446
0.4508936107158661
0.5292125344276428
0.6753714680671692
0.6313536763191223
0.5596492886543274
0.42229026556015015
0.574073314666748
0.6414004564285278
0.4909776449203491
0.4354337453842163
0.7006438970565796
0.4502207934856415
0.7054945826530457
0.7084726095199585
0.4354424476623535
0.504562497138977
0.7255203723907471
0.36413225531578064
0.4343191981315613
0.5557864904403687
0.6140776872634888
0.6985586285591125
0.645330548286438
0.5199614763259888
0.6324037313461304
0.48396793007850647
0.45143768191337585
0.5542081594467163
0.5875352621078491
0.6000885367393494
0.5690224766731262
0.5722272396087646
0.5684829950332642
0.6642357707023621
0.4137572944164276
0.2707216739654541
0.4916982650756836
0.5331083536148071
0.6941875219345093
0.679747462272644
0.3835924565792084
0.7413560152053833
0.6797024011611938
0.7848537564277649
0.46164149045944214
0.800322949886322
0.7186413407325745
0.47611987590789795
0.4775363802909851
0.3964979350566864
0.5359400510787964
0.7063413858413696
0.27429622411727905
0.8130335807800293
0.61026930809021
0.6406924724578857
0.2939000427722931
0.38152408599853516
0.5594198703765869
0.6868568062782288
0.36768338084220886
0.5970633029937744
0.28135913610458374
0.556180477142334
0.5492856502532959
0.5213766098022461
0.814992368221283
0.6972391605377197
0.6541711688041687
0.40367910265922546
0.6354859471321106
0.6804540753364563
0.30390599370002747
0.5808895230293274
0.71108078956604
0.4505200982093811
0.5098652839660645
0.28888940811157227
0.8158268332481384
0.29374924302101135
0.8023319840431213
0.6556084156036377
0.513409435749054
0.3012915551662445
0.3871537446975708
0.6014233827590942
0.5153516530990601
0.3595060110092163
0.5230251550674438
0.6064594388008118
0.672124445438385
0.4446016252040863
0.6766906380653381
0.6051542162895203
0.5677438378334045
0.4728080630302429
0.5611773133277893
0.7485293745994568
0.6612546443939209
0.443042516708374
0.7360194325447083
0.24480095505714417
0.46334001421928406
0.5420752763748169
0.39758676290512085
0.719272792339325
0.4343172609806061
0.6626303195953369
0.44084951281547546
0.532353401184082
0.49046480655670166
0.49200594425201416
0.6535258889198303
0.3661663234233856
0.718815803527832
0.5753978490829468
0.5490794777870178
0.664666473865509
0.7709211111068726
0.3587523102760315
0.33642709255218506
0.48768430948257446
0.6122110486030579
0.4142043888568878
0.4494864344596863
0.6893077492713928
0.5486528873443604
0.629694938659668
0.44133010506629944
0.34745359420776367
0.4119200110435486
0.31478455662727356
0.6099938750267029
0.550938606262207
0.17452923953533173
0.6916185617446899
0.5698947310447693
0.47489646077156067
0.47298580408096313
0.20008812844753265
0.4997827410697937
0.23664698004722595
0.39818018674850464
0.4673137962818146
0.905605673789978
0.5262830853462219
0.5085106492042542
0.38048818707466125
0.42943236231803894
0.2920890748500824
0.5372698307037354
0.613770067691803
0.43057137727737427
0.3763056993484497
0.4680114984512329
0.5892661809921265
0.6543819904327393
0.6182358264923096
0.5874437689781189
0.24403053522109985
0.7426764369010925
0.47813650965690613
0.5172390937805176
0.17481331527233124
0.4245293140411377
0.5199444890022278
0.5055636167526245
0.4004267454147339
0.5189371109008789
0.45978301763534546
0.2483852058649063
0.4934786260128021
0.7440425753593445
0.6597392559051514
0.6068511605262756
0.40988242626190186
0.5023447275161743
0.5664710998535156
0.4306182861328125
0.6043028235435486
0.616170346736908
0.5288803577423096
0.8395785689353943
0.6005269289016724
0.6185929775238037
0.399796724319458
0.6223874688148499
0.46912798285484314
0.5035545229911804
0.5788417458534241
0.4525693356990814
0.5932866930961609
0.4036919176578522
0.6087225079536438
0.8217430114746094
0.5136266946792603
0.42053213715553284
0.5983400344848633
0.756994903087616
0.3481275141239166
0.6017329692840576
0.5197966694831848
0.46058517694473267
0.5300248861312866
0.3795645833015442
0.7582535743713379
0.4582660496234894
0.4962279796600342
0.6649507880210876
0.512108564376831
0.3507055342197418
0.37263092398643494
0.43252086639404297
0.4862787127494812
0.5438955426216125
0.3412367105484009
0.5731316208839417
0.5581645965576172
0.5940915942192078
0.5465120673179626
0.4310664236545563
0.638710618019104
0.7304179072380066
0.26845583319664
0.5039914846420288
0.7220969796180725
0.4111608564853668
0.5986716151237488
0.6161513328552246
0.5335291028022766
0.8139990568161011
0.287861168384552
0.4777281582355499
0.5317381620407104
0.19108428061008453
0.5670862793922424
0.2097547948360443
0.3686513900756836
0.3348780870437622
0.30966416001319885
0.2940906286239624
0.8157761096954346
0.4543309509754181
0.6902181506156921
0.4528033435344696
0.29897764325141907
0.1932336986064911
0.5736357569694519
0.6767269968986511
0.3536832332611084
0.5456121563911438
0.6180955171585083
0.5789468884468079
0.44918709993362427
0.4952722191810608
0.3466991186141968
0.6114985346794128
0.6687770485877991
0.46674615144729614
0.36156708002090454
0.26966777443885803
0.32396581768989563
0.5550394058227539
0.18951387703418732
0.30425992608070374
0.22010870277881622
0.4804121255874634
0.44695165753364563
0.6250451803207397
0.4235258400440216
0.7579944729804993
0.523284375667572
0.4878010153770447
0.2753651738166809
0.3672948479652405
0.43329066038131714
0.5123786330223083
0.38973739743232727
0.7253122329711914
0.6259394288063049
0.49848827719688416
0.5571401119232178
0.6272011399269104
0.5709901452064514
0.5747165679931641
0.5065825581550598
0.6300548315048218
0.8151123523712158
0.3733404874801636
0.5810935497283936
0.40726932883262634
0.3427543342113495
0.7636817097663879
0.529912531375885
0.6492091417312622
0.44351187348365784
0.6013976335525513
0.49447134137153625
0.4890594482421875
0.49345895648002625
0.34356603026390076
0.4748050272464752
0.5387229919433594
0.5568993091583252
0.48164066672325134
0.38137951493263245
0.5184991359710693
0.5075257420539856
0.40145695209503174
0.4900148808956146
0.7759578824043274
0.4813024401664734
0.5970545411109924
0.6126301288604736
0.5634937882423401
0.5515177845954895
0.31696194410324097
0.6914007067680359
0.5696694850921631
0.8260276317596436
0.6066470742225647
0.5103060007095337
0.4474015533924103
0.44089990854263306
0.6412964463233948
0.6085253357887268
0.14932461082935333
0.519866943359375
0.44458675384521484
0.6905782222747803
0.6381273865699768
0.4830526113510132
0.4425695836544037
0.43203744292259216
0.41987738013267517
0.20756995677947998
0.5807541608810425
0.6359136700630188
0.4195081889629364
0.5612691640853882
0.668842077255249
0.40499264001846313
0.4274557828903198
0.12819220125675201
0.5568949580192566
0.3486729860305786
0.7300220131874084
0.7720056772232056
0.8665246963500977
0.41656994819641113
0.6872579455375671
0.30459561944007874
0.24694418907165527
0.38752344250679016
0.4673525393009186
0.5250024795532227
0.4627527892589569
0.5390280485153198
0.4149845242500305
0.37690499424934387
0.7575954794883728
0.259998619556427
0.42984068393707275
0.555233895778656
0.28076767921447754
0.48346152901649475
0.5833085179328918
0.3175657391548157
0.17032045125961304
0.5095783472061157
0.47755861282348633
0.30819037556648254
0.4547308683395386
0.7034962773323059
0.5598803758621216
0.6775975227355957
0.2409229427576065
0.3799574375152588
0.44242435693740845
0.29293304681777954
0.5692569017410278
0.44806182384490967
0.513363242149353
0.7972400784492493
0.6431562900543213
0.6402832269668579
0.5681185722351074
0.595066487789154
0.4559761881828308
0.5214390158653259
0.5248720645904541
0.6132354736328125
0.5776685476303101
0.7103402018547058
0.5754685997962952
0.6280413866043091
0.36553943157196045
0.5491783618927002
0.5021809339523315
0.7149546146392822
0.5287010073661804
0.5259011387825012
0.4202331006526947
0.726473331451416
0.636896550655365
0.6035869717597961
0.5106807351112366
0.48936545848846436
0.5554145574569702
0.7680312395095825
0.5832812190055847
0.5648472905158997
0.5331010818481445
0.3635523021221161
0.40221503376960754
0.6125494241714478
0.5153003334999084
0.49721020460128784
0.49342721700668335
0.47308069467544556
0.46914243698120117
0.43964481353759766
0.4536161422729492
0.7448740601539612
0.4322057068347931
0.34745049476623535
0.6603525280952454
0.6403395533561707
0.634535014629364
0.7149324417114258
0.5090723037719727
0.6310967803001404
0.38968944549560547
0.827495813369751
0.6141929626464844
0.5000983476638794
0.5976585745811462
0.6499992609024048
0.5399512648582458
0.5723572969436646
0.5222060084342957
0.4874437749385834
0.6137109994888306
0.5837334394454956
0.4315410256385803
0.41884636878967285
0.8069874048233032
0.6139461398124695
0.7796512246131897
0.5790949463844299
0.39269179105758667
0.46991005539894104
0.6731760501861572
0.4173418879508972
0.4997832179069519
0.3921663761138916
0.5475446581840515
0.4394581615924835
0.5107869505882263
0.22985723614692688
0.4370570480823517
0.4202928841114044
0.4875713884830475
0.333202600479126
0.4860963821411133
0.6858680248260498
0.6593722105026245
0.4895079433917999
0.6876391768455505
0.47284603118896484
0.7062304019927979
0.3885486125946045
0.4232642948627472
0.6775975227355957
0.6750867962837219
0.2687223255634308
0.5958744883537292
0.3635580837726593
0.761863112449646
0.5175453424453735
0.622870147228241
0.2568607032299042
0.4442412257194519
0.6869754791259766
0.4959210455417633
0.5496644973754883
0.48757925629615784
0.8071839213371277
0.6463165879249573
0.6387141942977905
0.580848217010498
0.5295438170433044
0.5391110777854919
0.6023136377334595
0.5938949584960938
0.6690067052841187
0.5745413303375244
0.7213841080665588
0.6532278060913086
0.6645609736442566
0.6785866618156433
0.5873252749443054
0.7978962659835815
0.39950764179229736
0.5531665086746216
0.5081630349159241
0.45643603801727295
0.6938138008117676
0.5960777401924133
0.6682292819023132
0.5777348279953003
0.4513818919658661
0.6598527431488037
0.2773215174674988
0.6970652341842651
0.5310552716255188
0.648273766040802
0.3412288427352905
0.671309769153595
0.5257871747016907
0.5909973978996277
0.31892144680023193
0.3757331073284149
0.6155571937561035
0.48269927501678467
0.5657491087913513
0.5553960204124451
0.4984871447086334
0.7361571192741394
0.5597324967384338
0.6878755688667297
0.6981840133666992
0.5206702947616577
0.5671770572662354
0.7127746939659119
0.543394923210144
0.650499165058136
0.5598488450050354
0.6659988760948181
0.6166505217552185
0.5930332541465759
0.646994948387146
0.36505571007728577
0.5215497612953186
0.4878430962562561
0.6533806920051575
0.5220445990562439
0.6137133836746216
0.7660974860191345
0.4445282816886902
0.5553376078605652
0.605305552482605
0.47719040513038635
0.6660455465316772
0.609259307384491
0.5395092964172363
0.6048328280448914
0.6389269232749939
0.6795762777328491
0.5048040151596069
0.5289393663406372
0.721309244632721
0.4875313937664032
0.6233245134353638
0.4457762539386749
0.5160491466522217
0.5201427936553955
0.47726717591285706
0.4984971284866333
0.4205000400543213
0.5442618727684021
0.5046115517616272
0.793630838394165
0.7619576454162598
0.641426682472229
0.5346689224243164
0.45341816544532776
0.4459657371044159
0.32549986243247986
0.44425690174102783
0.3423702120780945
0.4371640980243683
0.4361618459224701
0.377961128950119
0.3150850832462311
0.37318798899650574
0.4811023771762848
0.531070351600647
0.27470144629478455
0.42859429121017456
0.624481737613678
0.6726901531219482
0.43680089712142944
0.38819217681884766
0.30868205428123474
0.4262736141681671
0.5622837543487549
0.48446446657180786
0.6259589791297913
0.3584935963153839
0.35319456458091736
0.6109715104103088
0.2808302044868469
0.5589122176170349
0.6907817721366882
0.4812876582145691
0.7252928614616394
0.31083014607429504
0.38973820209503174
0.40097078680992126
0.40362349152565
0.5931745171546936
0.4534176290035248
0.23083315789699554
0.36508235335350037
0.2699548602104187
0.197303906083107
0.4385206401348114
0.3141348361968994
0.334066778421402
0.5273213386535645
0.2528841197490692
0.49326249957084656
0.41540050506591797
0.354629784822464
0.508537232875824
0.42312443256378174
0.8133054375648499
0.5612587332725525
0.5158421993255615
0.4470415413379669
0.2868380844593048
0.3033207058906555
0.42234015464782715
0.565066933631897
0.43011656403541565
0.5637953877449036
0.568372368812561
0.8698471188545227
0.455228328704834
0.23408904671669006
0.33578479290008545
0.42393362522125244
0.3529322147369385
0.5602183938026428
0.41789430379867554
0.3753143548965454
0.5934317111968994
0.5144054293632507
0.4994821548461914
0.38629066944122314
0.5007882714271545
0.24239541590213776
0.3636181652545929
0.5249906778335571
0.12874819338321686
0.5840398669242859
0.19202983379364014
0.37331750988960266
0.448869913816452
0.42802050709724426
0.4117496907711029
0.687030017375946
0.3280787765979767
0.4415045380592346
0.5490370988845825
0.23224268853664398
0.4150170087814331
0.31998804211616516
0.5615319609642029
0.31899598240852356
0.5920770764350891
0.3579196333885193
0.17438922822475433
0.34750887751579285
0.45932456851005554
0.6775975227355957
0.45336031913757324
0.45806998014450073
0.42301222681999207
0.3481579124927521
0.7200111150741577
0.29441356658935547
0.6483798623085022
0.4384165108203888
0.4093135893344879
0.3989779055118561
0.4192231595516205
0.38176363706588745
0.27029746770858765
0.24707262217998505
0.48825275897979736
0.6365401148796082
0.3719976842403412
0.5425939559936523
0.1719302237033844
0.6099883913993835
0.6019443869590759
0.4238719940185547
0.5652540922164917
0.4561527371406555
0.41681918501853943
0.5587737560272217
0.3588081896305084
0.27009326219558716
0.5578402280807495
0.4719502627849579
0.4032435715198517
0.42052367329597473
0.6133818030357361
0.42504915595054626
0.4051344394683838
0.3644647002220154
0.5339704155921936
0.5187922120094299
0.6153684258460999
0.5014837980270386
0.4862958490848541
0.3549416661262512
0.45721060037612915
0.7617648839950562
0.498295396566391
0.602587103843689
0.7149825096130371
0.3514033854007721
0.5842007994651794
0.3980046808719635
0.6456881761550903
0.23107090592384338
0.5683934688568115
0.38103270530700684
0.4934881925582886
0.4928160309791565
0.3636695444583893
0.32915881276130676
0.6257553100585938
0.43800610303878784
0.354937344789505
0.38867121934890747
0.4055687487125397
0.41612982749938965
0.4069236218929291
0.43125301599502563
0.20345363020896912
0.32964664697647095
0.4618914723396301
0.5218106508255005
0.4145621657371521
0.6083423495292664
0.36227524280548096
0.5175108313560486
0.5039553642272949
0.41244927048683167
0.34564217925071716
0.4374357759952545
0.8383601903915405
0.33102738857269287
0.4329296946525574
0.394553542137146
0.27533990144729614
0.5043625831604004
0.4136299788951874
0.2755388021469116
0.6728013753890991
0.4895309507846832
0.6478683948516846
0.5621522665023804
0.13431449234485626
0.43284305930137634
0.6309918761253357
0.7268539071083069
0.7512392401695251
0.4937622547149658
0.8660869598388672
0.48860687017440796
0.5774786472320557
0.649507999420166
0.3285994529724121
0.6259142756462097
0.45637354254722595
0.7273032069206238
0.7756296992301941
0.33366045355796814
0.4789046049118042
0.5754671096801758
0.47163915634155273
0.61977219581604
0.6355730295181274
0.7512098550796509
0.4008088707923889
0.4816380441188812
0.734621524810791
0.8463894128799438
0.6410537362098694
0.5332212448120117
0.5966309905052185
0.5202656388282776
0.4462987780570984
0.5350466966629028
0.6732603907585144
0.48139721155166626
0.490011990070343
0.574570894241333
0.7102451920509338
0.8985691070556641
0.7574757933616638
0.5008198022842407
0.4090237617492676
0.8040298819541931
0.4529253840446472
0.4231850206851959
0.5610026121139526
0.696517288684845
0.5724935531616211
0.6114971041679382
0.5453821420669556
0.6001371741294861
0.691978394985199
0.5483831763267517
0.7157179117202759
0.5079687237739563
0.5266031622886658
0.5478504300117493
0.6843159794807434
0.5632648468017578
0.6517519354820251
0.4368244707584381
0.40174320340156555
0.7021126747131348
0.44586125016212463
0.5740655660629272
0.5950512886047363
0.7118391394615173
0.4961528182029724
0.6568429470062256
0.4106951653957367
0.6626429557800293
0.7149949073791504
0.6100618839263916
0.5372776389122009
0.6951503753662109
0.5199099779129028
0.6552435159683228
0.7350921630859375
0.6466904282569885
0.6460458636283875
0.3805123567581177
0.5806057453155518
0.32510513067245483
0.7572328448295593
0.5922545194625854
0.6795922517776489
0.589641809463501
0.7394816875457764
0.472513884305954
0.42729777097702026
0.7394171953201294
0.563677191734314
0.5985373258590698
0.5951365232467651
0.5742942690849304
0.8647850751876831
0.5124507546424866
0.5080485939979553
0.2247375100851059
0.6134101748466492
0.5775089859962463
0.35716697573661804
0.6871134638786316
0.6574798822402954
0.3612300753593445
0.7473349571228027
0.5238889455795288
0.6851149797439575
0.7255843877792358
0.5298396944999695
0.6134941577911377
0.5883880257606506
0.613624095916748
0.7079347968101501
0.6623814702033997
0.555448055267334
0.3484143018722534
0.5358172059059143
0.5257140398025513
0.47677290439605713
0.5479186773300171
0.5562006831169128
0.7087815403938293
0.6533858776092529
0.487618088722229
0.8983360528945923
0.42520302534103394
0.6807093620300293
0.6963973641395569
0.7605565190315247
0.42335814237594604
0.7099471688270569
0.6729124188423157
0.5225564241409302
0.6492993235588074
0.6637758612632751
0.8557890057563782
0.49389219284057617
0.7204645276069641
0.6430062651634216
0.6131807565689087
0.7688452005386353
0.5857982039451599
0.74446040391922
0.5151030421257019
0.6361347436904907
0.4856228828430176
0.6031011343002319
0.16910892724990845
0.6839134097099304
0.6820011138916016
0.48702380061149597
0.5914379954338074
0.42754822969436646
0.5483596324920654
0.6926965117454529
0.6720890402793884
0.6625422835350037
0.6775975227355957
0.6226649284362793
0.6113662123680115
0.7920782566070557
0.39369967579841614
0.49106037616729736
0.4282572269439697
0.5300653576850891
0.38844603300094604
0.7301298379898071
0.3889285922050476
0.7404806613922119
0.4650743007659912
0.5721651911735535
0.4887942969799042
0.6335797905921936
0.4625804126262665
0.8878934979438782
0.42450273036956787
0.6017099618911743
0.5613977313041687
0.9112012386322021
0.8147193789482117
0.5028595924377441
0.7748743891716003
0.6684017777442932
0.6011511087417603
0.6990100145339966
0.48811888694763184
0.6266034245491028
0.6875521540641785
0.601936936378479
0.5187862515449524
0.6410845518112183
0.5749660730361938
0.6345992684364319
0.4697713553905487
0.6634395718574524
0.7267972826957703
0.44819173216819763
0.6530143022537231
0.3626698851585388
0.6193112134933472
0.5717528462409973
0.6284982562065125
0.25556454062461853
0.5816887021064758
0.5223957300186157
0.5301701426506042
0.7751376628875732
0.5932390689849854
0.733860969543457
0.7196972966194153
0.7034565806388855
0.5973027944564819
0.7456082105636597
0.7874072194099426
0.8526377081871033
0.8638729453086853
0.5276839137077332
0.7792208194732666
0.4914449155330658
0.44083353877067566
0.5105937719345093
0.47109147906303406
0.4734326899051666
0.5767699480056763
0.43561819195747375
0.42270568013191223
0.6824070811271667
0.46538546681404114
0.3857123553752899
0.6593182682991028
0.5881193280220032
0.5311311483383179
0.29080164432525635
0.3881421685218811
0.5356976985931396
0.5539565086364746
0.18502749502658844
0.37400689721107483
0.5845121145248413
0.41253769397735596
0.4775555431842804
0.49145635962486267
0.45626330375671387
0.6169986128807068
0.5809503197669983
0.4118364453315735
0.3137909770011902
0.46042338013648987
0.6702377796173096
0.3892212510108948
0.2961253821849823
0.2971689999103546
0.5279681086540222
0.5969356894493103
0.42661622166633606
0.6473575234413147
0.6604207158088684
0.5025599002838135
0.5319388508796692
0.44137465953826904
0.5291973352432251
0.44899556040763855
0.6099442839622498
0.27911141514778137
0.49721890687942505
0.6516386270523071
0.5182284712791443
0.47815626859664917
0.6380906701087952
0.5138458013534546
0.6202113032341003
0.45226234197616577
0.3627190589904785
0.5999279022216797
0.70047926902771
0.658600389957428
0.40951016545295715
0.4983377456665039
0.3945753872394562
0.24918779730796814
0.48825979232788086
0.5394480228424072
0.3138473927974701
0.428326815366745
0.4411042332649231
0.5984790325164795
0.7891077399253845
0.5275848507881165
0.48177555203437805
0.3966110348701477
0.48724085092544556
0.6358793377876282
0.5708110928535461
0.40698477625846863
0.2816450595855713
0.5226740837097168
0.5947224497795105
0.4907272756099701
0.3811882734298706
0.5107225775718689
0.3636631369590759
0.4284791052341461
0.38106095790863037
0.2938763499259949
0.2888273000717163
0.4044240713119507
0.75031977891922
0.44367101788520813
0.45707371830940247
0.413418710231781
0.17701925337314606
0.22382228076457977
0.46040233969688416
0.38749948143959045
0.39249715209007263
0.4998303949832916
0.37885403633117676
0.45618101954460144
0.6309612989425659
0.31951281428337097
0.5226761698722839
0.4391697347164154
0.4686555564403534
0.41201484203338623
0.6277926564216614
0.5723193287849426
0.448091059923172
0.41308078169822693
0.6809674501419067
0.5453344583511353
0.5009920001029968
0.5642256736755371
0.21501688659191132
0.4968999922275543
0.5050262808799744
0.4221864640712738
0.6071783900260925
0.7676487565040588
0.561048150062561
0.5476645231246948
0.6107315421104431
0.3966456949710846
0.5605091452598572
0.6775975227355957
0.36031395196914673
0.366995632648468
0.4584310054779053
0.27720677852630615
0.34253808856010437
0.5224265456199646
0.41692328453063965
0.5221337676048279
0.611813485622406
0.4593314826488495
0.7643595337867737
0.5701849460601807
0.8249933123588562
0.7503827214241028
0.6343019008636475
0.5417079925537109
0.4906994104385376
0.7625897526741028
0.41975703835487366
0.6553779244422913
0.45887291431427
0.37773558497428894
0.63694828748703
0.47753822803497314
0.761553943157196
0.3805411756038666
0.5066806674003601
0.4780428409576416
0.7077025175094604
0.46465960144996643
0.6257869005203247
0.620204508304596
0.44163286685943604
0.5203412771224976
0.4242193102836609
0.5596936345100403
0.640960693359375
0.39584314823150635
0.5632728338241577
0.658426821231842
0.7750265598297119
0.35022518038749695
0.392061322927475
0.503868818283081
0.4871159493923187
0.6292726397514343
0.586901843547821
0.6170125603675842
0.3394404351711273
0.44770723581314087
0.3132248818874359
0.47335684299468994
0.5863801836967468
0.528810977935791
0.5855900645256042
0.3238721191883087
0.2870139479637146
0.6253447532653809
0.6020542979240417
0.6216558218002319
0.5163940787315369
0.4816160202026367
0.3027653992176056
0.49551233649253845
0.4665271043777466
0.46863046288490295
0.39419183135032654
0.5468100905418396
0.6200395822525024
0.5468100905418396
0.352732390165329
0.24304896593093872
0.6803924441337585
0.4666304290294647
0.563666045665741
0.6319929361343384
0.5407978296279907
0.5358148217201233
0.47993868589401245
0.4170891344547272
0.49367791414260864
0.4367218315601349
0.5146719813346863
0.6866884231567383
0.6625266671180725
0.6800306439399719
0.5369630455970764
0.5310570597648621
0.47080984711647034
0.5537302494049072
0.6908533573150635
0.47022682428359985
0.6697041988372803
0.7535627484321594
0.6163512468338013
0.723583459854126
0.5965855717658997
0.7242197394371033
0.8137544989585876
0.6764896512031555
0.5288509726524353
0.7088377475738525
0.5597566366195679
0.6040927171707153
0.4502835273742676
0.5225943326950073
0.6718565821647644
0.7209046483039856
0.7177345752716064
0.6253257989883423
0.7571407556533813
0.6456204056739807
0.46508243680000305
0.5402364730834961
0.7362422347068787
0.7350693345069885
0.527859091758728
0.8509371280670166
0.5182120203971863
0.7393888831138611
0.472435861825943
0.36862578988075256
0.3770313262939453
0.7212592959403992
0.6186606884002686
0.6504765748977661
0.6634688973426819
0.7162410616874695
0.6135666370391846
0.772465169429779
0.6604315042495728
0.7726882696151733
0.5011824369430542
0.6383990049362183
0.49759697914123535
0.6680333614349365
0.38661450147628784
0.8775165677070618
0.5020952224731445
0.5151993632316589
0.5818902850151062
0.8545511960983276
0.5408690571784973
0.6693115830421448
0.3642588257789612
0.6378468871116638
0.4829505383968353
0.36982572078704834
0.40832069516181946
0.40447935461997986
0.3768984377384186
0.44398292899131775
0.48261943459510803
0.42064350843429565
0.4285667836666107
0.34186989068984985
0.5555784702301025
0.3939577043056488
0.51405268907547
0.7609038352966309
0.43867453932762146
0.4124411344528198
0.7486997842788696
0.48230788111686707
0.43673285841941833
0.6595667004585266
0.3848506510257721
0.37500086426734924
0.5947926640510559
0.6162754893302917
0.35229572653770447
0.7671919465065002
0.4462645649909973
0.6775975227355957
0.4856112003326416
0.5953271389007568
0.3284744620323181
0.5924467444419861
0.6127821803092957
0.40696313977241516
0.2837415933609009
0.4678383767604828
0.40295836329460144
0.5507429242134094
0.3650483787059784
0.3228638172149658
0.8099939823150635
0.5627235174179077
0.6418561339378357
0.8814287185668945
0.5214239954948425
0.6514735817909241
0.5865846276283264
0.6522241234779358
0.6955636739730835
0.6425594091415405
0.40833356976509094
0.7489011883735657
0.4681311845779419
0.40127214789390564
0.43191468715667725
0.5635113716125488
0.4278685450553894
0.4049718379974365
0.5394802093505859
0.5096480846405029
0.6575962901115417
0.7587089538574219
0.3866707384586334
0.4857720136642456
0.6057119369506836
0.3176238238811493
0.4548514187335968
0.5187735557556152
0.7112843990325928
0.4883406162261963
0.38415586948394775
0.5154972672462463
0.21560215950012207
0.5474660992622375
0.44216620922088623
0.5300319790840149
0.8830773830413818
0.5455910563468933
0.5469326972961426
0.45615747570991516
0.8237472772598267
0.49105745553970337
0.6400653123855591
0.4497711658477783
0.27164238691329956
0.5176926851272583
0.7460108399391174
0.22086603939533234
0.6711336374282837
0.4431789219379425
0.7235351204872131
0.6775975227355957
0.5928202271461487
0.626196026802063
0.48376861214637756
0.6303479075431824
0.3325957953929901
0.6026509404182434
0.2755361497402191
0.5562994480133057
0.42406710982322693
0.6750923991203308
0.35333189368247986
0.3996829688549042
0.6365717649459839
0.18457932770252228
0.3848044276237488
0.23491507768630981
0.4318200647830963
0.45228826999664307
0.6320517659187317
0.6775975227355957
0.47051379084587097
0.5410836935043335
0.42282092571258545
0.6065476536750793
0.3320366144180298
0.5418612957000732
0.4511210024356842
0.5483709573745728
0.4786820709705353
0.48999297618865967
0.7806098461151123
0.6902589797973633
0.5263939499855042
0.4806912839412689
0.4695086181163788
0.5364803075790405
0.6787028312683105
0.5758103728294373
0.45461347699165344
0.3496560752391815
0.5087687373161316
0.6871048212051392
0.6000919938087463
0.453243225812912
0.44736596941947937
0.6855592131614685
0.4664020836353302
0.6912481784820557
0.48482540249824524
0.19519054889678955
0.5684542059898376
0.5365970730781555
0.6628079414367676
0.7812252640724182
0.48636382818222046
0.29835835099220276
0.5472975373268127
0.7152049541473389
0.8069387674331665
0.5221672058105469
0.4069177806377411
0.5769984722137451
0.7558668255805969
0.8947352170944214
0.7284336090087891
0.5815005898475647
0.43835148215293884
0.35202643275260925
0.4202570617198944
0.43297064304351807
0.605949878692627
0.48923569917678833
0.36913731694221497
0.5327043533325195
0.357450395822525
0.6500263214111328
0.4727868139743805
0.6331156492233276
0.4631597697734833
0.20839329063892365
0.5059740543365479
0.6840176582336426
0.564879298210144
0.3507270812988281
0.5798202157020569
0.627000629901886
0.5742457509040833
0.5494393706321716
0.49261367321014404
0.6516427993774414
0.3768872916698456
0.5610334277153015
0.4399823546409607
0.4058215916156769
0.37608760595321655
0.6549012660980225
0.627996027469635
0.5533075332641602
0.4267726540565491
0.7249200344085693
0.5182771682739258
0.45882925391197205
0.5448482036590576
0.65567946434021
0.36541131138801575
0.3417987823486328
0.6459553241729736
0.7404210567474365
0.5614573359489441
0.6862853169441223
0.480815052986145
0.5898960828781128
0.4803086817264557
0.40123021602630615
0.5232274532318115
0.26544439792633057
0.6325348615646362
0.4196915030479431
0.5729166269302368
0.5532922744750977
0.6127303242683411
0.6573826670646667
0.5761705636978149
0.5373052358627319
0.6572567820549011
0.6101112961769104
0.565818190574646
0.694801390171051
0.6478739976882935
0.3947993516921997
0.2832900285720825
0.31881609559059143
0.24373984336853027
0.3686363399028778
0.4960693120956421
0.7934131622314453
0.41887167096138
0.4237526059150696
0.5546377301216125
0.553009569644928
0.6536266207695007
0.4268358051776886
0.3837887942790985
0.6561254858970642
0.40305349230766296
0.6869491338729858
0.7691097855567932
0.6065413951873779
0.5813124775886536
0.6057906746864319
0.6433974504470825
0.7504714727401733
0.7359331846237183
0.5418558716773987
0.5941235423088074
0.475879967212677
0.6173800230026245
0.7239757180213928
0.5814421772956848
0.5874229669570923
0.362987220287323
0.48770400881767273
0.5500811338424683
0.5889214277267456
0.521070659160614
0.5354814529418945
0.6233425140380859
0.5232546925544739
0.5142664313316345
0.5451993346214294
0.5360423922538757
0.5066261887550354
0.551785409450531
0.4458092451095581
0.47923481464385986
0.7054085731506348
0.4806327223777771
0.6153018474578857
0.5170301198959351
0.6664988398551941
0.34274372458457947
0.7127106189727783
0.6162639260292053
0.649652361869812
0.666942834854126
0.5596268773078918
0.5368814468383789
0.787331759929657
0.6855957508087158
0.5747037529945374
0.5014049410820007
0.5538495182991028
0.6782857179641724
0.8305042386054993
0.6721193194389343
0.6765509843826294
0.43100395798683167
0.5480961203575134
0.5181373953819275
0.502880334854126
0.7524207234382629
0.6469599604606628
0.6052031517028809
0.6723096370697021
0.353444904088974
0.647024929523468
0.27377191185951233
0.7214253544807434
0.7480725646018982
0.6796712279319763
0.45644059777259827
0.5053558945655823
0.3972090780735016
0.4836015999317169
0.42327988147735596
0.7637119889259338
0.47169432044029236
0.5291683673858643
0.4477996826171875
0.5376964807510376
0.585801362991333
0.4411017894744873
0.45218244194984436
0.5926609635353088
0.6174896955490112
0.39890965819358826
0.5898602604866028
0.5048437714576721
0.8378519415855408
0.6966752409934998
0.5710601210594177
0.6260279417037964
0.43637338280677795
0.5751523375511169
0.5533931851387024
0.645473062992096
0.6079520583152771
0.4124680459499359
0.6942581534385681
0.36883342266082764
0.5891349911689758
0.8342691659927368
0.5415492653846741
0.41821178793907166
0.42162156105041504
0.5010506510734558
0.5290703773498535
0.6069003939628601
0.6795254945755005
0.6665674448013306
0.36325740814208984
0.5582866668701172
0.6288832426071167
0.35211092233657837
0.5996181964874268
0.5231789946556091
0.6015327572822571
0.424458771944046
0.6552684903144836
0.45579794049263
0.5119897127151489
0.6259033679962158
0.5881333947181702
0.8230105042457581
0.8509051203727722
0.5796267986297607
0.533065915107727
0.5066932439804077
0.6740922331809998
0.5923517942428589
0.5426539182662964
0.5445817708969116
0.7403172254562378
0.6106336712837219
0.48162031173706055
0.6047114729881287
0.5058695673942566
0.7072214484214783
0.695118248462677
0.7782006859779358
0.6182478666305542
0.5401039123535156
0.7294691205024719
0.756880521774292
0.3466159403324127
0.5285646915435791
0.5157070159912109
0.508154571056366
0.6215488910675049
0.37183454632759094
0.6163463592529297
0.7687486410140991
0.5224643349647522
0.6004136800765991
0.4126215875148773
0.5156177878379822
0.4965896010398865
0.24956102669239044
0.6290839910507202
0.6968316435813904
0.5251904129981995
0.344310462474823
0.718237578868866
0.6108031272888184
0.7180668711662292
0.38538363575935364
0.3045766055583954
0.36249467730522156
0.4194285571575165
0.4463596045970917
0.5596339106559753
0.4884580671787262
0.41142746806144714
0.2563703954219818
0.5028950572013855
0.4496603310108185
0.3398655354976654
0.30003243684768677
0.6181294322013855
0.3619057536125183
0.4489401876926422
0.5389187932014465
0.6542861461639404
0.53436678647995
0.4658597707748413
0.5522288680076599
0.48243480920791626
0.475808709859848
0.2533228397369385
0.5134755373001099
0.22116923332214355
0.5671476125717163
0.3536536395549774
0.357706218957901
0.5874951481819153
0.30752962827682495
0.6109451055526733
0.4965860843658447
0.3073035180568695
0.4341334402561188
0.449552446603775
0.25005725026130676
0.6987134218215942
0.47863343358039856
0.4990163743495941
0.5301493406295776
0.49722227454185486
0.26354238390922546
0.5442473888397217
0.6497593522071838
0.46190011501312256
0.5434591770172119
0.4807434380054474
0.43275824189186096
0.7674350142478943
0.5151066780090332
0.900378942489624
0.8860152363777161
0.7578389048576355
0.6715885996818542
0.7118728160858154
0.7788114547729492
0.5739501714706421
0.8637110590934753
0.48229706287384033
0.6585235595703125
0.6892291307449341
0.5008727312088013
0.5689465999603271
0.7084418535232544
0.6661440134048462
0.751036524772644
0.8022112846374512
0.5950600504875183
0.5294693112373352
0.5827831029891968
0.6907576322555542
0.5493179559707642
0.45524320006370544
0.6706053614616394
0.7492947578430176
0.595745861530304
0.7002126574516296
0.5087488293647766
0.7367116808891296
0.5836997032165527
0.4853663742542267
0.5746821761131287
0.6166628003120422
0.5544373393058777
0.690954864025116
0.5592411756515503
0.5386398434638977
0.5191410779953003
0.5824787020683289
0.5001577138900757
0.8741121888160706
0.3618529438972473
0.6494929194450378
0.8267086744308472
0.35415664315223694
0.3835422098636627
0.7905005216598511
0.6514908075332642
0.5474257469177246
0.4491436779499054
0.44463032484054565
0.6951250433921814
0.4483099579811096
0.520660400390625
0.4311292767524719
0.34278637170791626
0.5665310621261597
0.5622272491455078
0.5924250483512878
0.4452323317527771
0.4145905375480652
0.5743019580841064
0.40004613995552063
0.6042376160621643
0.4625796377658844
0.636928141117096
0.5509144067764282
0.5166728496551514
0.431034654378891
0.592459499835968
0.8025477528572083
0.29226669669151306
0.42301803827285767
0.6380080580711365
0.6020394563674927
0.6034484505653381
0.661627471446991
0.45060965418815613
0.6034799814224243
0.4634477198123932
0.23116040229797363
0.7556259036064148
0.7202375531196594
0.40013304352760315
0.6775975227355957
0.9169073104858398
0.6107110381126404
0.5477626919746399
0.4026380181312561
0.5411158800125122
0.5370121598243713
0.7795949578285217
0.671400249004364
0.5502591729164124
0.6387295126914978
0.3484543263912201
0.6795421242713928
0.5163957476615906
0.6557624936103821
0.46601971983909607
0.5980777144432068
0.4644135534763336
0.35657408833503723
0.28170621395111084
0.2877429723739624
0.6029171347618103
0.6995892524719238
0.576714813709259
0.44776850938796997
0.7306009531021118
0.3891047239303589
0.6277319192886353
0.6222139596939087
0.6417199969291687
0.49429622292518616
0.6470416784286499
0.4343568980693817
0.6065334677696228
0.5966628193855286
0.3918467164039612
0.4820081293582916
0.3891022205352783
0.32358700037002563
0.5468379259109497
0.48288509249687195
0.4859198033809662
0.495660662651062
0.6263089776039124
0.6252917647361755
0.470883309841156
0.6311795711517334
0.4670920968055725
0.4962289333343506
0.4816772937774658
0.3900599777698517
0.3754146695137024
0.5742335319519043
0.4494345486164093
0.6354444026947021
0.5061107277870178
0.48370829224586487
0.4430389106273651
0.5111343264579773
0.6026554107666016
0.6840610504150391
0.5142189264297485
0.3301164507865906
0.7241076827049255
0.5322750806808472
0.47559529542922974
0.4378451704978943
0.5775718688964844
0.5313102602958679
0.6701183915138245
0.5910531282424927
0.4579339921474457
0.6098589897155762
0.6492895483970642
0.49606871604919434
0.738667368888855
0.40077078342437744
0.45156192779541016
0.5832909941673279
0.7421377897262573
0.5511659383773804
0.5191076397895813
0.7084993124008179
0.5208229422569275
0.7193363308906555
0.534873366355896
0.28015613555908203
0.5404762625694275
0.5021877884864807
0.593720555305481
0.17503829300403595
0.6480180621147156
0.4810165762901306
0.4826826751232147
0.6930868029594421
0.47996020317077637
0.6304769515991211
0.42196592688560486
0.6931269764900208
0.5975483059883118
0.7471753358840942
0.6372573375701904
0.340520977973938
0.3789498507976532
0.5623512864112854
0.6726321578025818
0.660395622253418
0.40110328793525696
0.7554620504379272
0.577452540397644
0.6225705146789551
0.5527424812316895
0.6002715229988098
0.8769383430480957
0.5135789513587952
0.7140316963195801
0.6661508083343506
0.650055468082428
0.6383774876594543
0.43072977662086487
0.6445316076278687
0.5749785304069519
0.5091578364372253
0.47292688488960266
0.37546876072883606
0.4862268567085266
0.41568711400032043
0.39097240567207336
0.5016458630561829
0.8080630898475647
0.5694618225097656
0.7024916410446167
0.6490486264228821
0.7716972231864929
0.5898147821426392
0.34334850311279297
0.5310965180397034
0.30297642946243286
0.33999618887901306
0.4694158434867859
0.3430737257003784
0.5575146079063416
0.6411966681480408
0.46377184987068176
0.7980703115463257
0.8249518871307373
0.6300772428512573
0.3055805563926697
0.6472880244255066
0.46339309215545654
0.4985540509223938
0.5855299830436707
0.557843029499054
0.3422030210494995
0.3542556166648865
0.4727291464805603
0.6673812866210938
0.4274735152721405
0.4709593653678894
0.20599935948848724
0.7531893253326416
0.5957355499267578
0.4927695691585541
0.44729653000831604
0.5982391834259033
0.6791870594024658
0.6336460709571838
0.3906742334365845
0.7153286933898926
0.5625195503234863
0.5037918090820312
0.6540451645851135
0.5712791085243225
0.3781563937664032
0.6601229906082153
0.5331490635871887
0.6460866928100586
0.4258766174316406
0.7390413880348206
0.717617392539978
0.5039759874343872
0.568237841129303
0.5739620327949524
0.36988529562950134
0.7537532448768616
0.2710842490196228
0.16232812404632568
0.6775975227355957
0.5957173109054565
0.8119333386421204
0.5095454454421997
0.35121986269950867
0.6775975227355957
0.5729615688323975
0.7779225707054138
0.72077476978302
0.645825982093811
0.24898067116737366
0.38735276460647583
0.6645410656929016
0.4880593717098236
0.6228252649307251
0.5080628395080566
0.2013806253671646
0.5843806266784668
0.5959309339523315
0.32359233498573303
0.38496580719947815
0.5925911068916321
0.5375782251358032
0.6564608812332153
0.4209558069705963
0.646220326423645
0.34123694896698
0.660236656665802
0.4989967346191406
0.4603482782840729
0.46952494978904724
0.6776837706565857
0.6775975227355957
0.6775975227355957
0.4482521116733551
0.7981027960777283
0.6869521737098694
0.6829477548599243
0.6631330847740173
0.48153090476989746
0.5988410711288452
0.3978423774242401
0.4965977966785431
0.30986452102661133
0.7058408260345459
0.40866172313690186
0.24467328190803528
0.7648487687110901
0.7827997207641602
0.5985022783279419
0.5590974688529968
0.45936697721481323
0.5371106863021851
0.320198118686676
0.325758159160614
0.3540900647640228
0.36270594596862793
0.5165168642997742
0.4177019000053406
0.19818538427352905
0.43730002641677856
0.3610730469226837
0.27349767088890076
0.27113932371139526
0.27759259939193726
0.4660262167453766
0.27870169281959534
0.2828671932220459
0.3843262791633606
0.32613229751586914
0.44891631603240967
0.5045295357704163
0.41026973724365234
0.27835574746131897
0.5273648500442505
0.20328490436077118
0.2963973581790924
0.38140323758125305
0.41108426451683044
0.5497876405715942
0.3906715512275696
0.517143189907074
0.6775975227355957
0.42268380522727966
0.2655768096446991
0.2879903018474579
0.3480006158351898
0.3442058265209198
0.49245157837867737
0.6456155180931091
0.5509361028671265
0.31472909450531006
0.5339186787605286
0.3683784604072571
0.3052988052368164
0.5068534016609192
0.6414325833320618
0.3136242628097534
0.25109702348709106
0.6775975227355957
0.4245572090148926
0.36625856161117554
0.3382832109928131
0.5550018548965454
0.21082128584384918
0.4301639795303345
0.43247124552726746
0.459913045167923
0.42875435948371887
0.4885149300098419
0.32523083686828613
0.26486533880233765
0.5442332625389099
0.42264416813850403
0.3156149089336395
0.23930533230304718
0.5716844201087952
0.26820385456085205
0.27028441429138184
0.5439653396606445
0.7157728672027588
0.49339717626571655
0.4937252998352051
0.24584610760211945
0.15159988403320312
0.4450506865978241
0.38456740975379944
0.4212106764316559
0.4573826193809509
0.5180251598358154
0.6154311299324036
0.7934466004371643
0.4022229313850403
0.35404348373413086
0.41224387288093567
0.5601657629013062
0.3651694655418396
0.6826202869415283
0.5952920317649841
0.5187438726425171
0.6267400979995728
0.7181458473205566
0.5397188067436218
0.6775975227355957
0.75010746717453
0.6775975227355957
0.5678497552871704
0.6775975227355957
0.8659323453903198
0.6775975227355957
0.6775975227355957
0.7906654477119446
0.6044939756393433
0.6775931119918823
0.7106571197509766
0.46917882561683655
0.6385068893432617
0.6177039742469788
0.7185125350952148
0.450271338224411
0.5947297811508179
0.6322295069694519
0.6277303099632263
0.5232065320014954
0.5795882344245911
0.4502248466014862
0.6371698379516602
0.5058670043945312
0.5638421177864075
0.707367479801178
0.4923124611377716
0.5382819771766663
0.5132230520248413
0.9414056539535522
0.8294264674186707
0.7508127093315125
0.8104588389396667
0.25106778740882874
0.2451370656490326
0.6179592609405518
0.22931459546089172
0.3163127899169922
0.48602426052093506
0.2886127531528473
0.3307761251926422
0.3574328124523163
0.3517591953277588
0.49497413635253906
0.48637139797210693
0.35422658920288086
0.32799696922302246
0.5000712275505066
0.4917420446872711
0.1444917619228363
0.3870759904384613
0.24136626720428467
0.5153180360794067
0.4614614248275757
0.2704181671142578
0.532423198223114
0.3433099091053009
0.366078644990921
0.3344075083732605
0.5355062484741211
0.4817104637622833
0.31244733929634094
0.2833655774593353
0.6459148526191711
0.15540504455566406
0.4313102960586548
0.36898359656333923
0.5574689507484436
0.3748331665992737
0.36932212114334106
0.384953111410141
0.3865058422088623
0.43956395983695984
0.2365671545267105
0.40354102849960327
0.27267932891845703
0.47955355048179626
0.5033180713653564
0.6473841071128845
0.4412161409854889
0.24138322472572327
0.3211172819137573
0.5507781505584717
0.31023576855659485
0.11919832229614258
0.4161468744277954
0.4417596757411957
0.2954234182834625
0.15577095746994019
0.6073727607727051
0.6186555027961731
0.5305050611495972
0.26091504096984863
0.37383538484573364
0.15045757591724396
0.3365454375743866
0.34004276990890503
0.41302189230918884
0.2570185363292694
0.2070033699274063
0.48988446593284607
0.4026055634021759
0.14996081590652466
0.27179154753685
0.3527291417121887
0.4361667037010193
0.6086824536323547
0.6025674939155579
0.17870236933231354
0.2623360753059387
0.5037292242050171
0.21128687262535095
0.23673102259635925
0.4870624840259552
0.2893785536289215
0.2732560932636261
0.4173211455345154
0.38024839758872986
0.3733048141002655
0.6335670948028564
0.5380521416664124
0.599942147731781
0.6763601303100586
0.42276784777641296
0.1889217644929886
0.2696229815483093
0.6297699809074402
0.6850972771644592
0.3366588056087494
0.45368459820747375
0.27317875623703003
0.4895004630088806
0.446605920791626
0.38616859912872314
0.3699868619441986
0.4154479205608368
0.312266081571579
0.6745758652687073
0.44778361916542053
0.28809988498687744
0.5842275023460388
0.5299486517906189
0.41432273387908936
0.5072726011276245
0.3796103894710541
0.29820501804351807
0.27279412746429443
0.6004191040992737
0.4333796203136444
0.26243358850479126
0.42112141847610474
0.777604341506958
0.24935366213321686
0.36117416620254517
0.414921373128891
0.5617751479148865
0.309711217880249
0.4849120080471039
0.5738675594329834
0.5273019671440125
0.4787942171096802
0.584039568901062
0.4258010983467102
0.2678859531879425
0.42120224237442017
0.4380899667739868
0.32637879252433777
0.23736977577209473
0.22024333477020264
0.49433034658432007
0.18547937273979187
0.33343270421028137
0.2594253420829773
0.5096648335456848
0.40008100867271423
0.6231778264045715
0.22514717280864716
0.5206833481788635
0.46826794743537903
0.39284181594848633
0.5357863306999207
0.5768950581550598
0.4351423382759094
0.5012102127075195
0.5593491196632385
0.528984010219574
0.6989548206329346
0.5558494329452515
0.46233969926834106
0.2265966534614563
0.28332898020744324
0.3844110369682312
0.45170077681541443
0.2989743649959564
0.2766191065311432
0.3258060812950134
0.5093295574188232
0.3824508488178253
0.5606899261474609
0.5885515213012695
0.43987661600112915
0.626815140247345
0.6052365899085999
0.6879698038101196
0.43144142627716064
0.4219118654727936
0.31692785024642944
0.47778576612472534
0.4009912610054016
0.23241162300109863
0.3695674538612366
0.6295324563980103
0.7595710158348083
0.43770039081573486
0.4320085942745209
0.38982096314430237
0.468744158744812
0.28403177857398987
0.4219488799571991
0.5103896260261536
0.23361659049987793
0.5059304237365723
0.42229998111724854
0.4655991792678833
0.3824508488178253
0.5358378291130066
0.18707716464996338
0.845847487449646
0.6508787870407104
0.7906001806259155
0.5961477160453796
0.7020198702812195
0.5947644114494324
0.5272759795188904
0.7388911247253418
0.7695403099060059
0.6101537942886353
0.5999771356582642
0.5329641699790955
0.6765027642250061
0.5770501494407654
0.7121829390525818
0.7412331104278564
0.45137158036231995
0.7112401127815247
0.7567965388298035
0.6949217915534973
0.7032532691955566
0.585967481136322
0.5550682544708252
0.5774255990982056
0.8018852472305298
0.7271735668182373
0.2785000503063202
0.5758072733879089
0.636497437953949
0.6925852298736572
0.6508060097694397
0.7705942988395691
0.6789394021034241
0.8998228907585144
0.5801144242286682
0.2124617099761963
0.6270039677619934
0.4909767508506775
0.8132123947143555
0.3976503908634186
0.6252524852752686
0.671011209487915
0.6283632516860962
0.48886919021606445
0.24316652119159698
0.4944410026073456
0.36693570017814636
0.4327556788921356
0.46203723549842834
0.5857338905334473
0.4565091133117676
0.5772947072982788
0.5692528486251831
0.5168058276176453
0.5131294131278992
0.7341333627700806
0.5637800097465515
0.5243026614189148
0.38562455773353577
0.5202420949935913
0.5345435738563538
0.5511105060577393
0.5554010272026062
0.41103434562683105
0.7682530879974365
0.6218675971031189
0.5720467567443848
0.5558224320411682
0.674625039100647
0.5472022891044617
0.4530268609523773
0.4123905897140503
0.3535700738430023
0.5235637426376343
0.594563901424408
0.5599596500396729
0.6578676104545593
0.3807317912578583
0.5285082459449768
0.521747887134552
0.514935314655304
0.6683009266853333
0.421346515417099
0.5973415374755859
0.4365121126174927
0.5386438965797424
0.6664733290672302
0.3602583110332489
0.680734395980835
0.6779200434684753
0.4658099412918091
0.3107457458972931
0.676556408405304
0.5140707492828369
0.4799244701862335
0.4512489140033722
0.6734640002250671
0.36001086235046387
0.4982690215110779
0.3718874156475067
0.30405953526496887
0.6098535656929016
0.6737334728240967
0.36928170919418335
0.5232267379760742
0.26026618480682373
0.6039106845855713
0.4254418611526489
0.5934550762176514
0.5719638466835022
0.5978521704673767
0.5716797709465027
0.515720009803772
0.5765587687492371
