7.352395638945233
7.468379129423493
7.852619476846943
6.079937512639029
9.875333333333334
7.414617412935324
6.21501738842807
6.494397387560365
8.971873811806603
8.241103971208737
8.134106897331524
8.375728345745882
6.378963611890715
5.808321276595745
7.159101450700763
5.887297412958672
6.111317032477839
6.3962540204239255
6.970740917107584
6.50418486888864
5.970242447026657
5.442716144533432
7.122449367088608
6.363073343261355
6.338192682926829
5.789920812423066
5.583491061869787
5.727949070672734
6.317497348022821
5.882370142180095
6.786659372386144
5.385513389904537
5.897717833736885
5.703923980439485
5.887601780373166
5.920162103174603
6.969914225526642
6.087832683297455
6.283706353011687
6.457763051702395
5.408189298245614
5.472502312684366
5.229134519104084
6.314218144469706
5.9856384615384615
5.916602073365231
6.287632533790216
6.044555382775119
5.798079342723005
6.261874233971333
6.095552060014289
5.932090678300028
7.1487020711698275
6.564718949677773
5.96387946197158
6.016309462908099
5.825519664268585
6.4786320987654324
5.816387497779093
6.409449225589226
7.113892200823992
6.4697565141974565
5.635440281659269
5.600836604136604
5.557048126159555
6.380909555397615
5.636303515523814
6.538944233432245
5.874975491863006
6.243015086423896
6.603709721203228
5.381835485651214
5.554559537658464
5.086730707716913
6.010104854489164
6.0957864160401005
5.779011923688394
5.275371921886164
5.419299100449775
5.877839423076923
4.673815441074643
5.062389119683481
5.410917267071204
6.953386287625419
7.314394227188082
6.209603134920635
7.5669666157100455
5.668162471822013
5.794010911310911
5.38642600143575
5.6928192673766524
5.562411284046693
5.529502516446318
6.564666652414209
6.1189960515713135
5.684428607964925
5.696376023391813
6.181547619047619
5.274043387881468
6.704587878787879
6.2327194200102145
7.90122483059376
5.408149523809524
8.450251272301843
7.817132520325203
5.9482508071779945
5.2145441314553995
7.299958545731311
6.812629914529914
7.482364482501861
9.898271159874607
5.24923303666031
7.883176413255361
8.451607385285644
6.192074260599291
7.1922266057838655
6.147406944858421
7.849866488985936
8.215277324263038
6.715968325041459
6.918124503686897
6.822627915037982
7.32805790970235
6.884321719880098
6.585512078517887
6.371152279558486
6.2534097063945495
8.083794423974453
6.91082156128025
6.394132783903603
7.2349626566416045
5.926764433811803
4.915841987829614
5.839418847006652
7.359263462949377
6.280007188584274
9.724867479674797
6.019901731601731
5.521554208730767
5.816698317152103
6.255999621689785
6.998622933268937
5.881204346648612
6.365824969162996
5.033678885630499
1.0122267795305886
6.354277030812325
6.052042239929172
5.411987179487179
6.433206324110672
7.195019813628422
8.35260406880104
7.172584744386496
7.418047468671679
6.55092672332389
7.048361630756232
5.414298008534851
6.591315384615385
6.48201724137931
7.87322082172702
8.68618319550632
6.064863636363636
