14.972014574599259
18.287036542669583
18.741290101892282
14.367358100558658
15.107168965517241
26.05752564102564
16.735589932885908
8.613378787878787
22.932405479452058
8.935592653969824
20.789970433145008
12.961076699029126
27.301290762124708
9.518823624595468
8.163576923076924
9.94714946236559
21.29615534591195
7.298808939014202
10.494912273361226
15.575782051282049
28.432306451612902
7.077117283950617
11.413775452196383
10.550050259067357
13.472034177215189
8.642385714285714
18.270275464684012
19.633809589041096
15.358188311688311
25.978152884615383
12.470377033065237
21.383723880597017
15.276507940446649
12.08819765258216
8.140663224893919
19.35948014184397
19.403990076335877
9.089779725085911
8.669722030981067
11.848952886405959
26.926418385650223
16.042636322869953
10.145325321463897
25.785444554455445
8.524515394321767
9.846175675675676
20.749788448844882
8.67973352601156
13.920467908309455
15.06103404255319
21.06507142857143
20.72516581469648
10.917067045454544
19.893
21.54978098159509
8.71208904450669
7.87721067961165
21.558675949367085
20.0955
20.240546735395192
10.036058333333333
16.56007958236659
8.850315565345081
19.381706896551727
10.507533333333333
24.337350537634407
26.83935936073059
22.43929637462236
22.71058636363636
10.634715075376885
8.647442934572203
15.865618385650224
19.51656962457338
20.677131172069824
7.891691932059448
24.842910256410256
25.82632596153846
16.61841900826446
18.89047042253521
11.213024050632912
12.73204081632653
20.8650667673716
8.22838088235294
15.938346475195823
24.27646147308782
16.517712785388127
7.4327003638376965
10.936545833333334
8.049492857142857
24.32839897959184
21.760798507462688
17.255173092369475
19.97510397350993
6.324784823947981
27.118958198614322
16.348891304347823
7.500184502164503
19.186243065693432
16.096544827586207
15.859192307692306
18.3695296875
8.584107490636704
6.487269836065574
14.171166666666666
7.9312069518716575
19.013799275362317
19.293049659863946
7.176660317460318
11.542385416666667
26.299974550128532
16.4664649122807
16.391067088607596
8.156626126126127
17.788967346938776
22.764452325581395
39.02714171779141
29.678458762886592
24.06162380952381
9.846605570776255
10.646246365914786
36.78481685761047
13.647723089983021
39.444187062404865
41.56338474576271
9.033124892703862
17.70368646934461
28.559762882096067
24.554597674418602
11.463958373205742
28.346023348017617
8.526464102564102
25.796335922330094
13.063128571428571
11.1675
9.607319723865878
10.167116949152541
27.028777437325907
13.98429941690962
6.529322727272727
10.209466336633664
16.6913
13.857908108108107
15.463760194174757
7.345881771170006
12.110634210526316
11.390287782805428
10.8071
13.810783333333335
14.053161702127658
12.544787022900763
21.595549999999996
9.210703783845021
8.65740007423905
13.2908583011583
7.722005287356322
19.20992568093385
13.573447486033519
11.95165806451613
7.041816312056738
24.650757142857145
8.89465542490142
21.56383250773994
