7.641050705151626
9.141778478051465
8.22723082706767
7.581509415507497
7.791722251690883
6.984291402396054
8.274032059122693
8.141291036414566
7.617565960724992
7.924481522355217
8.454468326119866
7.282597410692221
7.411281017724415
9.283862078599366
8.281966888428627
7.864037546769137
6.265549679624771
10.84360913531998
8.79273519668737
6.008895143236577
8.331700476190477
7.38983949666153
8.200813621262458
7.684951298920378
7.291142357320618
6.703948937084986
7.336848554033486
6.6863678515492
6.80761332789892
6.9887522280599335
7.3639363636363635
6.8952184962406005
6.475961916555535
7.462108795626307
7.1937708453012394
7.310035298073133
6.339285379159847
7.77612833744963
7.995349461820945
5.105641700404858
7.123638500096394
5.833977373171491
6.470525979843225
6.312987431517235
7.853843914126893
6.7993421052631575
7.662784267488532
7.013321481108312
7.792198029498525
7.040732281842819
6.802524246008279
7.247842791535868
6.704441399874451
6.884608633093524
7.007445831265509
5.9703471388555425
6.931310227272727
7.65555007788162
5.983507232259888
8.664902146690519
7.662837415236204
7.280502583315919
6.754477671957672
6.494253831472469
6.754434658612484
7.206073907099765
7.245338324948728
7.468379129423493
9.068994400603167
7.290218987672151
8.103034178686531
7.183483515037594
7.694999925205685
7.291983400809716
7.022204511278195
9.160354143646408
8.322656162464988
6.5445834715245415
6.06261559454191
7.667374520451958
6.428343529557874
5.661198407937915
7.88304201183432
7.74480337995338
6.3821810126582275
7.644500944510035
7.317619295671314
8.067678481034045
6.654100834124508
17.91472440892441
14.744571684862414
5.850207951702382
7.777052381195904
7.82638782742681
7.470009014514897
7.211574557627929
6.32490399050906
9.135280154668061
7.545631909302818
6.802729738976666
6.410618315018315
7.197326544272327
6.660183551187552
6.934599651788541
7.352598140619071
8.166846548323473
6.787203962703963
6.382850451220671
7.107195656170995
6.582581973846533
8.298843225426289
7.811436892299879
6.028423707664885
6.079937512639029
9.42711783979647
7.301628911564626
9.939418451639686
13.549952019105515
7.135297597643257
7.792407559395248
7.248382759142879
6.479868007662835
6.387514675052411
7.528085784176684
8.409489328932892
10.310053631801136
7.6770027995520715
7.825696023391813
7.141697115264016
7.748582814914423
8.024390220820187
6.491705475004611
7.989651264367816
8.5018800172727
8.30642072774529
7.796786498478048
8.222039403045452
5.623946010786684
6.463856581196581
7.4681215756609545
5.6745341563786
7.117692456575683
8.5174233729485
6.162944252873563
6.164791364535267
7.702380597014925
5.7583300536672635
6.003607953848727
7.943380939578322
6.385028359816859
7.979927381443299
6.485344782028266
5.952341213307241
7.080920096111839
6.084386959228135
5.8615666833354165
6.494909523809524
7.57736216294885
7.134775675675676
7.22589264069264
6.327009657649346
8.622816853932584
8.064034984035182
7.594491321171919
8.342408364888126
7.428918354122478
5.575309456264775
6.4424087741526765
5.2779686757990865
7.360159677947671
7.784555586820368
6.85402717420037
6.629333103448276
6.927778015037594
5.528883390061266
6.234623556896361
7.266115165220069
6.354191717171718
7.681645470292742
6.702597078514913
7.085388238704178
5.484595368782161
6.376582713450292
8.464392728330424
5.326641411884205
6.050603399819843
7.5331561925879
5.654154716981132
6.56486063026117
9.33965954070981
11.08018319961966
7.399757305194806
8.577435196687372
9.385904909983633
8.474767739126687
8.367625216177533
7.535434814730835
8.055043525179856
7.121856218905473
6.976161947973381
7.153073267866885
7.47103674933388
7.447000988938883
7.270320394307351
8.046123791554358
7.147946683544304
7.063897777777779
7.940198840353302
5.970929358532073
6.092159658620118
8.90851177315147
8.070905880599069
6.986502042066571
5.898452105263158
7.293944092675829
10.194912755839434
7.323863439323569
8.260564057579849
7.970056748224152
8.57706771289021
0.6979834896810506
7.399675842044135
8.544117647058822
7.774351046707075
5.998686804499847
6.610304897784044
8.707693418421147
5.732055350643048
6.786466317753975
7.519698602312721
7.066213600169307
6.24142751156889
6.283700981912144
6.531710571887016
6.994678583068208
6.857632415601443
5.647903663003663
8.736429373522459
8.107128251477768
6.966567510416667
6.16940371605968
5.232084182885387
6.916359216255444
5.633005263157894
7.286774481074481
6.46650987654321
7.075822916666667
8.106366962392453
6.619296653313727
8.830332887402452
6.737209039232874
7.219406943244022
7.5496181230304025
7.691997307348471
7.4112878056628055
7.815452999431772
7.192190552108195
6.928327350054525
6.933614931129477
6.35510586080586
6.527628879258456
8.202460339204174
6.97663829191251
6.640683183632735
5.819628706909528
5.947840291906236
5.509900190434337
6.515495945719551
7.128498863636363
5.929782137173172
7.320277459749553
8.138169144144143
8.11780604018623
6.1305065125845735
7.253563702735098
5.60953001284168
8.956822121760098
6.936156430796618
5.988996158129176
8.268137554995516
5.616409721829326
7.5380351377018044
6.137311364746946
7.979584291187739
6.597382272176605
6.913102443695925
6.533055287453979
7.034755534709194
7.349752784503632
8.522360487225193
6.044408774990912
5.714690958931419
6.7791764743183265
7.145785547445255
6.436738586811858
11.529270268985838
5.784468624161073
12.617403745791249
6.848709099616858
6.762197162353333
7.1395489473684215
7.63076435006435
10.054812165078223
6.753290862765771
6.731332251082251
6.156737606837607
8.268696766169153
6.3755723930717565
6.949413907925502
6.181008622994653
6.454689493465448
7.179699392558846
6.471818822843822
6.940126751255617
6.835512458471761
5.1806789473684205
5.407523237533775
5.04285404519579
6.007022300522847
6.195534965034965
7.159704817404817
6.5881334720933316
6.383573146853147
8.44888734065934
6.712004991873695
8.681322210654173
6.317882332155477
7.636016613577926
6.177414285714286
6.289881813227982
6.872677254901961
7.4933324324324335
7.739638117688144
5.633388998223316
6.35363496124031
6.471017316017315
8.492272451571928
8.292093728222996
8.80717450073671
6.6687992523364485
6.529004545454546
6.077704756619629
5.2538212121212124
7.3050018589253884
15.234010963455152
6.072257449577098
6.519580701085921
6.813325418275419
7.172716216777409
7.429236722330506
6.949780668127053
8.358109123465212
6.473147570987423
8.47800220514534
7.954816501568247
5.848039393939394
7.036196863309352
6.790810532544379
7.242620331291128
8.106813513513515
8.392736005141725
6.907778144354174
7.036426572209793
7.25123745085868
6.1507287823926164
7.357385975946155
6.741150702179773
5.583574159986355
7.537336239747635
6.683188488276187
7.052529076305221
7.350055221148958
6.406643369175627
5.068908318042814
7.741348357009614
7.504893826259256
6.3894
7.236986548979962
7.756894805194805
7.503325974697571
7.824389855072464
9.394556768374322
7.330592557603687
6.368733867550389
7.819200416666667
5.480033333333333
8.14662559108615
6.907177412667731
5.979113333333333
6.449969170943336
5.573525004238581
13.561075135245483
7.403192803030303
9.500344821959882
10.504547936507937
7.930307327196653
6.7025674443266166
7.423265655314758
6.995357553894673
6.710384314220763
7.257176019996774
6.872434977869245
8.306677537657645
5.457693970842599
6.055850541125541
7.0126244444444445
8.56855567571544
5.480832600732601
6.855117355261399
6.631540158035841
7.339485940375414
6.924688549428714
5.878486799673756
7.295301470643219
8.038206781609196
9.403111327231121
7.810135499509082
6.82903871663947
8.916633333333333
7.4038014480793795
6.066678403755869
9.110528263934071
6.100801740321342
6.659182368193604
6.648472714285715
7.706446436262409
7.362447841105354
7.171933278458631
7.438632015810277
7.332196205468103
6.423190504411457
7.782797744360902
7.666424792703151
5.570726660877117
7.507296788503593
7.5645303127348775
9.052837159059143
7.707204716885846
7.799793150601119
8.398611634154005
7.551385469267574
6.906565882352941
7.3680612299946056
7.423347442455243
7.967215662106643
7.875520979020979
5.98083311952931
6.382844271445359
6.619996581212824
5.860580043824054
7.775730817355037
7.447743721378646
6.5844174682034975
6.724794178169409
8.24274768439108
7.165908089782558
6.406877789309808
6.309170460945605
6.132206161896764
6.426773221041254
6.895117239235837
6.251167007672635
12.280307528641572
6.852599886775362
6.334210798394507
6.516574474170639
7.020940974154804
5.737048358528019
8.236686220610597
7.11014954954955
7.070802211468245
7.769428222996516
7.676707561603322
11.670057209081186
7.341231428571428
9.233554545454545
6.199470922882427
6.229050106609808
6.937453108714433
6.264860579514825
7.235245437673987
7.85216627311337
5.427436217898833
7.900312896433741
6.0423261253309795
6.204369271507591
9.129512170385397
6.020034465534465
7.561339856023144
5.987481283893016
6.729948517258143
7.050372241153342
5.5678624060150375
9.31220411449016
7.839715555555555
6.40540703890704
6.445954745245981
6.4810155100735525
8.826201798201797
6.9369329539295395
7.219902504472271
6.9726450940170945
8.841189770185071
5.742712007634912
7.449074704540743
7.092109313376099
6.438876389300168
6.869902710897093
8.9737814993565
5.51503159604083
7.1157059183270865
7.293029045136199
5.006249118046133
7.237857982164714
6.383707918879768
0.4520494197691794
4.86633108033241
7.686813762089732
6.002598181818182
7.782690089931229
8.376867998274065
6.320016630737683
6.180595641743302
7.939685964912281
9.590184755918465
8.17003459119497
8.824211197196089
5.115483384615384
4.7518022222222225
5.809879797979798
5.887756890645587
6.078291836734694
5.32720428677014
8.724079737335835
6.640678236791965
6.504581961097788
8.68495772743151
5.958091627536808
5.219131578947368
5.8879869938321265
6.678837978403258
5.968799908675798
5.623889219053307
5.517421069298181
5.216222170777989
6.2842979888268165
6.760535714285714
7.16920071882152
6.208220131147542
7.8921355838672635
7.0134437327030685
5.7864942145439935
6.98920525632706
14.408012558281738
7.078024279097565
6.17716187102634
5.77026534914361
8.136328571428571
8.602109523809524
5.552318715393135
8.414418032786886
8.024799375
6.546238978799641
6.75986729191514
6.450375
7.006448752834467
5.58399696969697
7.0078721691750205
6.274377279521675
6.831018286311391
6.733062496862187
8.466195238095239
7.125837730968218
10.346690281378141
9.171609134125637
7.591540816326531
6.545858822176213
8.703041248554914
8.125337072479178
5.894716494217894
6.240472854209445
6.616571295336788
6.948874344673731
14.096134435230839
9.087004201322245
7.563794713848843
8.524438866930172
7.738470187793427
8.275830942310947
6.68716827309237
8.21533656473113
11.916545769971314
5.867238729992128
7.389767357831696
9.93366456863809
7.254052380952381
9.051647593582889
7.438410899910901
7.527414285714285
7.568728524910453
7.34266670416198
8.004193292323802
6.592082417582418
15.71570330339032
7.466468625178101
7.290532102628285
7.127853560371517
6.710917459969291
7.115027874720358
8.220453846153847
7.082627024922118
6.569559092736532
7.3854433551198255
8.182521686746988
6.995365671641792
7.89144045112782
6.373678363264867
7.9340513586711205
7.222502656909654
7.414162862018772
8.81968957654723
6.651002712477396
6.491998238688126
6.228433111259161
9.065425181048461
8.01087057800956
6.201929973664132
9.567471468420006
7.01324453024924
7.718750854700855
5.578740019865084
13.728892386811498
7.112559716859717
6.735969067839967
7.976270404484328
6.013259253666954
6.981721348314607
8.2256258382643
6.457235289575289
8.54876564156946
6.399958823529412
6.220837178349601
6.4188113636363635
6.405239668174962
6.781535856979259
8.18123299319728
6.252228015820698
7.703445821967378
6.043689751552796
12.553706492146597
4.936953588516746
15.301505035277398
8.45000593017695
6.113591497975708
8.461783193972774
7.578918636755824
6.838231172538762
6.301782548061491
6.590987005649717
6.622771268230817
7.571733149366418
9.33818472906404
9.00721118470072
8.69583481705017
8.777132609030668
7.510611352875038
6.948932082334817
6.533302370807386
7.294982703800406
8.642561904761905
9.116053939941297
7.238012075983717
7.342675910364147
7.597694564733137
7.075847830104852
6.047339525027402
7.515520863627234
7.297256197425763
8.034134950018512
6.834517905092246
14.598906659167605
11.207860091012513
11.312048855167461
7.2530618345352895
7.54547555766673
7.782503407815529
8.09946904197462
7.09377922705314
7.958643747191853
8.328562988557835
6.62951491263172
6.944219604214474
7.3552748596467215
7.52090240717855
6.811611486486487
7.86646451055518
8.435567985847204
7.081663304220282
6.3488327922077925
8.438480228353407
6.818685814861006
7.944733538305053
6.575379314706221
9.455091680370304
9.056111348563007
7.180726500297089
7.596594117647059
8.468574786849
7.881345669848003
7.079683461480476
5.895791789819376
6.457668319361277
7.484860817477097
5.532782374941561
8.233690275829828
7.417993761140821
7.6799521731999345
8.247877022318486
10.13296107238606
7.736921440261866
6.014669543705333
6.100603885708967
6.229023134643839
6.6313255431324425
9.350213749847764
6.2834515339150006
7.810565859564165
7.825830532212885
5.1325061109712085
7.2624421230942975
8.411472507753654
6.341920740179361
7.667468767705383
6.196671776906939
6.7141437138803335
6.290593762771238
7.473672667122976
7.1517641914878
7.3195563607085345
9.868163456719117
6.864068600742196
5.225829209621993
6.278138441558442
5.80521362085646
6.387476729810569
5.266997760035484
5.8700782898105475
6.428614076290202
6.268518817352859
7.066545388601037
4.785475067519545
5.900713784645573
5.863620635935858
7.312060199004975
10.200332221381053
7.24048251022334
6.313101235056125
5.337573219676035
6.576760735171262
5.949576328502415
5.67964325529543
5.806245784271594
4.907650971007317
6.554623278152462
6.910916666666667
5.6731637296396045
5.575731596251849
6.0720913174946
5.422422287636669
6.10698367445921
6.495683674469911
7.44648874330637
5.61145868208329
5.911825345964521
5.352988524590164
6.243061233019853
7.135780144809937
7.4263057573086755
6.4247875512567685
6.046390680061421
7.155061626139817
8.345469859038143
8.0243204816286
8.99797294117647
7.8089899036447425
5.349079375888648
10.33466330402271
6.517384754521964
13.626223076923077
6.097261809045227
6.012809166666667
7.9757097039572455
6.645625486672657
7.912657836428804
7.402868024132729
5.6389883378535455
6.977782613065327
8.60813839891452
5.7055044420220735
5.179831598615917
7.300650804597701
7.457131565676464
6.933026441102757
6.836640886699508
6.953332157800359
6.160195202854499
6.711451111111112
6.10283668666359
6.436588059701492
5.958253090172239
7.324681113801453
6.779881196581197
5.987281335478681
8.824394745484401
5.7458898305084745
6.3292865949820785
5.8260926509186355
5.216078283393427
5.761538074121001
6.1636616583357835
5.318152921762764
7.0099810043290045
6.920991414281746
9.091833333333334
7.183171427919083
6.151838785058875
6.544448214517596
5.769766663468458
7.254639922978177
6.74760575946953
7.569389931143026
7.996465990338165
5.36693509127789
6.763741662182362
7.707918181818182
5.5147301438399
7.278008788501027
6.627410135583578
6.686148453667181
7.27466931657502
6.784609929078014
7.020252380952381
6.529687386294724
6.877118181818182
7.436306884279597
6.528082340256498
8.464108430413518
7.170826142361415
8.59497043847242
8.947804625199362
6.970943687943263
8.092096482607008
6.822932654395659
5.996047915273133
5.910473200992556
6.328821217827997
5.590107521367521
6.116193698074975
7.486451962407219
6.127818410080607
9.041485051670271
6.165072812234494
6.51286
6.669886896874791
6.666770982367758
6.330291941391941
6.502532957957958
5.383349523809524
6.921038461538462
5.9278958993710695
6.39725267458057
6.0105634920634925
10.297453350759556
6.021893523316062
5.702544766017038
6.20982993197279
5.950096650418698
8.048028045977011
6.950309520047403
8.165856037151704
6.754213628899835
5.538690476190476
5.795300173498156
6.19578405463222
7.45022463768116
7.407632903225807
8.744316796536797
5.789104790734404
7.776084324882158
6.482290090699879
6.817796682464455
8.304960873020377
7.126097127972575
6.249317444219066
7.180384683148622
7.682064455928797
6.693049577131932
8.13131171192617
7.10933484646195
5.796028429941618
6.230205140292691
4.940920101481376
6.227611037466629
5.949486132511556
6.160704066985646
5.819041247484909
6.675605423260102
6.595937508947745
5.543932432432433
7.210569605142332
6.13876746031746
6.942460591133004
5.284117948717949
6.298141618813235
7.689074117647059
5.544414959349593
11.886651400842336
6.640879352226721
6.214445101029355
6.108931492361927
5.484560976069343
6.251618017465187
7.347662383248474
6.121614285714285
7.1945401349337095
7.666137590464027
5.748737304774654
6.797315167758587
8.283442489878542
6.745140180995476
6.775350018879799
6.6806702905569
7.652214943201209
5.564969438145628
6.406987559808613
6.003502431024503
6.282793406593407
7.067845428831195
6.327593287435456
7.68725417016345
5.7144642857142856
5.3380218702865765
6.175560282294086
6.7225252991453
6.305290489338855
6.462985830916317
5.077694071045234
5.769005266955267
5.120928034875922
6.645869594841857
6.617272900695311
5.81379901983132
5.809164923043806
6.21501738842807
6.028503966759002
5.457992914306596
7.495918688432312
6.839286107771912
4.940813725490196
5.889541897823854
6.1522176019709836
6.206199991317184
7.901067544382223
6.2727870712401055
7.5864407955596675
5.730107858861267
8.216504901960786
4.874845341614907
6.8513925058548
8.970717003844458
6.030526038159372
6.595205445673956
5.715598989898989
5.609677873563219
4.705976888426888
9.484585864596017
0.9915421867881549
5.260248579124579
5.407206672802577
6.213445254745254
6.103084727061557
7.718178860223335
14.528239336301095
5.074445903885144
5.500219936204147
8.19983393829401
5.714122486644001
12.012138945233266
5.459283542269366
5.066048717948718
6.697010588235294
7.59864761904762
8.917336906182861
7.082850863570753
5.9172059602649005
5.117154970760234
5.576081083032491
5.41369383580835
5.351853983739837
6.440439811066128
5.396341874147952
7.030158350045329
5.9207026077619265
5.952749629629629
6.448818353576248
6.614626368159204
5.570937023505055
7.260244537815126
5.513406017925736
5.771990378578025
1.1099891652207443
6.149599248120301
10.071416113589382
6.5331451612903235
5.795188258552518
7.116167965367965
6.556691149068323
6.800802907293072
6.743019675925925
5.625675902484764
6.404663129663239
7.412131555436433
7.674595596413574
6.666930194182209
7.674687402126914
6.132429611330698
11.450970705754614
6.883050271950272
8.926283680762358
8.11547111535754
6.440998716865993
7.1387815702580415
7.700072378516624
8.820192570333596
7.257502985074627
5.560178575207194
8.849269034724434
7.827319966070729
7.921345950165491
6.568393383164869
6.66265193694449
7.953299926212876
9.315519682881913
7.2600161912870735
7.947159516719551
6.238406753075983
8.873088644939966
7.8974612625538025
6.805829557816933
9.166521643918713
6.454745072847983
7.595994986225895
6.982261801801802
7.643598123839406
8.431124096860948
5.838689918100994
6.598930841121495
7.9415025695235
6.700045231144333
7.687260784313725
8.389829969895153
9.70412511111111
6.507781954887219
7.0394195085629185
6.779614100357474
5.265361285093691
5.7703401832607
6.715939456574478
6.550236193954732
6.713670402930403
6.054618053375196
8.600283202557396
6.245699099099099
6.361401572573768
7.376317435897436
7.841715115594788
6.079736414565827
6.85483796604236
7.842747036938612
5.580405128205128
7.364671461187214
6.252377536552947
7.69641163010144
6.617944167911067
6.93649047821266
5.94799961881256
7.747001523522519
8.26713658210948
11.52401338307083
6.961005747126436
7.227681856100105
5.743848216216216
5.441578641509434
7.1762305740330135
6.65211957730812
7.979903174603175
7.938299645141799
6.811155614642244
6.725649090909092
7.957847252298264
7.624465824504211
12.874151256490133
11.223090476190476
15.527044117809888
18.11472909090909
19.078154875283445
5.746325820016821
12.752032645815722
14.28752121564073
14.828475268817204
15.48943107817356
13.740501966514252
12.947326877470356
15.165814631086784
17.118123606271777
9.550081144781146
15.798025252525253
12.130487513409141
17.86907826349475
15.921219113905105
11.317070740103272
15.808729389424482
9.781335527900442
17.9343350347885
17.631303521068006
19.613578260869566
11.695696825396826
16.094253153153154
17.396680371352787
15.044304616210413
13.213526287001288
16.087668253968257
15.276045090026816
16.78552308091671
13.721700090250446
17.51505099133122
14.227884573208723
16.224134422143514
15.460504395604397
13.092423190541252
18.223306075949367
18.4839013107025
10.471453729729731
16.88550702471298
9.265970161812298
14.024131766950525
16.80538888888889
14.383120479302834
8.614188126288303
17.384148598130842
17.7109120623141
15.599059937727038
18.308934007314885
15.411354316556546
14.0786925781883
14.801194254165832
17.242787931034485
11.900743153244989
9.97357656691135
15.221288087447244
16.182101736000845
6.736831904999169
14.142143084914508
12.437143647580491
13.290888583370654
14.06163053479011
17.24444451345756
16.032458424669013
17.62261307610506
17.616473392461195
16.427963224207375
15.805463856901582
11.863849680557754
15.23533946649526
18.19778173943174
13.605798291925467
16.215590828994795
19.5479787456446
16.016941483803553
17.642740496501915
16.274048395721927
14.341531963417868
6.687007934209998
7.696647287735849
6.795511845730028
5.854036603328915
7.2329298284862045
7.970933493435799
7.959202464788732
6.219763800305655
6.327144232804233
6.546218765044479
8.165650099312453
7.886914312486381
6.624365271493213
6.6039588805751785
5.981807624200689
6.173891665621735
7.1683769638183215
6.220758495128861
6.033246074173071
0.928064162275483
6.9786236853002075
6.2941515
6.416071032186459
6.787266304347826
6.945531074088098
5.393166200194363
7.434044159544159
7.225426804123711
6.1885338801776495
7.89307797752809
5.873606220095693
5.254385018450185
5.979578490637772
6.1152725241442365
7.617910341408132
6.611988156288156
5.702992307692307
7.0007809790922995
9.871272197962154
6.603177707006369
10.27187837336118
6.101315444985088
10.365712774349667
7.0326760936381625
9.012310761657323
6.293115855228288
7.720077511671974
7.634519298245614
7.820824612010099
10.624240638421146
10.656104773960218
6.9961327450980395
7.060735294117647
10.014818152866242
13.497385823323723
9.760040196078432
17.654182349076233
6.529201933360756
11.96680965854937
9.983788123924269
7.54353225893097
11.076720454266422
15.009233454709685
12.76783544421248
9.793436926124816
6.350940579710144
10.115758419370376
10.448072204838848
4.822927765466851
10.84657586431479
7.446989411764706
11.26555655509539
12.553709852216748
6.925000470588236
6.902310788530467
12.97406738816739
10.587972092422874
5.538734889434889
7.929645115962074
10.52222543554007
8.455154994160363
9.329113607920053
8.882539992294355
8.236871794871796
10.738355170524844
10.646682857142856
6.8993371937739685
8.736037110535904
6.84812619047619
6.73918056099152
18.530566012359145
6.208651197238
5.9074286185761435
8.535400896393579
9.584530127736592
8.340428018669076
9.803638095238096
10.042829032258066
10.40043914924297
5.969230222155956
10.54381400059704
9.309688149763723
6.114070423853457
9.138379792427997
12.01853696987966
6.895009501824738
6.1291850505050505
9.668736487322203
5.575848979591837
6.865237812378357
7.680146270750526
11.792241831634973
8.138603884134298
6.92252132823698
10.126774051810505
5.514867569310122
7.396641454007842
8.386497175866495
6.669356895495569
8.25611098901099
8.053751945115371
6.393549771499792
7.713841309500296
7.209409811320755
10.821676505820413
8.661495474006117
6.690091115148012
8.254370186465536
7.340430809628009
5.260473234200743
17.306162821673347
6.390294179329227
5.98094790960452
6.569552735907495
6.684163271604938
6.2877861888111894
6.3784052670349904
7.7676482695810565
7.458317442132336
7.092070317195326
5.028121634332745
10.539596450648057
9.02551436437749
6.364823426702538
5.914551847184833
6.198158139534884
8.533326423133339
5.5471585987261145
6.592849155145929
6.469761622807018
6.528212215445122
6.309951188811189
9.400860577020076
6.42408
6.858252835208827
15.850541495668034
6.397777765259461
5.559467392875581
5.735061344537815
6.969157142857143
7.5835960751425695
7.595763547411492
6.820070507689067
6.754816902145474
6.298835715400218
5.509630138713745
7.384018865946488
9.15241341385887
5.565590031565014
6.004421568627452
6.624374503517678
5.464700840827667
5.862387843137254
5.962355684442715
8.380686042376649
6.062090950226245
6.68229590180564
8.725005245647111
6.630239690189329
5.761253535353536
5.906265480895915
6.9734243211987135
7.66064288246372
7.14808303257558
8.2532597420129
6.445969597069597
6.772187048439523
7.095921947046843
8.904048493516399
6.331023429552001
7.325282894575867
6.586498148308385
6.118331451795555
5.1315277170787805
5.2131186057387175
6.580837468982631
6.976175555555556
7.109814285714286
7.047418050517708
8.179528374005073
14.509299080601977
6.093261511962178
5.863782294489612
9.83055
10.147056867351933
7.556670972283511
10.010761366459628
7.372612797224851
7.254957142857143
6.109964091877373
5.451583182795699
6.135456212668682
10.306852255908332
6.275630030463364
5.503296654426765
6.329642857142858
7.199806230001882
7.476247218996
5.754523985613128
7.19308902189781
6.718808001576665
6.568057394172622
14.395315080285302
6.237745993031359
5.733378561310161
8.693228978703136
6.471825531406735
6.909554475937163
5.864719565217391
7.095383675464321
8.05579033680834
8.039275312760633
8.085374695692316
0.9769625092250923
5.821266016991505
5.547534252188489
6.802176666381449
6.044009895562864
6.765520588235295
6.88898254400522
5.812871276595745
4.845491037446286
6.020169576958781
7.87490808141275
4.894440375586854
10.095425541125541
5.947111359724612
6.809233333333333
4.893920454545454
7.830501888619855
6.150062795464736
7.454456346294938
6.726317889975194
7.038567464114832
7.476107843137255
5.714227826086956
5.600573702004347
5.655316816816817
7.6210806185567
6.300974589646465
9.986289852008458
5.808321276595745
6.181101889694572
4.909486025486146
8.142943103448276
17.909342704626336
7.997851214601905
18.21914339128364
7.6698302737128685
16.2700445984257
6.48521101487897
6.867405034945087
8.048514737301069
8.920145700527401
5.968925726670067
5.6838176394293125
6.070807692307692
6.138613421141506
6.3743105076618365
6.6004177522573855
7.500070993589744
7.37648194059406
8.058523211875844
6.495224357326478
6.646062801251956
5.790617190775682
6.377756279128354
5.5573227743271225
6.774816006692694
6.955646428571429
5.908483453815261
7.127810324857479
6.5018284955752215
6.426112529493125
5.815619425460442
6.366404392595027
6.54144766848928
6.241695681818182
5.409494108527132
7.12589075281565
5.876799560662386
7.249475228875092
6.809457626948216
7.159101450700763
8.05473811330984
6.045220336303536
6.956750461538462
6.428038925938926
8.088237927663734
5.743541666666666
7.707724310776943
9.0781669202088
5.793648777574262
6.807165324899367
5.532690431893688
10.216708792368582
6.400346808510639
6.064301699196326
6.581124422442244
8.705517128992065
8.47116792444314
7.258334468085106
5.6589484848484854
6.19253989655697
6.468640401470172
6.549969427869428
5.754939603960397
5.5671783848409655
6.567465974698383
5.389537259271049
5.682070778798849
6.991256835540607
4.971065523690773
5.439362978953049
5.784552386587771
7.083313754187974
7.579842568542569
7.82181311059311
6.114242204891882
7.517886360575093
5.8958263785394935
7.34180619528058
5.748253704866562
7.333571317829458
6.878860132890366
6.8548049366709884
6.724887023711219
5.304824123530058
6.8083282988871225
7.348686162269786
5.821251633986928
6.376004545741126
6.057276751627496
6.595997968638632
6.532540823970037
6.813385077596498
9.19749452181987
5.354771284515073
6.067316518408697
7.762736815920398
15.10374876033058
9.57560304509176
6.613333584869615
8.085958817471896
6.825675757575758
8.840911550151976
6.496094584887416
9.011469172494174
6.535142708734128
0.7682059460027315
9.95626661978434
15.251500560224091
7.2962177146488045
5.123096319018405
16.02072857424377
0.8793088211696812
10.393070787494022
7.7979645544554455
8.529958919131461
7.447583275261325
6.8296760034106825
9.455247711937186
6.174632778932779
7.841639047800058
6.987548221925134
6.486401316701317
5.887297412958672
7.422242104476869
8.02072033898305
9.522533968975399
6.707519350127784
7.781286971830986
5.532378913192071
8.122469865841072
6.89345650468958
6.93873237056159
7.237270080522588
7.227509694530822
10.618708871466886
6.588444308840703
6.309479709560307
7.259729249011858
6.179296873371547
8.903295693367786
9.70339072050551
6.752712121212121
7.043434657836645
7.768066818097877
6.676925467181842
6.687827978623915
7.4129412066752245
6.216384648493543
5.994239357935793
5.045839828498449
7.255985555139487
5.875727440437563
7.312440796289138
7.432005082440932
5.617113877495214
5.475818169654803
5.801932740123691
5.3168233533949305
6.67800571485464
7.552098400826539
6.853371254162042
6.842550516717325
7.931356652907816
5.898176492819349
6.654636730945822
8.0084885626811
5.676686610089581
6.644351067096576
7.791158590418862
5.860007003873319
6.414986517091309
6.100425798941799
6.200170329024678
6.501167671957672
6.755334444068943
8.742554976430977
7.619462299587724
9.055273426500495
6.859765567765568
6.418217948717949
8.718473099415206
5.841612583148558
7.228490947666195
7.412717765758269
5.889840061162079
8.030015344982885
5.584069541047188
8.02877341772152
6.459137562940583
5.5977147197536015
5.825227156101228
8.699991681142636
7.667812953367876
6.505127140288884
6.756246174424827
7.255938163771711
5.855492553672317
5.915224664602683
5.825176268294873
6.268486716171617
7.62310351621168
7.45327701640719
6.611152766639936
7.325535496678011
10.599642857142857
6.917643666404406
5.401609478228228
6.878064790764791
7.817747620634128
6.423794512030279
6.222042518127884
5.65201162227603
6.042652397716699
7.369666666666667
6.953719633699634
6.946073942294355
8.089831223868053
8.68914031231926
5.784117349265399
6.54977171620326
7.924307418952619
5.509581920463407
5.929044333040164
6.582614193770831
7.241996939811457
5.2555466029449756
6.440332298414116
7.075478504791157
8.467860721925135
9.179270800722456
8.446011462148963
6.353587912087912
7.340756619498849
6.5752216931216925
7.4805219186685505
5.839695011337868
6.164250872803098
5.8283344729256426
5.943416426308314
8.028987728605333
8.194502415436148
8.844425386822557
7.032838991511362
10.816015151515153
5.4555677871148465
6.11155096641152
7.623795332211943
8.560984929078014
6.082952164137156
13.731570409610915
10.201000168401716
6.857316628794934
7.494719562179785
5.848229584599798
6.973631362889984
6.703431486577939
7.118283256056264
4.812160915174534
6.288451552795031
5.743504778554778
6.83804350877193
7.985075978407558
8.114243589743591
5.619161361626879
5.625689705882353
7.142572116119175
6.4770803921568625
7.367165773508594
7.6210806185567
6.295186725269835
7.742194235588973
7.488596005382222
6.576625764443485
5.946688902681231
6.212922660098522
7.962389458689459
6.827352904564315
8.86657472826087
7.04895101010101
6.995735072463768
6.064587556221889
6.22454926686217
8.577309523809525
7.0287712204007295
5.404038461538462
6.146653157648526
7.999210442909386
5.144412050462849
5.968514868105515
6.914216279069768
6.203389819967267
6.746813642756681
7.9250807228915665
6.050436849674613
9.195339718779445
6.665051317829457
6.883579192897498
5.203156134706134
6.381849444032616
7.292612429378532
4.852081931905018
6.606214600550964
5.728673396926338
7.710572931726908
6.394829228243021
6.27293324590164
6.484430658783784
6.335654790844514
5.633828928483049
6.813561363636364
6.1718238461538455
6.591171739130435
5.74826212731668
6.870361575532901
6.510541255387604
5.473591749021431
6.7569936100131756
6.3258548213654056
7.093499172870141
7.123607843008349
6.112435478248239
6.437703017705927
4.83753872679045
5.971145144356955
7.093978388278389
6.831475324675324
6.034836864633494
5.707946153846153
7.652676017764619
6.728146483854669
6.256782621082621
6.488120242337847
4.919843895619757
5.321492361111111
5.429130933261353
5.28117280334728
7.8316087595532045
7.508329066503967
6.723329625607963
4.735771632071632
5.265595717267688
6.497769483568075
8.210992736344199
6.144895846313603
6.494603693570452
4.918115116590727
6.509030769230769
7.197880418041804
5.479104985602633
6.088947916666667
6.371298920377868
6.013029066431251
6.349252380952381
6.997257879014189
7.005130136986302
5.077591843306557
5.797800458303803
5.6831993721973095
6.22163021978022
5.678719580983078
7.772137931034483
6.908145858833129
7.28194668759712
7.102007051722269
5.74463619611158
6.056372951727777
7.922756364974245
6.486948051948051
6.2321772315785875
6.5150074688564885
6.403896579030725
6.111317032477839
7.189491935176877
6.445868613314107
6.188203754266212
7.137225871930021
6.0482320066335
7.107897335052654
7.320532793407217
6.944192625368732
6.459393205451792
7.148504444444445
6.961199641368616
9.48117619047619
6.850348912097477
6.063877318996417
6.988272669220945
6.488263615597977
5.693339042207793
6.88613671918443
5.851256319514661
9.72030746098211
6.443372238805971
7.205861038206945
5.834295839940305
6.263577749254146
6.437052069342958
7.111858282623395
9.228807692307694
5.878401498501498
7.168126405680292
7.42612992248062
7.426265593561368
6.463263308479279
6.222519712090435
7.507317897233202
6.655730669695092
6.274410584795322
7.549012820512821
5.937704865813895
6.3167806295874716
6.721720151295671
6.027527330779055
7.512239575394665
5.608015746753247
6.37982345013477
7.503306345475911
7.413469498828535
6.96584816881758
6.871194505494506
6.478716545804351
5.756633439481995
6.313819153066796
7.000635103426983
6.382991228070175
15.795482872200266
6.444740456340501
8.161222819443651
7.789438696149447
8.251329605518098
6.662176087553806
6.513175410843188
6.497648351648351
5.140821893709128
5.429353634085213
8.581183629807693
7.276934617940199
6.061358095238095
5.714284541062802
9.073260869565217
7.481926606393284
8.063393333333334
6.190769626846555
5.287317227796358
6.427365359477124
6.8646635638297875
6.070686096993712
6.101647968521881
6.688120720108696
5.221181481481482
6.428711087420043
5.785134616220059
6.3962540204239255
7.488072688914461
6.164007340485601
5.877556141309296
6.644264968837309
6.943773193473193
7.573586672083296
6.627501503759398
6.460147329950985
6.482200851161721
6.805570214592275
5.854863501568292
6.946795201698514
6.168668851508121
6.682015104966718
7.151727138643068
5.394141171753384
6.343924168503049
7.744069868650103
6.836047511312218
6.899811782363978
6.564926127597275
6.138884875864876
5.635786352576863
5.631033011065813
6.751493301435407
7.698165477242599
6.111922355387062
6.7633557786702365
6.012653319327731
7.86853247163411
6.50418486888864
6.997486802030457
5.483499392097265
7.937908483538791
5.970242447026657
7.047981395348836
6.931163911074516
6.014159833178869
5.670891429611524
5.442716144533432
5.674127124004135
8.672435483870968
7.122449367088608
1.1045194570135746
6.363073343261355
7.053954437229438
5.071412121212121
5.429909211252069
6.338192682926829
7.634099481999482
5.789920812423066
5.583491061869787
5.727949070672734
6.152967893660532
7.468078991922957
6.317497348022821
5.6124460377358485
6.228322129436325
6.786659372386144
5.385513389904537
5.897717833736885
5.703923980439485
5.887601780373166
5.920162103174603
6.969914225526642
6.087832683297455
6.283706353011687
4.97669776972716
6.457763051702395
5.472502312684366
5.229134519104084
6.314218144469706
5.9856384615384615
5.916602073365231
6.287632533790216
6.044555382775119
5.798079342723005
6.261874233971333
6.095552060014289
5.932090678300028
7.1487020711698275
6.564718949677773
5.96387946197158
6.016309462908099
5.825519664268585
6.4786320987654324
5.816387497779093
6.409449225589226
7.113892200823992
6.247733831990795
5.635440281659269
5.600836604136604
5.557048126159555
6.380909555397615
5.636303515523814
6.538944233432245
6.667853666954271
5.874975491863006
6.243015086423896
7.435513005869632
6.603709721203228
5.381835485651214
5.554559537658464
5.086730707716913
6.010104854489164
5.779011923688394
5.275371921886164
5.419299100449775
4.673815441074643
5.062389119683481
5.410917267071204
6.953386287625419
6.739647955822515
6.209603134920635
5.668162471822013
12.639661805421417
5.794010911310911
5.38642600143575
5.562411284046693
6.553135862068965
5.529502516446318
6.564666652414209
6.1189960515713135
5.684428607964925
5.696376023391813
6.181547619047619
5.274043387881468
6.704587878787879
6.2327194200102145
7.90122483059376
5.408149523809524
8.450251272301843
7.817132520325203
7.3276666666666666
12.48334240080218
5.281214465408805
5.9482508071779945
5.2145441314553995
6.812629914529914
8.352796243798725
6.734985398115329
8.21739523809524
8.508690548277535
6.49465396700707
7.425287878787879
6.573470415814588
7.394844777327935
9.821529759328481
6.620623456790123
6.114405466698496
7.025295962043207
6.535285430985109
6.69963492623881
7.39191560283688
5.8465273786407765
6.006665656565657
6.241880281690141
5.592043693693694
6.803516711590297
7.439514285714286
5.79750354488279
5.5529912379421225
6.025214624129516
6.8425155146420575
8.67450387237524
6.319047916666667
6.878755607428156
6.057082084409991
6.105845191915662
5.9351605423227785
5.8410419200954085
5.190657854406131
5.818156560563084
6.673849741315594
6.760495397807446
6.4654809181636725
5.013347311827957
6.735989433992221
6.085779347143754
5.782069010043042
7.190085398981324
8.741407327141385
7.482364482501861
7.027700341038273
6.562611627179608
8.399502036593113
8.474303840166062
6.784834152334152
7.439168119249172
8.58607142857143
6.409799313554393
9.622985714285715
10.573393207941484
8.86475659175122
7.1804812254527075
9.551516098484848
8.516184391449135
8.132938951310862
10.598568168416087
7.509448432760364
7.400570183105716
8.044489468066182
7.694250121654502
8.402410075713455
6.642793484614062
6.241757516339868
6.972946638522731
7.066160084637186
7.368827393431167
12.029762716008454
7.5035580540649995
7.634548464486325
7.236278894618345
6.9092187026844645
11.821697014925373
11.099338898333901
7.5894793690402995
13.734683495276933
13.878007142857145
15.031865842001137
8.433848375733856
7.675733127210398
6.196329850469025
6.376178329513624
9.253286407549705
6.679739697950378
8.043792021276596
7.072065852130326
6.1629588823051
8.23794645098986
6.6289568356374815
8.972250084398361
9.238760509363296
8.448746024718687
13.874630789473684
6.076096255274262
5.688632329903241
7.530919089803717
6.3989150375939845
6.000668934911243
5.872306024096385
6.104820987654321
6.353659170653907
7.082878166127292
6.308077409024746
6.690885199535064
6.272712481857765
7.936439348370928
7.201661160036441
7.157057218828287
7.097967752330135
11.352405725169767
5.433036443542934
4.875722835955697
6.532234272300469
6.519266666666667
8.498179947695325
7.976787621377399
5.954305579138872
5.928854047460634
6.683433333333333
5.567609619047619
5.891262284702838
6.823860818713451
5.765289008976003
8.044330934549007
5.394710903426791
7.457598932384341
7.520691812865497
6.66728803245436
6.668368101592767
7.392265077044887
5.931028436540577
5.538024406175772
6.200834706959707
5.972868523307891
5.966686938829964
5.999969822296597
6.66542091954023
7.435524225255387
6.156582024882025
7.465880692666638
6.265625287356322
6.065465264663805
5.25766358735604
6.342457894736842
8.262822076407115
6.397298660768836
6.265555969369997
5.217354650645305
5.981950478612452
6.317625581395349
6.771861791505792
7.349472207455872
6.536591763405196
6.925598729227762
7.191201893131744
7.334468253968255
6.0509753812636164
6.32438356771335
6.9784960871498445
7.603061363636364
6.4552806501547995
5.86659352559901
6.202213947990543
5.969936993185104
7.558708267922554
6.511646254826255
6.430837643207855
6.808337143814952
6.394795460337687
7.1665
6.288448703530147
5.776489184276301
6.3245260869565225
5.266499535423925
6.134359936658749
6.297834065487086
0.9130023809523808
6.438255933701657
5.76498811928812
7.229976733926376
7.085241603532419
7.975608194428255
7.024197090497572
8.181529101449275
7.3564864203012394
9.817897071842015
8.94038888888889
8.06504761904762
6.428797721518988
13.119121711366539
7.3975884123889974
7.667226153846154
5.698033446905168
7.882605064039409
6.723559335686487
7.675654987551868
5.750458398229712
5.179869570707071
8.823319103865973
7.525342253521127
9.035266554371908
7.528247474747475
8.930660869565216
7.741348241852488
6.833047883837633
8.312010023310023
8.017285643564357
5.24923303666031
8.572637225380243
6.463088275487227
9.603615689071136
7.677423016270338
9.461183154121866
7.883176413255361
7.260838329430133
7.073485218365061
8.017975494659801
8.963115105172506
6.3660492063492065
12.172709901618534
6.519231623931624
5.608908749470114
6.714961006471555
7.1357789610389615
8.469180912832023
6.760054027420736
8.451607385285644
7.625984121882755
6.433319305962854
7.363267669616519
8.90541130952381
5.337613475900543
7.702247725959188
5.778575703244536
7.1033660120426125
8.105168449050087
8.333069037311894
5.796612787849094
11.956961034904252
7.42137411537318
7.530204230317274
6.67915409965658
8.691700240384616
5.888511387499119
8.029411156393277
10.028351019125438
7.076295702148926
5.681664384227147
6.06266833890747
6.709654485131482
6.4379822687188835
5.931465826330532
9.21055458937198
6.958446916796943
6.852931113188648
7.055862192837466
8.42501627906977
5.061535952173713
5.565884984984985
7.079146601520087
6.324427217125383
6.155834656838657
5.797010599078341
6.9880531776984345
7.608373819241983
7.747763632210166
9.587857577891217
7.69320479712825
5.847668331659209
6.306946679892636
6.765112293155433
7.681536180854752
6.913697647966069
9.22820528056326
8.998887722152212
8.953986208576998
6.8807286204782345
7.467701359538939
6.804381242807826
8.294248488718603
9.893103382282138
7.994903763519085
8.519721967338935
6.108518258281574
7.850739649781113
5.467452188405797
6.7434988083416085
5.244414066496164
7.442782294489612
6.879465722801788
7.23428444846293
8.059571943823812
5.9181096530920065
6.031545579793342
5.775845844385499
7.002923232962008
6.3276987809125735
6.851704508856683
6.652674760042659
6.088645292847161
7.399501754385966
7.876429912390488
6.544448214517596
6.401938167217761
5.72958300060496
7.252231623931624
6.087206366789751
6.189572522159549
6.031075080665177
8.04918401084011
6.438057313602732
5.654063398692811
8.005326707519469
6.492027202406532
6.1845932330827065
6.501081818181818
6.485065065666041
6.255543643643644
7.300663170163171
6.197990942028985
7.084629558177192
5.986879558902636
7.6163139986139985
5.89767645462527
6.0407896973531585
5.56784512987013
7.070410503018108
5.0755013462101255
6.56269721448468
7.57890051622419
5.606156421356422
6.773884232365145
6.45396367688628
6.124217304533918
7.852767836257311
6.534980459770114
7.705044859813084
6.65230199174156
5.4501698387096775
7.552575532460699
7.269534797546013
6.858174074074075
6.5038444338194275
5.821824653405666
5.375178056707657
7.6954829658893
5.16343431533006
5.745695474667979
6.379720334448161
5.513891471128341
6.095829081479577
5.570191725846408
6.3102954469524395
4.849190915300547
6.225851241157945
8.424709394201447
6.4542828027334265
7.0226298895751444
6.617159632173205
5.7902522833749295
5.926346706202917
6.82545769903067
18.133312242424246
7.137254613879271
5.79731958276364
6.311993015873016
7.804064322697171
7.227191216678813
6.772262810313617
6.566192925224862
5.888384066616952
7.467259878419453
6.236651214154973
7.121025570320301
5.729959771048145
6.218322772582136
6.815180754782533
6.6485698412698415
5.945124551638838
5.887772659524918
6.290640515222482
5.45134438633392
6.30855974025974
5.355349944382647
6.979739757020864
9.171171696720448
5.928280990024469
7.2647211880329525
7.41732724800065
7.161124316109422
5.840275508509755
7.203710819018696
7.07963748801534
6.893543719806764
6.52108500139782
6.314188846042611
5.994762785388128
7.056005651327995
5.8566397550192075
6.138410408432147
5.977361202000508
8.27036893939394
7.622974302034155
6.3421177633448345
6.5426785625
6.164262293729373
6.658003737191079
5.924378499568842
6.234248816568048
6.381815883668904
5.786560264585514
6.305453238987443
6.405716880707763
6.397739556692242
5.246139670960733
6.620478609625668
5.4590700084068935
6.037881231671554
5.980998025551684
6.694530303030303
5.689740943835162
5.585332847144308
4.751899090909091
5.980933966033966
5.1548859912445275
7.810738149556401
7.313536662942272
6.550505128205128
6.557173493975903
6.241446575984991
8.114999417249418
8.115575292734754
6.626314043583535
7.839959649122807
6.49656207882377
6.158985759785433
5.873769387755102
6.3589364409353175
6.013836353391932
7.573535933940775
7.569602228612509
7.655373514211886
6.010589871504157
6.355993276336763
6.902595549661068
7.979088211788212
7.61068327661926
7.206232684023226
7.265373260073261
7.32271316211878
7.916276397228638
8.741217833800187
8.106366962392453
7.90390064935065
6.651984574468084
6.8244943977591035
6.6426228989320535
6.020719723798063
7.996772727272727
6.86939217786433
8.636570546400232
7.243338497186362
7.3756290931650215
7.911377309682188
7.859710989010989
5.985273252279635
8.015087622094264
6.449091024519549
7.109217151675485
4.962493137254902
6.854365317586978
7.086460606060607
7.323414773362232
6.384368787113507
7.570463423732232
7.207342359932088
8.55220038217169
8.44714244105409
8.26462773892774
7.174782621759947
9.038477777777778
6.309585311071357
7.007467884828349
9.29847894736842
7.84718834688347
6.658266055207173
6.682273217104319
8.641569301295643
8.72407237491191
7.428415535444947
7.055988605445975
7.69445693008586
7.660371034318019
5.74339446985447
7.17784595959596
8.589464017605344
10.401357388429753
6.262185185185185
6.008340796019901
6.699475845410628
6.441614336825965
5.187094293239683
6.644742368177614
6.486616984965462
6.247830555555556
4.931860493827161
5.638811849710983
5.824550538525269
6.381044405751977
6.85201211750306
5.517768934240363
5.697257665030006
5.9739450974215895
7.940943734643734
5.626143168771527
5.9481563706563705
5.484189109871453
6.437773702157681
5.938422077922078
5.954208898944193
5.470846200620827
6.754606432748538
7.273744911275562
6.020654195011338
5.833693740219092
6.7332969185619955
5.712078431372548
6.198567226890756
6.290261582748875
5.956585899539098
5.130223353054577
6.554022684668059
7.799719205909511
5.810387301587301
6.339157688273548
5.657508160633693
5.975005829351535
4.774096085074346
7.865320653950954
5.534912869435091
6.288749122807017
5.40593503690554
6.103428130745659
8.2327077294686
6.260276518218623
7.627582872928177
8.327543402168157
7.60068988385163
6.7382614906832305
7.828459418827565
7.120691720359984
10.534783408842433
13.076477091106964
9.60638476818787
14.065775089322322
18.26250437687779
14.25949148672666
7.895120591389612
7.035814337650534
5.914332768361582
7.90734553498547
6.661479138321996
6.206721637272967
7.721494886194887
16.030726666666666
7.035328472821398
7.294510178474008
6.385284456248252
7.439497756686798
5.684589659146314
6.539500962676557
7.155518978259697
6.397939395131331
7.029987727353894
6.862001773122476
7.362109200438116
7.825240547588006
8.014698653789875
7.7107809288015
5.645825223767928
8.469067692307693
6.670027022375216
5.287869525229928
6.283186725663716
6.0420600226800225
5.523399176715745
5.634773376423515
6.36528173374613
7.479107940074906
5.0865940226938235
6.354201092896175
6.983491509749303
7.093318853046595
6.437345674537083
5.678430707070707
5.078201587301587
5.853795352323838
6.381653654188948
7.071747069988138
6.600234761904762
7.290999389263902
5.53896978021978
6.076321799178798
7.265882159624413
7.137225871930021
6.17839712146734
7.10704794520548
6.8916384483772655
5.524816046084489
6.207266137566137
5.911866106290672
5.30672073568449
5.79750354488279
5.766453799602317
5.841938893007166
5.479457239819005
7.005806556317083
5.95741125737008
8.58084735379563
5.902923610157859
5.5824322360764755
6.372557556207234
6.330274614967882
8.341089103803997
7.379781967213114
8.310281818181817
8.106771300586963
6.822742632066728
15.67556210901913
10.865001883345656
7.459568799187611
6.851555175983437
6.793849090909092
7.469733883309422
8.585538952879581
9.580684026996625
7.231420547945206
6.4632047917599635
6.360327994687915
7.088741045751634
7.152566653346653
5.53337637662711
8.627595894428152
5.686650631136045
6.661479138321996
6.658532608695652
6.923486348506868
6.267479122445747
6.561999578059071
6.792360780984719
6.30735733922435
7.952508163265307
7.46180886850153
6.602422767908975
7.415834300254453
11.212333519015198
5.665940369088812
7.543242243802709
5.535412659846547
7.000451071625759
5.827986341027017
7.827816867469879
8.063396020539153
6.744409656015366
6.680448239248339
6.396218018018018
9.454224063324538
6.625696615201901
6.623885288753799
5.708575213675214
6.088924685798073
5.877536764705883
9.60839047097481
5.1724968717968185
5.800479904453691
6.120610880710949
6.008275747460087
6.116025434718538
7.180215860014892
7.240041807238457
6.1747837552742615
7.183016098484849
7.757782961556716
5.349814699792961
7.029513190252627
6.8861439407495775
6.536579488407471
6.670642399002777
5.976764210199005
6.156565949820788
5.794895061728395
6.140970174018616
6.093552476864453
6.590176539589443
6.276231857891672
9.81147651430695
5.264375959656782
7.385985740757898
5.876831010820798
6.394132783903603
6.572060107816712
7.349415601315602
6.786163660477453
6.96035649359786
9.27100833854374
6.444606488801053
9.34594426495913
8.87094939271255
5.526773822975518
7.144498828666839
7.354772020476724
7.806838942665674
6.281993443754313
6.275649337748344
6.773640718760303
7.105026984126984
7.5580213216542855
5.9800300613496935
4.924766666666667
5.705610077519379
7.041791265597149
5.201321621621622
4.86838551751279
6.150568919206087
6.105676465479809
6.032474384385139
7.771992785809065
7.013767607630072
8.635944676909666
6.204031986531986
5.678152197730533
6.622157764457764
5.577465721997301
5.768013579987388
5.704970615095353
6.536244240216371
6.255250821649329
5.926764433811803
7.290649286620655
6.031273448773448
7.537572141361524
5.690493201942302
6.4458771672771675
6.579117985125084
6.393584121372809
6.376642570198811
6.999728417496119
5.898908555033907
4.911490909090909
6.498959343653251
6.600559318181818
5.975492765481779
11.90021919340792
6.210453113553114
5.020850052246604
5.300522978969709
5.653505787627552
5.584439855475264
5.095450778354336
5.774686403427081
5.900591463414634
5.881890627763042
5.4918896185115695
7.258836993436816
6.7053336155447605
6.093280303030303
5.570733704292528
5.04230641025641
7.438290634582403
5.256462250054933
6.877304898584002
6.470629457364341
8.483763671452833
5.8418854080629306
5.496678397593656
6.081697505668934
7.062075455309611
7.4116585565883
5.076296689865897
5.147652941176471
6.684000803212851
6.375013163823624
5.169379885057471
5.968652325581395
9.633497575757577
7.126561018067816
8.018240080470441
9.018288122605366
6.920123922413794
7.011908563476771
5.68964963297572
7.585366666666666
18.919417663940308
18.804966204595047
6.718049693251533
5.751710151515152
6.500896149949341
7.213844015632633
7.207983720930233
5.800190909090909
6.691229929386203
6.034118394925538
7.092875
6.755334444068943
6.218004977375566
5.580467478309544
12.878629094895086
7.396470775496635
5.173930677798217
7.77449857165784
8.030781160593794
7.849435243449089
7.287755931556031
6.393877770720865
6.131480500746145
8.992452538964304
7.709165006450166
5.847729387755102
7.208595766773163
6.772064068322981
7.339351697425382
5.985465008201203
4.915841987829614
6.611610267857143
7.253238011695907
9.211579917184265
6.569081816693944
7.026649094845284
8.180771980676328
6.951772894164193
6.352436417131054
6.702407692307692
6.179633508887426
7.095054177775257
8.180038810545678
7.318273142311366
7.6155305143853536
5.74541249625412
6.96280303030303
5.986186468370339
7.6166000197823935
6.164013648433351
6.549739313890162
6.755260649546828
6.2473101307189545
6.648252709946396
7.027220213630558
6.874689074693423
5.592229650657256
5.605698455598455
6.829406544529262
6.964746420246421
5.837608563043706
5.884917019992455
5.90839713423831
6.156845238095238
7.254229568106312
7.943769738410829
7.17475552891819
8.185166492829204
5.341362872975277
5.775347179487179
5.959136560121766
7.168695890410959
4.892139780219781
6.43585104075869
5.490870641731779
11.418898005698008
5.6374128014842295
7.709181739130435
5.900860364246345
6.063086316835619
8.441618096665419
5.956007756743173
6.891395100401606
5.531851512548322
5.751071428571429
6.0582548963317375
6.2622365400843885
7.435966479663394
6.5462045792375925
7.868128853198084
8.421664634146342
6.763507050092764
8.088972324410284
5.590230158730159
0.7446818181818182
6.879996412113233
8.172337537743065
6.689111786892974
5.998920235699914
5.816606556195966
7.17331886523905
7.250785974085019
5.69809563450598
6.908164285714285
5.153456822887257
7.354458257425742
6.584684669870985
7.750731754161332
6.0151585072515035
6.560123087027915
6.360653366174056
6.397663628899836
6.926704265024519
5.257680066445182
6.491338449612403
5.385981945432977
6.711121637041914
6.4528715000000005
6.448996894409937
6.527478354978355
9.238284514435696
18.353711141855747
5.706743239113827
6.121502083333334
6.009966778579822
6.835992731829574
7.778373614190688
6.616684126984127
10.77988947368421
4.999242857142857
5.344266726084373
8.136670171890799
8.571768729281768
6.217285244267199
15.057820232413366
4.851203703703703
6.102111034482759
6.596448336472065
8.222763784695383
6.554399689464516
7.075653165893458
6.752619134199135
8.01289771146906
6.811104081632653
8.316328966131909
6.8056227038183685
6.69379689159358
4.910200082638419
7.956167235443797
7.9293029227672545
5.778721308788299
7.693623809523809
6.90412380952381
7.508179647983595
6.2722788946819605
7.419047126436782
6.505172309299895
7.065942194092827
6.960684098986441
5.5314775943947065
5.515828352383608
5.292784962406015
6.607167066189625
7.920905660377358
5.9019431405745735
7.366437428696797
7.556002328147413
6.184823829158506
7.3725091236837414
6.299481621621622
8.272492671654199
6.027089364877563
6.0547941880944
7.478410657596372
5.74298447204969
5.831751412429378
5.616456234772979
8.02684425389316
6.201555141579732
5.756631135531135
5.815633114090565
5.368420910973085
4.885367547018808
6.661463636363637
9.345695582657129
5.755637941480716
7.06581102952913
7.649385971685971
7.978615485564304
6.273162896844543
6.839574074074074
6.961627488523122
8.76154658848614
8.660656831330662
7.456987163480297
6.228550908285334
7.0952817219817215
6.481688661601402
9.579413048157116
6.388130769230769
7.746952527889127
7.025302585649644
8.040975958466454
8.303794023904384
6.241649613770452
6.526949275362318
6.827763110890598
7.263949402891264
6.545603561643835
6.632580622941001
10.31204058287796
7.653167896777644
8.045965191932336
6.300302035002035
6.466624233490566
6.312047619047619
8.52645282051282
6.892409216860397
8.196396033005396
19.00954827740994
6.419181608783864
5.714240911418331
5.362004545454545
16.938785724227927
17.1557101046608
8.363960542264753
6.604454540262706
5.794543996776793
1.072024175824176
5.370747557135601
5.615732148766843
5.834378217200252
6.858261904761905
5.0288245789473685
6.882709345794392
7.110027237429625
7.003982931487229
6.509604227459783
10.043561889708464
7.703108759797141
6.244448275862069
6.195146028450596
6.125560145406477
5.328515892857142
5.421829627023223
5.804247482584574
5.194639770114943
6.97966850998464
6.1885992831541214
5.7370607287449396
6.120234625322998
6.073037890685143
6.827670131554568
5.1028877055400965
6.732122182468694
6.790212237787101
7.190982584498439
7.823245661143909
10.04202787544756
5.505244278606965
6.312945260246417
7.847393103448276
6.0419443290043295
7.785154150925119
9.508793669467789
6.347938573021182
6.825092065663475
6.304745012919897
6.171903174603175
5.455526877192982
5.602397076023392
7.231171066997518
6.284519648789749
6.181345286478227
6.1269967741935485
7.174447286821705
6.157496825396826
4.686792103487064
5.563248571428572
6.989418258675079
7.2194085137085136
8.223046329048175
7.804310691147686
7.349220848713532
5.4432925667828105
7.068029411764706
7.279248279871807
6.1538095238095245
6.462075225858261
5.7879805954465855
7.796855546340452
7.023251737109195
7.723240734265734
6.792856584515808
7.477247127226339
18.35665113610799
15.334344597701149
7.946314743576254
7.864421341070277
7.161846474523932
6.600966666666666
7.166210973084887
6.5899673821252645
7.497111766772042
6.225866577540107
7.068408707865168
6.268293808049536
5.89087608401084
7.07915840913041
5.987475067750678
5.314106039284667
5.508160190172219
6.548138986828774
6.866655420657404
6.055411155246607
6.608466858691969
6.8941416260162605
7.9304624140565325
6.585470930270394
5.914540352408921
5.4677055751311565
7.314430894308943
6.845992063492064
7.668014935330157
7.032992853316189
5.798962587601078
5.651320105820106
6.779260760540094
8.448321618641945
8.22869941185575
6.613692283578491
6.845737515504245
7.207859411989309
6.869869668542839
6.598568170426065
8.57322119078105
5.491801424501425
6.14828383903826
5.980929824561404
8.156679847450823
7.195931424019422
6.632210417351298
6.1167776209210825
5.599224578261798
6.3289001181247695
11.133856881769272
6.520326013264555
6.212461389578164
5.3186526315789475
5.793333675469958
5.92747677286742
5.912361882071494
6.657188145896656
5.929111953034096
7.061071308016878
6.18588717948718
5.092596133309863
5.835673653928724
5.807778178611512
6.130076264986791
5.810704669694797
7.8498022664455505
6.207452904238618
7.553113590286287
7.531340109208241
7.228027913066248
6.642372081867604
5.056245191071637
6.111492237705862
5.910269512195121
5.234882948048719
5.386117647058824
5.658784444444445
5.406963769741146
5.679497684080261
7.755832398753894
6.367633333333333
7.9813067796610175
6.226647302125598
6.844596491228071
7.663263870967742
6.867363713621042
7.966159939548942
7.471684833313929
6.3934530889691965
4.722821806298277
6.593298497652582
7.260397663525344
5.829023484488387
5.8021066700524795
7.227734008364516
6.3425361581920905
6.767347416413374
5.80091492167249
8.294103461855482
5.66059670411985
8.83348465340973
4.75723280510745
8.928864308156342
5.0480161102756895
6.124275420520625
6.320551740934512
7.0999192921160565
5.877386855962829
5.974496947791165
7.926209305668882
6.1588298760068785
5.866039335382814
6.560842059420117
5.317351340996169
6.399027485380117
6.608209991928975
5.912667512312213
5.154327274067522
6.952627821316614
5.529020625610948
6.2567772390733225
6.199238194874335
6.654188050314466
6.306914207650273
6.724680126712514
6.331125812194037
6.235455402930403
5.289967655419602
6.3193942274052475
5.826782251082252
7.71636028708134
5.913941950342657
5.737749022164277
5.256586829987106
6.091944931119746
6.549561682242991
5.396587961880788
5.176659770114942
5.203185876239962
8.161541474948198
5.226418272425249
5.606485263856621
6.847545502645502
5.98770764275576
6.135740026891452
7.685604258780745
5.214561794019933
4.755769536239933
7.854543424536629
9.28075409035409
6.886954326241135
7.4528118964710774
7.332102181368415
7.601709578170014
6.754395921237693
6.882807692307693
7.025292585233283
7.447952950941668
7.7311825676982595
7.897155961888749
6.978771470939755
7.093949859943978
7.826521113411548
7.2108362427548585
6.272453113553114
5.560760683760684
6.808634998356885
5.876224093211753
5.439877787776528
6.534346855509355
7.838469565217391
8.153967449556955
7.0837587217149665
7.123626984126984
7.418047468671679
9.14329536220955
8.216628205128206
8.484706726183198
5.495855023923445
6.219213782267116
5.389280180921053
7.328680301818376
5.111515384615385
6.730053738910013
5.666900808080808
6.611545003813882
6.55092672332389
6.20547134502924
6.269349478069101
7.46882036199095
7.8852916148051095
7.539965359942979
7.909147982391783
5.683732974910394
7.496447746230964
5.660366823008273
7.932683456588446
6.123130861040068
5.4681701482281335
7.100507975871313
5.579331889678949
6.849604547886571
6.374724628450106
5.99712008414121
6.542913008130081
5.913932790028763
5.868616291313249
6.263780490865988
6.142802845617361
6.454369678763118
5.307547495361781
5.902170636132316
6.445697836242931
6.400471099323212
6.274311507448408
6.4193191875
6.173378553797692
7.692286789160702
6.912752304558188
6.043741179410294
6.939010609019061
8.965079827089337
6.447651515151515
5.228243015296709
5.550364622641509
8.407214366998577
6.569128282258216
13.735242857142858
5.43366
5.221003428379738
6.710778095238094
0.7932940460669275
0.8456237104072399
0.8099741623488774
5.6271144144144145
7.699987352710134
6.098494314381272
5.04316037962038
6.580620158700171
5.850947583887111
12.84995143397118
5.754649470899471
7.466966041945561
12.806106060606062
5.854551162790697
5.620664661654136
6.12566129032258
10.112810839113287
6.582626429731192
6.604439924707747
7.702703404092561
6.479146025907564
5.171733488372093
6.800691721216788
6.617523705633344
5.210309966358285
6.870843451143451
5.414298008534851
6.869079659112193
5.799281087470449
9.32795879765396
6.591315384615385
6.4785489495798325
5.335954545454546
8.289709883449884
8.562377119059285
6.2978587692307695
6.140655164064457
4.921666666666667
5.8288948979591835
5.566618483615335
6.778798305084745
8.197417828054299
6.061819322033898
5.179726959822013
6.027816119174943
5.400413504556752
6.608827342747111
4.781934265734265
9.479053198343305
6.71739833129833
5.57894257659073
5.9265035043804755
7.635064480165932
5.099303118908383
6.979764260826283
6.051319770408163
6.136540211640211
4.727101097525753
7.253183235058602
7.389846031746032
5.0544948985507245
5.493713067800403
6.93649939148073
5.803234539969834
6.64316862745098
7.613214043252121
5.516804497354498
5.947747898675877
6.276947811116576
5.380558695652174
7.804314747589336
7.06035741282491
6.376843455985096
7.482937386957904
7.179071501925545
6.331037851974399
7.150308310139165
6.941951824972028
7.525171573920266
5.575248764952618
6.899302048163854
6.929367735348173
7.279933985649054
7.924867039421666
8.169596243761493
7.156758506033912
6.622915151515152
6.731796878785536
6.977968498736757
5.791013967164078
8.04499292929293
6.246806067172264
7.116200871340553
7.713089574979952
6.710075056689343
8.249516979332274
6.028244729344729
6.192446649842271
15.420482562086834
6.4433816852924775
7.043697488038278
9.434646657081236
5.613307225878728
6.900732611832612
6.258467251461989
8.027033333333334
6.447119540229885
6.856912074695363
5.909205938289337
8.310228022492971
6.482006405448841
7.008161505376345
7.8887914263343335
6.2365322101656195
6.805260412552117
5.8316230091096095
6.072570471982326
6.657739092366507
7.490020711648204
8.052235831675914
6.136099308426671
6.158911219038368
6.746407559187597
6.842101611549437
6.779919237918215
5.829661105481344
6.0752579414838035
9.274292507266086
7.477584121453459
8.104851215591722
5.700418152269512
6.912739766081872
7.030356319402702
6.744178902229846
8.150119735486088
5.62736127320955
6.154874372792048
5.6493936936936935
5.304291514572384
6.631056390977443
5.845716694405326
6.872353746770026
5.957653169014085
5.601041062801933
5.740046278573123
7.8150133494493685
4.87361650273224
5.978834065934066
4.719432625090169
6.393025252525252
6.2743426244765015
6.438297054615838
5.1129605905006414
5.68848864311654
7.211123675013363
13.277593778289223
4.819915037593985
5.421885298988509
6.932402704109517
8.826541164241164
6.191592537313433
8.17310887178115
6.531262318840579
6.485562547410984
9.939642857142857
6.091655955165692
7.115717653746771
7.423697406559878
8.432033025641026
8.582968546297025
6.087231034482759
8.114310696127049
7.291437062937063
6.260118208430914
6.130274634762694
5.588685714285714
7.329729623287672
6.846041740226987
7.05025
6.530344675090253
8.477602875399361
7.554544805194805
5.184840243099216
6.03877340425532
5.670890207156308
5.944652918607838
7.7885154799370575
6.7464645163690475
7.8881289167216
5.707919880418535
6.323548242424242
5.492249762030672
5.993659143559143
6.5004875
7.390176021080369
4.810341634738187
8.22875238095238
5.285350829592036
6.802873148148148
5.654901165048544
7.294571323659843
5.41802315845257
7.633740942562592
6.68795396424816
8.663788530569153
5.096045900321544
5.600716007130124
5.342087031408308
6.34998206599713
4.788954111405835
5.577042187288251
7.364749670329671
7.0186504619758345
6.609350858529302
5.456354924489192
5.7787291754756875
6.396186686686686
5.534150769230769
5.399955974842768
7.1943637956164235
8.523265200391007
5.733288672566371
6.287639930536413
5.86052100591716
5.625512833914054
6.193720964749536
7.510358254245754
8.71318227119317
6.650321631000579
5.636082460077686
7.094567019494876
7.000191370558376
7.221817679459843
7.735562732240437
6.647626298523783
8.0990446667077
6.2915273261847116
6.652069786535304
7.47684761904762
9.227859367117635
6.9919428870364655
1.0167985193753615
6.741166281541229
6.760132085561497
7.768021783181358
5.760010376919498
6.601038020351526
0.9137895582329318
5.797192810810811
0.5623700980392157
5.474897745494959
6.763852941176471
6.36632492211838
6.184162717458187
5.806903251053582
6.7427206349206354
6.672754056306172
5.64051495854063
6.800835562310031
7.472899575646844
6.948977584204414
7.1018230486685034
6.458018511904763
9.341700751476115
6.603126825004521
7.028610815799188
6.583601179736294
6.977081381381382
7.0270693510168
7.3621921052631585
6.762671717171717
6.21357914075749
6.178792063492063
7.771477651730006
5.904290709344907
6.434395536916227
5.6924438387540075
7.414505883771401
7.837892584853279
7.431099147485082
6.637974959083469
9.073321948384097
6.718888803088803
6.436525466893039
8.052407894441325
9.16111644723398
6.589765582303188
9.389754631348577
8.476573132664438
6.720376570048309
7.2951984932070815
8.925800122947855
8.145573846153848
7.163755798107255
7.216042610899873
10.299381755075311
7.437174344879116
8.123393048128342
6.747476730486008
7.74340540376442
7.204720181731229
8.531979157967989
6.687159752232786
7.3322926889078985
7.160090840840841
5.720836112156306
6.724216306973121
6.704961402914266
7.793956987858435
19.629071962616823
7.519771423186689
6.654122560812617
6.956555444555445
6.63284613820154
8.060993041982748
7.592211494252874
6.563397336931615
6.556883084577114
6.237676379208354
6.690523736263737
7.806344827586207
8.143929822485207
6.291519704560052
7.638224736967958
7.853916279069767
5.931801386602684
7.840165606994991
5.371580324146571
6.494926974086921
6.992632482503088
6.97104761904762
7.597805586041931
10.78711690331305
6.378271770334928
10.16043866156017
7.596483182481752
6.648156218905473
6.800617374517374
6.789035541201801
6.8925964128312405
6.741764578053868
10.994748728975159
7.7934543049932525
6.5733012736318415
7.636997090939402
7.58373172223153
6.9486170200864485
9.453409673156102
6.753572829131652
8.273953496503498
8.682404273504273
6.930271902488062
6.768922733230072
7.203710174880763
6.6332943755169556
7.57765159177106
7.682655106535265
5.672597121563557
6.931558400546821
6.755934513888889
6.814887525987526
8.667686678892352
7.60213173401811
8.92506621152511
7.625707137997803
8.957840677966102
5.559300928381963
5.412032823079188
6.610746956521739
6.3090179723502295
6.168193163751988
7.576807388273883
6.485559686450168
5.997358333333334
6.309010704849342
7.310149917611708
5.888469230769231
7.616187402190923
7.920289454903986
5.64335465437788
6.438851506456241
7.801912121212122
5.835460810810811
7.588125528455285
7.535615942028986
5.785599533764476
7.8792034965034965
6.961875412293853
6.350657225063938
6.043553312788906
8.473628354280804
14.00299409913454
7.023337969221918
6.076986523229356
8.97117466830467
11.401680863966462
6.825675757575758
9.552604924324324
6.767004092659391
6.962369178269179
6.453962530612245
5.148773261378678
7.6539520099494505
7.454059285742195
5.768143892339545
7.918070679703517
5.220831944513829
5.232970452780189
6.671614841146412
6.083330275101242
8.54612574002574
7.0143097402597405
7.7095389560017775
5.771814856788791
5.788271428571429
6.153973504273504
6.812022938322938
5.642313445378152
5.879702767295598
6.6690683501683505
7.673671400642369
8.013773651020287
5.8308583258054805
6.043063904163393
6.638317034734278
8.323906653620352
6.442618740679371
5.840268668659019
5.795469072682753
5.767835469164715
5.683958246328835
6.104513058001822
6.826005497382199
5.328547668310355
6.864003225806451
5.843309955929487
5.583825460145744
8.452270234651238
6.8996207671389715
5.584701640282281
7.924575722870272
5.511722222222222
5.464230063965885
4.850176267168571
6.481207471985865
6.127887811158798
5.902016109422492
8.60628167752443
6.108001168693189
5.3622323878195575
6.8695388138269875
6.161949477071602
6.3282177207062595
5.97141995243129
6.70144250941756
6.129482983763133
6.7641937442783036
5.3378285209490155
6.06748288633461
7.271265177674248
6.224890783016855
6.210125407107512
5.921557037943696
5.841903460559796
5.166259748991484
6.8698663230240555
5.178602765181826
5.377467537443399
6.0362933045677725
10.12691369394043
0.9127200707338639
6.648959405940594
6.970204142469996
6.4729
5.011372247790196
6.391919817578772
7.195606911857958
4.997584461637653
7.2000916212262265
6.8508325812014945
5.152555467422097
6.093340403567012
5.098351375827238
7.358844588744589
6.162477309187133
7.304477634943673
5.94445332214896
8.844556965944271
6.34062135824794
7.736580569347898
5.879564745919513
5.959751047676891
6.978963768115943
7.849571614569606
5.840839393939394
6.972957638136512
6.409014170040486
7.541529621516369
6.540634672489083
6.4890524291497975
6.865227035830619
6.55888826462766
6.219782258064516
7.022978296059637
6.434845233010928
6.232658074866309
5.618170385893915
6.350940643375995
7.1537687073109035
7.691420532099479
5.982067229575536
7.117289043404973
7.579096154127367
5.377121135515955
5.260320305480683
6.384188686785173
5.221322510121457
7.067062851782364
9.49908918918919
6.129060178571429
12.188347733166415
6.330430357142857
6.154675117370892
6.3673785714285716
9.336201361031518
5.218207338254451
6.325272829131652
6.8939599585921325
6.505497530864197
6.28966339869281
5.446528070175439
7.459678744209985
5.798379089615931
6.514342935779817
6.094845822900068
6.866382142857143
7.62000208855472
6.3047574243490505
6.615768823931958
7.754892041267502
5.031210371220819
6.0284495968862934
7.8022574784418675
6.135346153846154
5.935061730604622
6.6941569864842325
6.041834982380985
7.591754515050168
5.57300623885918
6.677511830985916
6.0114293083900225
9.290372426604502
6.438455555555556
8.811444533947066
6.211188383838384
4.852497550757332
5.463374915983839
5.026384625850341
5.888291336270191
8.009486678141135
5.639391486240685
5.957618222953517
5.732587659200703
5.762331173026449
6.8616744297719094
7.735993631469979
5.7676173290938
18.433239833113745
6.976900493248659
6.406811111111111
5.400407326007326
5.513324262567512
7.480411280846064
5.8051445464237705
5.8463061153174145
5.869208236212569
8.843211133526667
5.811657554085464
6.31622865497076
5.937152941176471
6.735239132119333
7.035131337472377
6.553232394366197
5.989955969191271
6.579327393431168
6.032971502285125
6.481415356585112
5.272431678717998
6.460217924528302
5.307040709869476
7.315210140234029
8.764163893168977
6.012448331907613
5.879019213165838
6.0433600405679515
7.229797201767305
5.920246855727163
17.962585500515996
6.358298131760078
8.571402601330913
6.102703759158968
7.660369565217391
5.739738493339458
4.79078229317852
6.371049828908554
5.986271697692921
5.82287525083612
12.509740044817926
7.580555128205129
4.994139267750614
6.271799656042193
6.224083583815029
6.340481592268753
6.719643295019157
6.412282439487424
6.310754769230769
5.743794917967187
5.67836839514114
7.980066257381198
6.165342393651406
6.335147671400214
6.285007245767169
1.077648553601815
6.9018036816761015
6.4949632743490975
7.017194914425428
8.971069402228977
7.084134714714715
7.127260948992236
7.4082509381834925
12.113738996138999
6.9302002756267225
7.133715179968701
7.439505303593556
7.594067088607595
6.8942601626016256
6.850779663865547
6.613999491094147
6.044477401129944
6.592809845506176
6.111623404255319
7.705471941638608
7.529684867533511
6.593953812949641
9.487486361575593
7.913449180625704
6.61847665539435
6.263204169875674
7.0989009669960055
7.672039083240699
7.522734551495017
6.711748717310087
10.868985399325084
7.81368374786406
6.392016632860041
7.483851073037181
6.598294784810127
7.5997941176470585
6.1659612903225804
6.743455996292864
7.374016801758483
7.429834780266297
8.125444612944792
6.096270494864612
7.897727616221563
5.384577170198223
6.070431048906048
8.38995367965368
5.289147958735733
6.382594324853229
8.67755152394775
8.41716513983704
0.6725444976076556
5.590274107142857
8.223160117392649
7.435484942528736
8.661036231884058
6.647483569405098
7.067041081871345
6.3037015141682895
8.282130249808167
5.9270837245696395
11.086633020344287
5.513537350789372
7.238589733674637
6.36265848114571
5.850564500322372
6.180290733590734
7.203033138526163
7.056270909959398
5.258494084558157
5.688001003846515
5.0729430571039265
6.022092264150944
5.587982411880479
5.794323021834061
7.16960026525199
7.225364957264957
7.422190476190476
7.256798701298701
6.808649401337273
5.612489063741854
7.257972469374597
6.407270000365671
7.396237099433651
6.9451727804878045
6.961757700450365
6.600756257840394
8.290942937853107
6.2166616631130065
8.106157875457875
9.619406479313037
6.896257575757576
6.990735154707044
6.099633150105708
7.787952611350463
8.151275811235557
5.812398986866792
7.050033523258199
6.436352659040738
5.580647755733784
7.013161876164837
7.444726735680785
7.35518139941691
8.072609493607168
6.181352610540342
5.924191111683154
6.198613504273505
6.674639181286549
7.586273136003367
6.255558088578089
7.171906765171149
6.479619802533532
8.461323414634146
6.468318181818182
13.76504790324541
6.519659624413145
7.084547817598661
5.594671930549813
5.559746138807429
5.350775953859805
7.1110118644067795
6.069908273579702
6.509424175084176
5.808592970946579
5.326442688679245
5.252453326403327
7.403425789656369
6.671124987492609
7.498592965415747
6.790810532544379
5.642337640355287
5.940824563671622
6.110103875590295
6.12102340425532
4.9833715274424595
5.232082949002217
7.1174943034295675
5.172499999999999
6.45464673046252
5.895955331182891
6.094975707762558
6.186977460594175
6.790312794612795
7.421646973180077
6.135714545454546
7.841925974025974
7.666464671978302
7.940489371980677
6.957501219512195
4.966247115384616
6.8582328173945095
5.728001677270099
6.326810721893491
6.085634310850439
7.004300693913555
7.0553332412014
7.519565269774751
8.836412317685992
7.307191988795518
7.957708279716644
11.398116315887503
7.153214285714286
9.4422289933695
8.29272920892495
7.545753852813853
11.338008771929825
6.927970313201422
8.620426642335765
7.14432028708134
6.382904761904761
6.811828775307003
5.7009583092783505
7.8174117647058825
5.804729128376497
6.842245454545456
7.341400432900433
19.718264705882355
8.069190583301562
8.481952397429561
7.0100932453571865
8.303370869398698
6.569577113752121
6.839446273165279
6.894388344277674
6.5495383928571425
6.013338806756918
7.0343978911926275
7.946388034188034
6.7335927662895045
5.109035384615384
6.85204000023379
5.73388714978715
8.602667923480407
7.886928163857366
6.938635591303255
6.648940863937387
6.270884439359268
5.892053605879651
6.574427033274956
6.125526439393939
6.320797404436055
7.64014880952381
5.976479209064818
5.0617017445045915
5.374234025629695
5.542340740740741
6.853660397531911
5.0516749747833956
4.994367901318013
5.653951012345679
4.942529941348973
5.903555288789628
6.402031210191083
5.933223002395528
6.990969330765528
6.194937775110044
6.616043917525773
9.176465706476787
5.653798865161684
5.925342940081061
5.730486176142698
6.2232310107881545
5.79320066518847
6.207850649350649
5.769531674208145
5.857724378109452
6.870583202721584
6.153906472746331
6.536222703023118
5.4229929555293195
6.721453272855668
5.826379856780786
6.654854173383951
6.655959759384656
5.40212194092827
6.227790151515151
0.9737030683403068
6.627826003391746
4.877876593028964
5.690754859344894
5.373244677645033
6.826421686332914
1.0157714806520495
5.956170909873708
5.715313828276986
5.294100524848286
5.66978823429829
4.710624096385542
6.771819696969697
6.762188169642857
6.33298669074743
5.4005076613319565
6.737961791044777
5.919363146035769
5.204305042016807
7.255764999708574
5.691622736202893
6.933898610795383
6.561299460916442
7.302551541784597
6.175838029719317
6.920251534391534
6.140720228256592
5.933414133794445
5.629409800261341
6.076249405373661
6.263782608695652
6.511869756423834
6.254240590736183
5.5626999999999995
5.6588366259711425
5.732960810810811
6.487272098765432
6.1540372365339575
7.1459841722885304
6.374146222735808
6.750881699346406
6.150192929292929
6.201331941391942
6.215469458128078
5.555028861429832
5.861553160700685
6.344557902768694
7.363846019198194
8.497485818974054
6.422486028184064
8.92798992044489
7.474526242722796
6.466879293646155
18.671791940550428
18.862932477396022
19.37697473087819
7.3515760838357735
6.457787467293213
6.920890247300592
7.433863995688107
8.173725522166825
6.065779324144064
7.291223379819524
9.178371004044312
6.95688753382233
6.5000791356184795
7.438623388013643
7.508018779426664
7.394868315911731
6.1905025041050905
6.8330406688241645
5.880812328767123
8.24532386742105
7.413228888888889
8.331459093372754
6.725190619883041
7.175820794148381
6.044323339540657
6.435703349282297
6.961098873527906
5.884723230240549
5.7551648401826485
5.871884428904428
6.8400582293762575
7.394927477873512
6.729337617554859
6.61447785760339
5.279441051541052
6.449204004998438
8.501138904954693
5.025764646464646
8.011982299111722
7.458770831050229
5.4380588845655
7.538814853790056
7.273730763127881
7.752590810810811
6.955196008053006
8.720849356544027
5.579805982905983
7.768872727272727
6.082010901960784
4.979576963580518
8.166709660377357
7.349563408907477
6.119678518174787
6.424618796992481
6.626355374173542
7.151750257754478
4.989313208279135
5.276014866548626
6.656616088486676
5.552576598141369
7.140152923269065
6.175908261953811
6.557126315789474
7.341692074592075
5.476264848484848
5.070914458998917
5.484040742671009
6.326014527621762
18.57416253369272
18.7988908875178
17.770781186509552
17.635426713673976
6.723977260273973
5.348433659932845
6.869213995584989
5.5151666666666666
6.297053376586282
11.020481694495981
6.811654571083366
6.362124488454269
7.284816829109811
6.030826815146043
5.592238997875796
6.159065040650406
7.241605194805194
5.626610828877006
9.507286623416743
6.350684591194968
6.082257996934082
11.113134471992653
5.847304963377854
5.807210208333333
7.857101795222881
6.742883922692094
7.062538126702603
6.468528034188035
7.139287154682358
7.362016666666667
10.74811217948718
0.9714494985090811
9.747121329541415
11.640959883223045
5.403083389312977
7.594078494623656
5.134028735632183
5.885946906035142
9.04317149122807
6.273108108108108
5.88669931276668
8.460647126436783
5.93307033898305
8.021045104538501
7.428572887562729
6.541796798853321
7.671811228022843
7.2354673402031615
10.594113638354504
7.072069671361502
6.58223303609481
8.288742280564264
5.549974458874459
6.6654789983243345
7.467217181052979
6.423608441775109
6.876513686534216
5.3535545454545455
6.908723964714531
7.429776125806027
8.212349681528663
6.878818446601942
8.065803588807785
6.373552208515719
6.88052978941962
8.62889305014949
8.400813276735393
7.658180780040149
9.30890288506282
7.429463542882377
7.492730546009928
6.966087343283582
7.3896001811594205
8.132899789251844
7.13858208923209
5.171960112789807
8.014145682451254
5.576248882490059
7.583329083585095
7.90234761904762
7.700836960091383
5.935463516102216
6.67864868748273
5.885938368014964
6.454256042351223
7.837912956087569
6.266433312902237
6.428251759834369
7.4170204545454546
5.805329424538545
6.366046752015173
6.77276011904762
6.392204537815126
6.8046461229773465
5.994872247360482
9.104121690785709
7.483205105105105
6.718513793103448
7.378907084212996
6.834124740010948
6.748267411110215
5.660341869918699
6.999228126371215
8.617248662978774
6.97632602739726
7.530504516711833
9.53304724111867
7.406509037355326
7.395364566674221
6.9610357025508005
8.05139339774557
7.159348230277185
0.9701948717948718
10.206575593904756
7.9514175281094746
7.358696387959866
6.477404666966024
9.19943502386635
5.544333294014457
7.823763245516176
7.251538095238095
9.296111831863
8.200724892382556
8.131534398034399
8.228070621803898
8.832503174603175
8.362768061142397
7.390220040978359
7.772676844318999
5.943315826842214
9.431310402930404
7.331554963220102
8.285266988727859
6.644904816639299
6.2362592039801
8.115960980810236
8.345418479685453
6.166407613954673
7.233919202149648
6.3953704154727795
7.00285051246033
6.014051960784315
8.426552941878505
6.220393653547621
5.546218088284102
5.79265773480663
7.554707171459774
7.98993094777563
5.077522222222222
6.518084874729354
7.281350556117291
5.784399556911454
8.252146213895394
5.568077795655672
5.690999103541014
5.115723113207547
8.906096722178166
6.751848648648648
7.12955407416698
6.1921212121212115
6.593138248602083
7.2383114285714285
6.833821643151934
10.611305436935947
6.7480432120674365
5.31667877866814
5.8311273291925465
5.407075
8.513597701149425
6.540546489005978
5.313656078431372
7.194629394044722
6.707533068561872
6.028608235294118
6.184280436040903
6.794326924797138
6.498390429234339
6.158039285714286
6.204897653369091
8.63568765432099
6.183388084310726
5.481214285714286
6.453692851681957
4.92071875
8.255104663418514
5.14957427563618
6.240052136752137
7.656105980036298
6.564368067226891
8.746295691298037
18.274405550436164
15.319699162838184
6.78900755715284
6.338482124265579
6.542980399500625
5.338356202804746
6.431903286384976
6.406908130742337
5.905234372294372
6.238857858963466
7.539874007936508
6.786976845238096
7.537825434718538
7.056194824561404
6.239371280767232
12.932939520432443
6.075730195952458
5.840794064354889
7.386272680358083
6.791657011409643
5.885246031746032
6.610974603174603
6.430195284700619
7.516120686619718
5.661254077582896
5.928654314126938
6.262664583933199
5.178604304044177
6.688358574879227
5.999738216560509
5.825417176959004
6.291410769230769
6.444517771232205
5.2807848068669525
6.479212121212122
7.048267441860466
6.493851088082902
5.970715846994535
6.5759100874935665
7.424649655061768
4.676344793859106
6.117560274414851
6.381111594202898
6.336396397273612
7.109251354534747
5.837886619519095
7.523311685596429
18.436004723981902
6.188522459893048
4.938635443037974
6.6948428571428575
7.35610219498811
7.311096574440053
5.595857839262187
7.221941576840161
9.886682325216025
8.885521279079462
7.0552289473684215
7.0789132716049386
10.060563031635764
7.566368831168831
5.1751914309143086
8.258984323682258
5.99201803014971
7.268384668941979
6.227221676674908
5.436047218934911
6.086083503906013
7.476613305964744
5.565049294586361
15.591986153846152
6.75580556379822
6.695669049180328
8.861969355625671
5.717977232742667
5.8585018849064685
7.2730883495145635
6.421817922077922
8.108618106707745
9.472550738821724
5.566876822724364
5.668416071814839
6.077717521154803
6.0830427873163195
5.783134491315137
18.659279783540946
5.537285817978782
6.710823899371069
18.503734654777688
8.398129072681705
6.880201029748284
6.283407819905213
6.864915329768271
7.815202127659575
6.736159159663866
6.132232100667694
0.5928224251648909
5.319379291251384
8.064651656095842
6.986304753724584
5.463291692009059
5.7952025380710666
5.254497861185375
6.076338555716953
5.16049706601467
6.268909943181818
7.462653320904218
6.936197260715437
6.4800225083986565
5.2886500000000005
7.983629860821735
5.748254144144145
7.670685391766268
9.167805328367566
6.199507777174896
6.717493348115299
8.824733085082375
6.1319541274817135
7.4306220064724915
6.453737093829865
7.0222662995078515
14.592500820793436
6.560318715083799
6.943183744465529
5.598577103157017
4.920975
5.9778564214827785
5.768575174143216
6.315022786262912
5.733715873015873
5.914939553429027
6.423736020505376
5.665459649122807
6.688825708061001
5.572970056497176
5.929042026708562
5.303205564387918
5.429357671164418
5.496732277081798
6.77363864902507
5.768947608490373
6.522994674556213
6.951278321440707
7.456336339357251
5.985792201518288
6.8396138888888895
5.907230108359133
6.5251773987206825
6.029364864097651
6.075130617977528
5.942146793940651
6.437632761578044
5.984545877349431
5.682579240162823
5.657561038961039
5.148792629426526
6.46290111627907
5.58513321385902
6.769871361563517
7.232077624309392
6.879404972504973
6.334455568996803
5.7849564344746165
6.274857452884066
8.109599619771863
6.353855840821566
5.01064284320104
6.610746956521739
8.63682164083071
4.8672937705998685
6.6223103368176535
5.808261850435654
5.624359508644222
10.110052941176471
6.228719638242894
5.272167085953878
7.377895906432749
6.426531624698171
8.780015289648624
8.265470588235294
13.096836163867083
7.411613842333955
6.970965886939572
7.013026586588481
7.445549930699931
5.898938974358974
6.288920784313725
4.7997890247007895
6.094993752066116
0.4103918128654971
4.680893670886076
6.088318618618619
7.319301751929635
0.2976
6.2776504569504565
7.703058974358974
7.645639024390244
12.801393506493506
6.4410085724059645
14.181396886446887
12.131408924485125
14.880728915662651
12.819371680178921
9.612847202797205
10.885219813519814
12.502234957615226
15.657999062384645
11.331901166184636
10.783517789366943
9.021287165775401
11.483800925421884
11.08715032417329
14.28467965571205
12.535227030947777
12.980588111888112
12.883221504112809
13.887248266074295
6.424315958089368
8.895229837570621
14.161458156028372
6.767843358395989
6.511148264519445
6.335998394062331
7.3427306463326065
6.140570323912353
6.46326
7.492022905682484
6.087571656785244
6.8108281124498
13.693457185329217
7.250263733766234
6.305042833742833
6.165128458498024
6.420544135261025
6.255887198067633
7.439765470741062
7.2737945054945055
8.558397533655686
6.690083645983646
6.495462384378212
7.086358214285714
7.162748979591837
7.262834889986529
8.354245945945946
6.4029
7.821098771039273
5.7306299298402745
6.956075757575758
5.54715926498179
6.8687611227255125
6.091368252135766
5.331381949934124
7.400651286764706
5.100749946294307
6.2061158469028035
5.575233333333333
6.886547495361781
7.585405627705628
4.816009123318748
7.338277777777778
7.666334017595308
5.837344444444444
5.188933986928104
6.479689233954451
6.078816350877193
6.180603605086013
7.876252111276702
7.170297427949614
6.562274469777306
6.880423967704729
0.8870799737743134
8.68583103448276
5.195796539485359
7.611451884057971
5.981265217391305
8.408272691237244
9.3013955357441
7.513665901226801
6.073620937263795
5.581483389074694
5.917124757004002
7.176616071428572
5.499792307692307
6.022814583333333
9.776277536231884
5.831658865248227
7.206841961080673
5.3775609345794395
5.379291297748545
6.676217867958814
5.618202626262626
6.311844877049181
7.323598522167487
5.248916886816887
7.833094604429387
6.403614147849231
7.318404692133264
8.086641772151898
7.451301658931569
7.919195238095238
8.270020529801325
5.465478416160257
7.789116106442577
6.382333871459032
5.124347859276469
6.475905454545455
5.324081428571429
7.0078721691750205
6.947334076433121
8.786723895832667
6.407075393772894
6.5944587119348315
6.950121234991424
6.762024585131339
8.29150470154913
7.280098734193565
7.657715719505082
7.897453413654619
8.828145806824754
7.121551923703732
6.292354144095341
9.434341785068279
8.84036288712134
13.004339112032477
6.177180521166598
6.695034728791386
6.742522590144624
7.382234539969835
9.78106997759522
6.391277401129944
8.465446578366446
6.955931790902462
8.408977237028246
8.794971245807975
6.898526945533769
6.5561159965782725
7.816976905961652
9.236076661951909
9.157277491579155
7.57840243204578
7.539894841269842
7.410776474318325
10.581353357753358
8.870355097276263
6.574479171347386
7.34985595027528
11.863244091139883
7.251538095238095
6.649262339639051
5.870802647527911
5.366377037037037
6.113687711213517
5.644715455497382
6.406643369175627
6.708274484362109
6.830422468142187
5.479457158640411
7.030554011608057
5.993226651126651
5.9465441643323995
6.163159932659933
5.842606307821699
8.31784546458345
6.082010146071852
7.135186518869005
6.336926086956522
6.317197536945812
5.784267965367965
7.311959770114942
7.426188101265823
6.766627104277548
6.463216170865713
6.046985671191553
6.744931061102408
7.4076754641278475
7.9585488663381225
6.584603335143943
9.495754431103487
8.586633218982275
12.433531527502423
9.56150207950428
7.718034846921224
5.95736683046683
7.3316794546607476
10.81536634503996
9.291690497401634
6.910059473150962
7.374621321321321
6.792363425925926
6.352244043232622
6.515495945719551
4.999610151402333
6.499725912408759
7.922447058823529
5.929205936945544
6.044991664731832
5.936674198717949
6.4293345092867344
6.007847626157062
7.955329667738479
6.722953779627498
7.577063848396501
7.59852097902098
6.344400952380952
6.452354193548387
7.825348737705945
6.850900073300348
8.272733246073297
6.078008613445379
6.30047873272666
6.846898677621664
5.619485714285714
6.184295203336809
6.0546012337732
6.1475084033613445
5.335910182275299
6.668457768203049
6.943521993372906
10.040964104967198
6.584391343490305
6.129060178571429
5.941303389830509
6.080821700879765
5.200469014084507
6.382805606258149
6.590141146126837
7.25230036673498
6.570160065154589
5.687041614906832
7.857041681574239
6.489903849298949
6.489890909090909
6.676693312434692
7.216504812030076
5.539408329504431
7.606885241090147
6.34472380952381
5.2386582190059805
6.5950848142827825
7.25464018786494
7.980814531685931
7.191047268729918
6.045138623124448
5.513190223960184
5.796037337384124
8.522014130434783
7.266148478005176
6.346341319891862
7.3423700712982924
7.271214905149051
5.989833333333333
7.621050421668206
5.419735294117647
7.58059077532541
7.868057625948931
7.323891206578285
6.2987763687293095
6.384349489639828
4.898667537626587
6.014807895306078
6.820605691056911
6.328014363143631
7.664036272727272
6.052337592731516
5.963969164715067
8.014282259570495
6.818649695245835
7.673082667459588
5.241252411828274
7.4751574243767855
6.9507022084195995
6.1390825249398
7.17950955044955
6.999742383979353
8.521559619450318
7.94425873015873
7.923624597806565
9.922630925640462
6.414352088589851
7.640529565217392
6.148489323607427
6.278798586149054
15.634582934609252
5.732754333061668
7.111002945629137
6.7217729086662175
10.249224242424242
9.345911503767855
8.616200550618764
19.55542795698925
8.714993803940242
10.959962007684918
7.2541540792540795
5.28635923632611
7.057088235294118
7.56274429383036
6.527227423440019
7.4813645106623365
5.62211987534626
6.043375985663083
6.861782920469361
5.148475153374234
6.716508219178082
6.451315616557734
6.5061589230827614
5.466943985726893
5.299956576003767
5.80365900116144
5.014341142857143
5.484218411394934
6.863098984369848
6.874239429039429
8.76507682038412
6.761497044334976
5.99617694117647
5.986938523902712
6.374894557823129
6.181809398075632
5.156315278622087
7.5868725023419845
7.823339682539682
6.460946622399291
6.639050711628181
7.134107520460075
6.207910115586358
6.344137270341207
6.329300749765698
5.491194817432273
5.4317082700958785
5.988672502066255
6.61769849253961
6.560061685603337
5.505184707635009
6.355480414220483
6.874696947646338
7.779796151191803
5.9289288461538465
7.41405779854621
6.323857142857143
6.298956301145663
6.214367528685422
5.2199547955321695
8.553794863227466
5.983641089515467
7.014519429652117
6.1834150609706855
6.03018390750354
5.841426060606061
6.717301250601251
6.371656331168831
6.910100247895471
7.3512672517616915
6.039749850924269
