10.315368714733541
13.38054988255392
9.712753207257858
10.392064892623717
9.360790679858162
8.936713606557376
12.104021760916249
14.63919219858156
13.085789626556016
14.152074843517138
33.58606363636363
18.113203296703297
13.440978580481623
16.157251535836178
14.794426595323028
9.123492592592592
8.001605341517566
16.94319657794677
9.470992810954737
7.240558068247542
8.590000975609756
10.52829836859859
18.03759523809524
8.957101541313044
12.930494943273906
12.99501917888563
11.37110421313507
11.501000341555978
9.785194141414141
13.394271936056837
10.650582397003745
8.7755518275154
10.357304494382022
15.428044035346096
10.821329448441247
10.988163093270366
10.504709112709833
14.863536363636364
8.326385142135736
23.669775
10.968391701828411
16.55784778761062
21.693388050314468
8.284581851357366
12.809322018348624
20.44723098591549
9.190279131759329
25.899342857142855
13.9593776119403
10.178333871409029
8.14506721485411
8.861781481481481
48.67657663551402
14.884338026124817
11.966457134799773
41.45129283746556
9.111270030155417
10.734728327512611
18.533785009487666
10.484461229314421
10.84851932157395
16.383512987012985
7.555421481942715
30.337696741344196
8.444682059800664
12.13667962962963
9.144782221412079
18.287036542669583
12.842685923753665
17.143572289156626
42.019458730158725
13.860582684973302
9.443347924080665
12.946649593495934
8.261424163431318
17.521648314606743
9.18313794331733
15.830981012658228
12.946692261904763
8.582073684210528
11.058809139579349
11.180016395913583
11.560135928143712
10.307046341463415
19.354408256880735
21.033233095521204
9.853166666666667
37.88759869281046
20.230785113835374
20.093864861379757
36.38892696629213
20.547010032362458
12.332741923306179
8.74580064639042
8.008674892765228
26.228756565656568
8.653259189189189
17.84822972972973
13.01776573556797
8.115008474576271
23.642064345403902
26.8109972972973
26.08557630922693
9.307826050420168
21.021749765258214
40.87851136023916
16.981766666666665
7.168119619706136
17.743966666666665
7.8954687979539635
11.203493048973144
8.995207913669066
18.696837313432837
14.367358100558658
15.617048672566371
9.197230555555556
9.503696108018966
18.934996969696968
10.711059677801469
9.562634148471616
12.234574647377938
30.66521663326653
7.4871040404040405
21.440329065743946
27.701696984924624
12.224860379596679
10.301947291419534
24.134534268833086
10.816877101477639
8.599324044117648
12.522467965367966
12.725898373983739
9.714695214866435
12.574416022099447
11.750936473551638
10.782091836734693
9.794363157894736
8.574714285714286
11.746955501730103
9.786207412587412
29.056395833333333
11.497556565656566
12.12744131736527
11.320667248062016
8.257871751412429
15.333278048780487
9.544438261997406
11.18574705882353
8.835941441441442
6.646461290322581
12.210691029023748
8.748641014492753
8.943412280701754
10.833661869158878
10.001819565217392
8.732860936238902
19.97540212765957
26.76401396786156
7.604135467980296
17.57625824400204
22.153072809667677
11.375204580152673
13.634277777777777
10.784643293347873
13.340484097859326
49.75299177288528
16.529554545454545
25.93698734491315
15.402127906976744
9.271064699453552
8.329958577243652
25.01696666666667
11.98702561983471
7.415227262010021
15.84040909090909
14.380803170028818
10.737336908998476
8.998154780361757
19.068230041152262
10.036766013071896
11.358725
16.56913829787234
22.373544776119402
7.5372245760098675
22.489908450704228
15.570030348258706
18.061754054054052
8.06161186440678
7.2138619724988144
10.265811615154536
41.99287345971564
14.598762411347517
13.539401317122595
13.271944507307873
8.514554803387782
11.639217482517482
8.957610158730159
21.168179120879117
11.323541924398626
14.788942857142857
27.226307228915665
27.520971844660195
17.94469355488419
11.738524691358025
30.92045668789809
14.410638461538461
10.303159493670886
8.62661097079716
7.317529636591479
25.90460608272506
10.66003424986853
16.6112
13.605362068965517
14.485623076923078
15.684505013927577
21.52115147679325
14.358500000000001
15.319003703703704
16.16247966101695
13.598117340619307
7.936
9.071124829210836
12.909528571428572
9.188395960311835
22.97946453900709
26.34544447174447
11.603821622113111
6.924844871794871
21.686612903225807
9.952826406926407
42.38012157676348
9.404182059800664
11.97472433862434
18.13328524590164
14.971904530744334
14.064996060606061
18.358164419475656
10.285465571205007
11.77155905631659
14.842070223978919
10.98628791044776
7.697008710801393
9.392966666666666
9.224525375302662
8.197136923860453
9.889868220551378
14.551799371069183
14.746984684684685
12.012517721518988
15.72060219966159
25.99098322824716
14.023858845861808
13.212903980738362
9.195828878648234
9.44521961722488
15.113261722488039
9.045587922705314
10.247278031088083
21.166337855946402
10.293555555555555
13.712794024478042
32.59328964143426
9.417589265536723
14.320138172043011
12.699973511904762
13.672279727685327
14.030855922865014
10.169913333333334
24.190898863636363
25.252875000000003
8.255825589836661
11.699340243902439
11.097464988009593
8.500181210592686
10.127493277310924
16.638185653104927
11.803818819188193
14.225696789727127
8.593281812318606
9.753917203755393
9.955772053872053
12.039464705882352
14.947193521790341
11.323417495987158
12.4524875
9.45770655737705
10.541393793726021
8.59039588377724
11.124602593659942
38.123637953795374
11.900076511226251
39.48850057803468
12.185755319148935
11.210294607843137
7.371864272559852
15.192863636363636
16.070328701594534
15.694855071633238
13.887244274252371
25.31831761658031
28.853170535714284
9.751428343079922
35.7764553030303
19.43225459662289
13.421022247882988
37.47189626168224
9.219210759265923
21.58733260188088
29.397801079913606
22.76229710144927
30.894763745019922
28.012337209302324
8.420027923627686
30.15314518828452
19.82014817518248
21.19518656716418
8.307356714697406
10.009591417165668
28.671223076923077
12.22719104477612
29.40454347826087
12.645202131287297
13.304555813953488
15.704951612903225
9.701910279329608
13.791627345309381
7.1222353623188415
24.91757966573816
13.40345238095238
12.303462081784387
13.022648148148148
14.136537370242214
8.792368099547511
9.37694393939394
22.507011572700293
9.3445800645682
26.30361544715447
14.56359784172662
21.191490291262134
11.319307637231503
11.325586774941995
11.508540771349862
10.972175
26.634500000000003
20.29182592321755
7.351728293284042
8.429911322160148
9.560550360257869
28.432221184510247
10.586927138643068
27.798415545243614
12.487778954607977
9.038551811594203
10.824744722222222
10.88740474202207
10.221396163682865
19.972222058823526
22.67781601208459
12.236086486486485
12.1472
11.78537326007326
28.137167579908677
9.399133150684932
24.16846988636364
13.292612621359224
14.718665536723163
13.36077595505618
12.067792035398229
10.122341282051282
24.379376712328764
14.638037414965986
12.397773978494623
16.03820731707317
31.20178327137546
9.607749148854474
8.513020576671035
8.865075555555556
9.735782113821138
11.021178947368421
12.174977371489137
11.399154117647058
39.06529013157895
7.903430804982339
28.559762882096067
35.71894063047285
7.09992008583691
21.951039583333333
12.404478467908902
8.948640704102415
13.38025250737463
6.45678923076923
16.876190301003348
27.08548137254902
11.132853510895883
37.680235483870966
14.148276497209231
7.55055391997103
10.9579934169279
35.11908892733564
7.350698493408663
11.490050987224159
10.041113273001509
22.55001635750422
21.662069679300288
18.375726103646834
12.561527642276422
11.320513058419245
9.302180681818182
19.758321402214023
9.11966894977169
8.63248865248227
17.420687550200803
11.062483114992721
9.219397671410091
42.061679856115106
13.524517486338798
23.703450453172202
8.059289648651339
9.765891534391535
45.08903246753247
11.126141228070175
9.758445977859779
7.936223611111111
7.781517348927875
12.744072771084339
11.085195701198026
13.903862937062936
29.14595726872247
16.538983720930233
27.500419424460432
11.199334736842106
10.618357575757576
21.993893959731544
13.09321801242236
11.056138128596448
12.320232075471699
9.41079090909091
34.96525
12.055684921824803
13.270781236956934
8.609511880797317
7.31686
17.022633985330074
11.440327624309392
10.854378086924894
8.972412737618
8.804196436163561
20.315791938250428
18.88283762183236
7.996686165413534
9.477816203500407
11.369167433628318
12.743703717472119
12.557288554033486
11.802657942057943
17.371643209876545
13.392554901960784
18.697757364341086
7.829362986425339
8.149520781032077
8.538643599740091
15.336450259067357
21.79931749723145
15.865302631578947
10.000046107784431
19.354163551401868
10.805266568914956
9.066779910856415
12.74394490118577
8.966311142423585
14.158755223097113
35.27843546099291
8.376605032702237
11.580837993920973
11.919240352250489
22.236229411764704
40.05894855491329
16.624073033707866
11.825511494252874
10.282253424657535
8.553243143812708
8.688890884129599
17.064932128514055
21.941654948805457
7.15113894389439
7.705744599303136
22.60706879432624
23.960108556149734
10.716788975069251
9.963595989974937
12.220166666666666
16.83454761904762
13.964313043478262
17.479906818181817
9.116052226720647
28.1927574610245
12.972655700141443
12.22192879377432
11.595656443529009
24.51054285714286
9.957547342995168
7.753311033864096
29.970127522935776
15.59283148148148
10.259070093457943
24.30430558659218
9.56209331103679
7.976533542054494
22.915860548885078
10.918072384937238
13.183945353159851
12.507393726169845
23.83073076923077
11.904162868068832
16.46445140186916
21.7744
22.18406414565826
12.46524609929078
11.517071428571429
9.36620467050544
11.482862753036438
29.88642098765432
10.239583333333332
10.125349523809524
12.789616062176165
9.784882352941176
18.43771862745098
30.5911748091603
14.753583098591548
6.009526055979643
18.72446296296296
8.492182157676348
8.57278176100629
10.545866806990688
21.47826618357488
8.264691941391941
11.042225110132158
23.068289830508476
23.063963440860213
9.99126043956044
19.222912144212522
8.945474454828659
13.843044632768361
8.567394444444444
17.282291812865495
23.028103438395412
8.494814841849148
7.479178368794326
7.033175202969149
17.205431313131314
10.014796797153025
24.249980519480516
10.47256511627907
19.81752407343975
30.252245606694558
23.641782872928175
8.30343387096774
7.395342276422764
26.24570769230769
11.95368020260492
37.67003856427379
13.914282677165355
8.429629559748427
8.373766157760814
9.251296352583587
25.64557150259067
17.885100772200772
12.430602904564315
13.088688003037205
16.962576456876455
7.989861679591451
10.320032153290944
11.770707692307692
16.901305673758866
11.944516494845361
10.52460119047619
9.329648136024732
15.015654269005848
12.734801075268816
9.908280926430518
29.39337531380753
12.453877192982457
19.731150103519667
49.765876923076924
11.823626356589148
22.736123899371073
10.123980995475113
16.53250595238095
16.14438778877888
31.51289844054581
17.264604188181295
17.521665503080083
15.21652288557214
17.01701245241979
35.502949618320606
10.373204230118443
25.201604477611937
34.30417272727272
32.6823888030888
8.069489230084557
14.861207487684728
10.881929228243022
8.862107843137256
19.24667298850575
16.397566890756302
9.476627164179105
27.26868173076923
20.36175034965035
8.628545949926362
9.052826213592233
9.565642564102564
38.18966111111111
13.477790538922156
11.1700032427695
11.843572782874618
9.160989393939394
12.571395940959409
11.821529960639037
8.52477097398669
8.833877415409702
23.287362458471762
8.81561304347826
23.519136130867707
29.019944776119402
15.463012012728719
14.482885714285715
13.14945
14.940606382978723
12.482909917355371
17.460935930735932
12.80609375
21.492037795807974
8.775071354166666
9.496032084592146
15.420694397759103
12.95283712374582
9.903680286532952
9.931390056161217
18.575598039215684
10.906733554083885
21.9192214953271
7.921451596638655
7.456055119558553
13.564976315789474
7.2995560606060605
8.18123299319728
16.88443484162896
19.703331075697214
13.6449375
15.25652210338681
10.892419607843136
20.265086055396367
9.827276161616162
13.564901246105919
12.216730303030303
30.94098149688149
14.90243449387492
12.309318426103646
9.854253878627969
14.25012256097561
14.621221035598705
23.122239860139857
20.836660000000002
13.229988511488513
10.684372364672363
8.576320405616226
12.43497826887661
9.573619274376417
14.286333359683795
14.96508199513382
54.09400819672131
10.88935921450151
13.842558552108194
7.904542412451362
11.995988211382114
9.00359496855346
8.03438833773087
9.245555903614457
10.098632641660016
9.780697284744551
16.29468764111705
17.90636480836237
16.151855366795367
10.402869023569023
20.236688104089218
15.19730251572327
42.303999999999995
10.41772725112226
12.466879811425402
31.31092953586498
36.17611983471074
9.645706299212598
9.017964690026954
31.463110526315788
29.790877966101696
9.48519696969697
11.537678162911613
12.072496396396396
33.14403103448276
11.47129749573136
29.086167973856213
31.794639024390243
27.856731435079723
19.18130873786408
24.0042392971246
11.603166223698782
8.173157142857143
9.013727397260274
13.422480165289256
10.288184766839379
22.21707947214076
8.452426129032258
27.86040142180095
12.505187381473377
8.459489010989012
9.200510791685096
15.909852112676058
20.402284313725488
27.644109917355372
11.411718598559265
21.06507142857143
7.660489560029828
10.119554317673378
9.767291746031745
14.712268421052633
15.884158536585366
24.200928070175436
9.228289556650246
22.03991756373938
7.8948229781771495
22.14293194444444
27.034435362997655
24.226876811594202
10.525907106598986
9.467631829573936
17.44262765957447
9.123342803030303
17.616724036281177
8.929051515151516
15.276736440677967
9.171045905267817
18.72367464788732
23.77373287671233
8.542066737739873
13.599618279569892
20.86973669724771
15.774076470588234
15.33156419098143
9.420405960264901
15.698170588235294
20.191620253164555
20.122144444444444
11.135919759926132
16.5905
9.914329714878175
20.780822535211264
16.982484140969163
13.588348009950248
10.939324242424242
6.188087301587301
27.71998810572687
6.706787179487179
5.971265420560748
6.922835403726708
18.047351063829787
12.386500300978177
14.023868627450982
9.267672393538913
8.22799964157706
21.962257099697887
15.297929166666666
13.316003125
8.351137824773414
32.331418382352936
7.27583934557063
7.923165878070973
27.68873529411765
7.747939630211059
28.26640375275938
29.933216260162602
22.598973291925468
9.336399081272084
22.195578787878787
14.3255
10.31931210231961
20.271140255591057
10.19446205630355
16.039545410628016
26.89530288808664
8.634585223367697
14.55994946236559
8.279689425371764
10.350162015503876
10.779902919708029
9.306883333333333
18.034054022988506
8.809419587628867
9.199242348008386
13.718854022988506
8.094215901060071
9.768919047619047
9.175493287435456
9.761631782945736
14.50697857142857
8.726357854077254
6.568463133640553
8.707018935361218
10.093710526315789
7.356418900343643
9.90058306010929
13.890093031358886
9.026112280701755
10.815045454545455
10.239572487309644
19.65394827586207
11.80722098765432
17.74182
23.38278222811671
10.778379646017699
9.857389655172414
14.154209278350514
8.675611111111111
12.351750000000001
20.236318803418804
13.848669213483147
30.866524171539965
7.946948743718593
8.902960268096514
11.811916831683169
19.34338030018762
26.09584270833333
11.012174629195941
21.291318018018018
27.95691643835616
8.464739470611132
14.88072643391521
10.7625
25.663620812182742
10.298593768545993
9.425342121212122
8.521968034188035
8.562400284900285
7.7736292372198035
15.266208934072706
11.38366089385475
13.954934986225895
24.78266991150442
8.688899456890699
22.833558585858583
9.275483580194667
15.50898695652174
27.145852525252522
16.649786956521737
20.001586689419796
13.08294705882353
7.032272946859903
17.60253779527559
21.612717956656347
14.325880602006688
6.917843089430894
29.65993887587822
15.967206220095694
8.65577926267281
13.014840845070422
10.646729319371728
18.84837067669173
9.732071339563863
11.909465853658537
12.517766666666667
8.289240103270224
10.135655555555555
20.56099641693811
30.2420640776699
11.57481524822695
8.392865188834154
11.37958523206751
7.206681420765027
8.252658558558558
22.345999690402472
21.180936363636363
15.774936734693878
8.024782077922078
12.852564516129032
10.553996788482834
12.011342857142857
11.882962280701754
30.518055555555556
7.098192063492063
8.948191702741703
9.026887755102042
16.269280487804878
18.74208190045249
40.926424167872646
14.098315797317436
13.487141890790546
17.602858194774345
17.482160019550342
14.524854512635379
11.940176293020572
16.859300765184123
10.865478174603174
36.00139245283019
16.741054120267258
19.762844827586207
20.420846488294316
22.485374712643676
19.82685523465704
12.142666129032257
28.88683278008299
24.501224128312415
13.804216465863453
9.233709577464788
9.95010041797283
9.568854838709678
12.521435716945996
20.886230841121495
23.868340000000003
26.432313202933983
35.75853305785124
14.945584741784037
22.716484357541894
14.034090963855421
17.19227435897436
8.57324262948207
21.56923333333333
23.02278714733542
21.262623076923077
9.74054808988764
22.603239597315437
23.397945773672056
28.183877477477473
9.444174347158219
30.282291006423982
17.031510788381745
25.20401053984576
19.40294664310954
11.68316443825441
15.011394346978557
9.93740731707317
28.692001382488478
18.47647638376384
23.69974712041885
7.987026315789474
46.56383382533825
16.32217898894155
7.2277035210283636
11.884158108108108
13.550561847389558
25.408380952380952
22.536588844086026
14.219119047619047
15.353023671497583
21.042849843260186
16.735589932885908
8.51458398510242
25.682865467625895
17.633773842953715
18.26571171548117
17.418018991097924
9.427289115646259
8.935815328467154
8.09127627401838
8.379904527712725
11.866765591397849
12.575271428571428
9.412923529411763
11.884428230131642
8.536356962025316
26.371706930693065
14.686144916003537
16.50173163841808
14.230598845892736
6.40321589903721
14.556394736842105
15.844398697068403
12.88709501965924
21.902362037037037
11.80856896551724
7.130518075313807
6.696498870056497
11.647950202429149
13.595684555984556
30.781772619047615
27.467624137931033
18.67486834532374
17.020846666666664
18.857793862815885
22.182792523364483
8.486068753462604
6.8316
6.887220105820106
31.984483233532934
31.488435483870965
13.126320973782772
12.592631972789116
11.461219713261649
11.717283823529412
30.15478605108055
20.5940625
42.4341462585034
13.75156404494382
26.276223308270673
11.46504214876033
12.02318592870544
8.644380672268909
10.719028034557235
8.377806990881458
12.77524943229961
15.047902898550724
13.91174985835694
13.53760458015267
11.73942688172043
17.821952688172047
20.7271
18.46116567164179
19.03075542168675
16.767098165137615
20.332864193168433
10.149103174603173
20.342608737864076
33.06057252747252
11.242854417293234
8.503966156034577
8.805186907697959
8.510973932253314
22.536734402332357
12.75841287128713
14.849736713615025
29.813380742459394
23.50534375
18.595914481409
30.188289473684208
23.06672034428795
10.350306938159878
16.567451515151518
10.197928571428571
15.328116429699842
21.62208125
30.827933050847456
9.816152631578948
7.934365753424657
12.488396078431373
15.529229236499068
12.662956184486372
30.67762765957447
22.01413636363636
22.66378263888889
36.63084906621392
30.550683673469386
16.344432183908047
9.022151726384365
16.00682580195258
9.597795468820099
13.441825984251969
8.642508111978024
24.10505263157895
9.35022504708098
12.076867791592658
9.66497619047619
14.832326171243942
12.033133333333334
10.341405835543767
12.142025490196078
9.534487722772278
15.75554502617801
18.62181590106007
12.79309674267101
6.742988288288288
16.621515481832546
8.125059103641457
10.68164716981132
15.690644395924307
8.441597940503431
9.476246846846847
13.274883333333333
13.266562766945219
10.196399100642399
9.611286254295532
9.663231914893618
6.131767664795175
17.67412396313364
16.157833333333336
9.767922653721683
16.092488980716254
11.273995093062606
26.23547619047619
15.984061581920903
23.593611671924293
17.955279116465864
27.71219603729603
13.46925217035217
12.35305172413793
7.007906338998621
15.553307713498622
13.668857894736842
11.8496
15.49249012345679
23.99968988764045
8.194054430379747
20.48879923664122
9.054825000000001
19.353609832134296
12.107362170542634
20.39375497630332
29.64933713080169
32.90976382978723
7.081720534011443
20.52892424242424
20.81143956834532
32.32619444444444
19.497397982708932
37.24385051975052
14.949241069958848
24.458652331606217
30.66153082437276
17.915555555555557
17.25636037735849
34.51913043478261
25.779710975609753
34.51129160104987
11.333823146678757
18.96109031779032
19.305694088669952
19.886354545454545
30.88589852941176
23.6053
18.41495977011494
26.425432710280376
19.205957183770884
24.688450000000003
28.89040769230769
25.897329268292687
24.00469347826087
20.7772938697318
30.206705882352942
26.590737433155084
29.267212540192922
27.45935150214592
32.579336363636365
17.443556583564174
29.392804347826086
24.758934605597965
20.522628971962618
17.88308475073314
18.906942771412986
14.0296002765596
31.53701617161716
24.12620366748166
13.115281818181819
32.282041176470585
25.67943897280967
35.36106336633663
34.34737317073171
23.587419093851132
22.45913977272727
28.497540282685513
28.130277777777778
27.329150783699063
13.325332051282052
15.621204718353773
35.32500612244898
6.65962078827205
29.977572392638038
29.154577294685986
28.121680456026056
22.082351162790694
32.30008446601941
32.756501166180755
22.87103303167421
22.66771869158878
36.27723808353808
19.48201300813008
17.78301627906977
38.58372935010482
29.5706914893617
15.144853153153154
17.87336851674641
21.201610324483774
21.0340554524362
18.846434237052485
20.315589971346704
32.81587781664481
12.212958684210525
11.966490551181103
9.581271605093935
27.881578070175436
7.691626597938145
24.100067952522252
9.830295871180843
20.302466101694918
11.994104301075268
10.620043859649122
25.8023131147541
9.325714345180916
19.2638969924812
8.069424939825957
15.740555502392345
8.647248387096774
7.816999346405229
6.509271162790698
11.97455313283208
8.519521951219511
10.771274531835207
12.813823404255318
22.3345012012012
7.584871136827774
10.984202564102564
21.569919584569732
13.38852748091603
12.5907487394958
7.354338285291944
13.799683141762452
10.415036585365854
17.839235338345866
21.54978098159509
9.2513
9.868290476190477
23.043119241982502
16.013009589041097
10.929314168247943
9.78464583861428
8.2291758492322
12.231945628997869
7.741268511685116
10.494322897572918
8.57524621144055
9.117126876754504
7.976887878787879
9.671666689863141
9.303767358708189
11.004240063091483
10.834081582478968
17.83697792207792
7.5877757251908395
8.437107240948816
10.432094227994227
13.171399518007554
15.391289087809037
20.338578026315787
9.46786434108527
11.467880428715294
10.062254728425696
11.792646806039489
11.032205002689619
15.974518620245004
12.481359882583172
10.091239001349527
11.337317699115044
10.372884608739472
10.86998148930552
3.4393427338129494
10.642449184753266
9.147214924779114
11.519455433403804
14.836832329749106
7.793839701492537
8.436230601092896
13.431219765166341
10.68312561983471
9.077648457711444
9.603085190248347
16.104950000000002
8.504987192118227
9.574564221364222
9.517003966005667
8.926820540513884
10.519029348586386
10.886704204204204
7.726035438596491
13.268761252371919
7.6917198547215495
20.21025438596491
24.60086899224806
8.358872093023255
15.211744444444445
9.124605007153075
11.219718687950166
9.243928670453451
9.326548967674661
9.989335249042146
10.339956584648084
7.414532788984951
10.242068730456534
10.921967185473411
18.798565427509295
8.680361798678423
14.629862261014132
7.501708199250606
17.754193877551018
9.782192787524366
8.237064102564101
8.77565182072829
9.667768666359022
11.50161891708968
7.752269498953299
7.767832252460915
11.134739393939395
23.354121621621623
9.915593731838937
13.987558726899385
9.793252901785714
11.365175132275132
12.691791025641026
14.081631707317072
10.655747282447283
29.73190257510729
10.751481781170485
14.860823562152135
17.380568874172184
9.71088128149748
12.484931042128602
17.656241984732823
23.578182643245505
29.759193555093553
31.49518244274809
22.40258996960486
12.705499491094146
26.826852830188678
11.74006329588015
13.906351492537313
17.005960055096416
13.945332377740304
10.466141753653444
27.38017142857143
30.907652106430156
8.220716117216117
26.82722609699769
13.94305
13.5081878976234
20.39370906148867
12.366133981191222
15.898683333333333
12.700100330033003
9.2610304964539
19.415322748815164
7.5650870129870125
34.56786842105263
19.644593758300132
9.537946863270777
19.52565890410959
12.583171571906353
14.904999125364432
9.98166299081036
28.33790699300699
16.052725380710662
14.536888059701493
7.040589353464964
21.32033333333333
9.286672562553926
10.551336879432625
8.837552229299362
14.289089830508475
10.842560981912145
9.53322072072072
10.245302235528943
17.46664214876033
27.310764961636828
8.737294241960184
6.632708180041776
10.465660823045267
9.983088819875777
21.313132973805857
29.634580981595093
12.244480815347721
22.133276079734216
19.03075542168675
16.139455223880596
19.067827340823968
18.089991139240507
9.071168925619835
10.846029125138427
10.083384249422632
12.556442358078604
10.163018875502008
30.21185
24.416248370927313
33.37071522491349
9.431490892531876
15.1811802259887
28.238450572082378
9.5787
11.138649772685943
17.064031045253273
47.738673443008224
11.963936397748592
16.47754068058778
31.70462072072072
10.913193121693121
16.174691044776118
9.825803973063973
11.314957142857143
8.93988936416185
26.02633474178404
24.128985561497323
18.47619221902017
25.435684886649874
17.64677450980392
18.74917307692308
9.024919047619047
8.994245896656535
26.27692352941176
11.263380196801968
17.836261373390556
26.837000000000003
16.20800227272727
6.9247538842975205
11.978081818181817
48.715516666666666
7.116937238632592
17.421618918918917
7.893328029757619
8.293015034310667
9.84576
8.964127672955975
20.29870506822612
13.549765413533834
15.439773349633253
13.882190502793295
15.990879746835443
6.782471501272265
8.983588787185354
14.67536138211382
6.400231550802139
9.538462921348314
16.02284249605055
10.555858813263525
10.877441545893719
13.43620695970696
9.508278777506112
13.300913888888887
12.09894592274678
11.357927160493826
9.468279320318148
9.760208771929825
17.149371981776767
8.471508923884514
11.123812698412697
18.74598623853211
8.695936303630361
6.456753682813536
8.55020780141844
37.01489682539682
17.54050831656606
9.518823624595468
9.188887711213518
10.679777248677247
7.050960796645702
31.286536363636365
8.7839231678487
33.660023270440256
21.952318060200668
20.902411111111114
6.8511792524548625
7.678415087122822
8.201119883040935
9.388777011494252
12.398414194577352
17.42602
11.95905
10.76865
8.149279383116882
7.183573297002725
8.938650067476383
11.854147268673355
28.34370570071259
24.898464397905755
15.364357841383423
25.947925419664266
13.392554901960784
10.805079710144927
22.13181536050157
22.738547416413375
13.328675308641975
19.080660317460318
8.66323484162896
17.616930508474574
27.009937986270025
23.337113031161472
12.411794158075603
9.171938847262247
7.5551208223972
7.099708140610546
18.405596969696973
28.13397777777778
16.981766666666665
8.163576923076924
20.258840121845083
24.619097402597404
9.457157443848143
7.974186089238845
13.72267117117117
13.072287341772151
11.248121216545012
23.230015789473683
26.32286056338028
11.956023644251628
13.01154578313253
11.624783753351206
6.635082929399368
7.474510126582278
16.045995477386935
15.359777726574501
22.850052079866884
9.292647826086956
8.15769455782313
29.054903389830507
9.941409617918314
7.1618208333333335
7.944220409556314
24.42126040609137
14.437
8.869660394088669
11.55640534351145
9.469738095238096
5.596406106870229
15.52712191142191
13.419529607250755
9.881267149758454
9.468583660130719
24.409949275362315
12.520813725490195
30.359585593220338
20.00689731543624
15.4745
11.56032683982684
13.858319607843136
9.913766666666666
8.301404726500266
9.468023067846607
21.24514578313253
15.108444444444443
7.843048271092669
9.259651515151514
13.444156209150327
9.81967227138643
10.469
23.120604597701146
10.603061363636364
25.99453304843305
7.946817171717171
12.911446726190476
16.90279387755102
20.68595560165975
9.14507707362535
23.51603654390935
10.301477910447762
13.87662105263158
17.561531805929917
8.277366666666666
15.520147281323878
16.73401415525114
12.362067479674796
17.240778658101355
23.39818449612403
12.569959206121473
5.188997046413502
44.80058122866894
6.328827444956477
12.934433875338753
8.715078861788617
31.62483949579832
9.445998861364625
16.38481707317073
15.768361788617886
17.31585
8.680551559934319
10.886610819262039
17.523414285714285
9.94714946236559
8.773267031363968
10.780444444444445
12.528189855072464
8.393844110509614
13.071361127029608
14.967758374792703
9.919470172413792
8.561643506493507
16.33166049382716
16.2185
11.18263833780161
12.369236990154713
8.687912807881773
7.307102777777778
11.150112293986636
6.592407344632768
12.318924171480694
13.41232962962963
22.331484615384618
8.265121848739495
9.407536363636364
8.147056418852298
30.57508617886179
8.973623688969258
9.277622872928177
20.36803712374582
6.431971967171069
8.410484918594687
28.088542701525057
11.63482327365729
11.554715607675906
11.969796882494006
29.63727991967871
7.552079945799458
17.015922312373227
8.882374028629856
8.203737095919449
15.023357142857142
24.464195912806538
8.925943610223642
11.85839696969697
28.289456502242153
10.855453490522422
9.77414550625711
7.606968331417825
14.324339814814815
7.110588888888889
6.4298142857142855
11.781873118279568
14.582111111111109
16.460615094339623
10.00942380952381
11.453765942443301
8.102496440929313
9.153729399790945
8.769612238805971
9.5710856167979
11.564040766961652
27.53859485458613
9.006283656536421
9.416982352941176
21.14184670846395
28.262766348448686
22.53303559322034
9.61787291763611
7.934172392638036
10.41878611111111
10.228133333333332
8.777380529801324
16.592473684210525
7.347568014440433
7.489156310679611
13.3820973131822
7.152441991341991
10.333400000000001
8.402399212598425
7.86755646945647
8.780619523809523
7.474716666666668
16.306617307692306
7.264930922693267
20.761611111111108
6.859872353673723
18.878163716814157
21.579144155844155
9.499233021077284
8.845473544973544
10.285450253807106
16.48619565217391
12.83755804464973
8.616971052631579
8.676685776128632
10.418905928237129
15.709906381534283
25.862555056179772
36.65470600315955
9.578130240549829
9.428538787878788
11.973929787234042
11.454398480786416
11.645151121076234
16.27730518134715
19.933806148867312
9.604769503546098
13.804093871409028
14.498613207547171
10.78668487394958
12.486713947116042
8.926185786163522
16.109559523809523
9.001708265947888
11.622410955710956
9.54575525982256
11.597312352406902
12.083695133819951
13.388675899843506
8.291784782608696
11.216179728966686
14.977136781609195
7.792895330920976
28.96325425531915
6.969743956043956
7.120434391534392
8.157552321981424
12.69940643923241
15.251884615384615
18.30735
12.600312125700984
16.38882216748768
12.485027927927927
21.27051981424148
9.969677232924694
25.66695569620253
13.416474497816594
5.251452582159624
7.110075258918297
20.124441914191415
24.761812903225803
21.79682328767123
9.598343902439025
7.392730985915493
10.00491725888325
11.755525
26.717682816229114
24.653679944289692
21.262921052631576
9.182516260162602
32.27182623274162
11.127219894598156
20.99998789386401
20.06897946127946
10.656481047381545
24.262235294117644
11.991231210191083
10.732424731182796
12.836325680933852
28.885323893805307
22.267448672566374
22.41683214285714
15.621924104234528
25.689315463917524
20.646862382445143
17.064823076923076
17.74897307692308
9.72960752688172
7.666436864982342
8.343490844616376
19.08598131868132
10.959117616580311
10.510072336448598
23.91288817204301
13.265665027322404
24.891649206349207
10.305260493827161
8.139748611111111
23.337113031161472
10.528514492753622
19.62916883116883
7.260350279329609
6.7055770370370364
19.2631683127572
26.16769512195122
11.51283417721519
7.081917132157903
10.217964788732395
12.408916591251886
11.90833275862069
10.522139603960396
7.11502885677858
23.343214754098362
8.122777266387727
19.723821428571426
25.522672115384616
19.064966666666663
9.925251128818061
21.451315946843856
10.687844674406865
7.2363
8.539614285714286
4.599079623824451
6.837600928026397
19.87519552238806
21.282223178807946
11.984740613026819
20.84926855345912
7.671048856548857
24.121589502762426
15.4513
9.827147619047619
7.665514893617021
8.64529365079365
24.434438383838383
16.051069696969698
10.140331512113617
11.875886120591582
13.005738929440389
9.103444444444444
8.856697590361446
16.383404761904764
9.65767006802721
18.815265217391303
7.301974881516587
6.238471748878924
12.869816312056738
7.494898305084746
8.439678294573643
13.2843050955414
14.822465217391304
14.846173298429319
9.22395401459854
21.386792715231785
13.813433333333334
22.231316759776533
10.06293131147541
26.793141647597253
10.756921988304093
21.670657357357356
10.642179874213838
9.89054761904762
9.205688220737441
25.058936559139788
13.077496319018405
7.32166826849733
10.513666711409396
7.899492830188679
6.697579390862944
13.033781979891724
15.78638728179551
21.29615534591195
7.820785123212656
16.46445140186916
9.109622807017544
9.506774418604651
9.353760759493671
7.366931434184676
9.272274972314507
9.043892907801418
10.356487347931873
19.584791603053432
24.088397752808987
16.17289040767386
7.341994637681159
10.00094249084249
9.472009590878605
7.6099136986301374
29.90436347305389
22.3873012345679
10.406255023923446
15.963962773722628
9.18290303030303
28.006648251748253
12.53892448979592
10.531328865979381
13.033781979891724
23.513619061583576
14.898798412698413
9.054412582781456
25.226073333333332
9.573153968253967
17.11174563106796
9.715490466321244
8.222911009174311
9.471135806451613
12.226010204081632
16.0250031026253
13.218686561264823
10.728076958525346
7.834352941176471
14.221075155279502
9.03175238095238
15.111790797546012
22.030033720930234
6.74373663003663
7.7502064102564105
13.241820388349515
7.6380963143631435
7.10237012987013
16.97201111111111
13.019762411347516
8.280423497267758
13.628209643128322
17.321631034482756
32.22044201183432
12.176954263565891
10.417992857142856
12.948588888888889
9.036013821138212
10.412671428571429
9.008072905525847
7.7574467849223945
11.60513668261563
15.90102197309417
10.489845483870969
14.945328742514969
30.162166800804826
11.865806732348112
11.083624324324324
9.59212389937107
10.544886885245901
9.224123188405798
11.609044715447155
13.531199337748344
13.838211688311688
8.599082716049383
8.363248872180451
18.396618875502007
8.990716666666666
16.249439759036143
9.940035705812573
7.298808939014202
31.05605061728395
10.071040842572062
13.95564532559639
11.265445098039216
11.060080104712041
7.64321544227886
10.901730769230769
25.590776767676765
9.853444303797469
13.818141429613421
17.560405070993916
8.456768774703557
12.571187470449173
7.542549700996678
12.162343741007193
6.343986776859504
17.760257851239672
18.156479043280182
25.22914502617801
19.34372290076336
13.29082925170068
23.821718428184283
8.422347194719471
7.651361306532664
24.378624590163938
31.442842740286302
16.384637931034483
30.550683673469386
9.867390909090908
14.021641770057899
15.575782051282049
12.850171317829457
10.2966737874097
22.443435313531353
28.432306451612902
10.408015151515151
23.110826627218934
6.108686301748566
28.089687012987014
7.077117283950617
11.724354606365159
10.780370548277535
11.413775452196383
21.34767446300716
10.550050259067357
6.9337474235936805
5.454670255791141
23.828887467362925
13.472034177215189
24.01624970760234
8.642385714285714
18.270275464684012
19.633809589041096
21.525701246105918
35.92853356164383
15.358188311688311
15.276743478260869
10.442752631578948
12.470377033065237
21.383723880597017
15.276507940446649
12.08819765258216
8.140663224893919
19.35948014184397
19.403990076335877
9.089779725085911
8.669722030981067
28.090165408805028
11.848952886405959
16.042636322869953
10.145325321463897
25.785444554455445
8.524515394321767
9.846175675675676
20.749788448844882
8.67973352601156
13.920467908309455
15.06103404255319
21.06507142857143
20.72516581469648
10.917067045454544
19.893
21.54978098159509
8.71208904450669
7.87721067961165
21.558675949367085
20.0955
20.240546735395192
10.036058333333333
6.247733831990795
8.850315565345081
19.381706896551727
10.507533333333333
24.337350537634407
26.83935936073059
22.43929637462236
8.452958333333333
22.71058636363636
10.634715075376885
7.961045454545454
8.647442934572203
15.865618385650224
19.51656962457338
20.677131172069824
7.891691932059448
25.82632596153846
16.61841900826446
18.89047042253521
12.73204081632653
20.8650667673716
8.22838088235294
15.938346475195823
6.716036160222318
16.517712785388127
10.936545833333334
23.89544623655914
8.049492857142857
24.32839897959184
17.255173092369475
7.208241818181818
19.97510397350993
6.324784823947981
27.118958198614322
16.348891304347823
7.500184502164503
19.186243065693432
16.096544827586207
15.859192307692306
18.3695296875
8.584107490636704
6.487269836065574
14.171166666666666
7.9312069518716575
7.3276666666666666
15.573337267080746
8.618697435897435
19.013799275362317
19.293049659863946
11.542385416666667
10.48757104622871
12.87486015037594
11.971639158576052
19.2177
22.26417195121951
22.75545202492212
21.884323197492165
12.60277949790795
18.865474412532635
12.197354780361756
22.98152857142857
25.141738297872337
15.325373156342183
11.14129305210918
18.2356423580786
25.35551881188119
18.89206155268022
7.449763908045977
16.669925531914892
8.010562745098039
23.17883658536585
18.128961776061775
20.25893660130719
20.98423205128205
24.337026373626372
10.7941594224924
7.108204888215233
20.20842949640288
21.29034200626959
7.426444478216819
22.665587179487183
23.839903191489363
17.16738031496063
21.449186238532114
9.893492156862745
14.35923428377461
13.94933680981595
8.0716
21.892004402515724
8.627344444444443
16.751969527896996
15.459333333333332
13.563485997910137
26.299974550128532
10.942599441340782
7.452852256944444
32.0225412371134
17.791623618090455
9.338905072463769
13.041830041152263
9.910228735632183
15.069304301075269
17.498202994011976
18.98858359046283
13.700378873239437
9.76779991015274
9.788574542124543
11.252547619047618
33.74864752851711
11.136000481246658
38.67194263322884
39.04677264296754
32.551070634920634
10.970020191540304
11.971065656565656
9.960874836173002
28.03674301552106
7.78394203821656
13.842872881355932
7.4807634085213035
21.587215737298635
18.41059655172414
11.472688505747126
9.061565222623345
29.582184615384612
30.624697416020673
19.127558823529412
24.49285714285714
15.918631611323644
30.56765
16.462756454930428
11.08475238095238
14.179565008880994
32.62167573529412
15.825763840399
19.316370422535215
26.093711910669974
8.588212073470034
16.373334517766498
12.885507072987208
10.419313731343284
10.472630839373393
12.719535294117646
12.175224149855907
10.725322068965516
17.69629894887721
13.254932624113474
23.710233333333328
14.4091110612855
10.296176241610738
13.523481155015197
25.36198148148148
25.19704508816121
28.929828479657388
7.375753995446168
16.59864298642534
10.452495415472779
10.869995688748686
19.590989795918368
15.368261604584527
24.935740217391306
10.771880559646538
25.779899999999998
21.800334604105572
19.32151489361702
10.522831707317073
11.100214285714285
8.652409926715523
27.62326543209877
11.664377192982457
9.491875075987842
20.78419491525424
21.344257575757574
7.135994172494172
17.279366666666665
20.325064473684208
11.601853846153848
20.50934050632911
13.645874358974359
11.22102366972477
14.42529880239521
10.914136734693878
27.210834793187345
8.838411913357401
25.505803381642508
11.521889384288748
14.602395698924731
17.956382352941176
26.084861445783133
22.83053076923077
23.998036231884058
21.471116149068322
10.018378119122257
26.759911764705883
16.550944444444447
19.56281096345515
18.820529118773948
10.428050517043278
8.555801260022909
11.208006143001008
9.801853110047848
16.29629541284404
8.833265217391304
18.8012875
14.266821461187215
9.90693680981595
9.404207194719472
12.257157268722468
7.8994629218677765
11.61208817204301
23.248881818181815
12.098970772238514
7.637240055504162
13.075999319727892
10.132474358974358
7.598931578947369
7.567269230769231
11.755815789473685
16.543155555555558
11.919657723577236
6.990909523809523
22.690382840236687
8.25906511226252
6.813379365079365
29.18166680497925
12.286108955223881
10.292181355932204
6.15170463768116
9.420313698630137
11.009588732394366
14.682996629213482
8.830233333333332
13.3713228198859
22.541541486068112
25.87023657219973
16.18308974358974
12.785619115323854
28.080261305361304
22.35708167938931
9.428490370999716
17.778609443099274
29.177312820512817
16.750231677018633
18.830083333333334
10.213324144869215
33.835126989619376
8.581086080586081
9.667979275653924
18.684310256410257
23.343214754098362
21.66282441860465
9.415274806684959
13.769977911646587
14.916931311154597
14.096218174787316
14.083228205128206
32.883607156673115
21.133772909698997
9.730047264110297
8.474796581660335
16.391067088607596
8.941724645006017
8.252772067510548
16.76038701298701
25.450631521739133
9.403375757575757
8.156626126126127
7.655876312849163
20.050659124087588
10.168583797729617
17.826860949868077
9.883921794871794
17.073906096654277
13.348870504138448
8.398841752265861
14.995459544159544
10.137044107744106
10.133033971291866
15.559021693121693
17.788967346938776
8.413282256809339
7.295625
23.21034848484848
12.947047242206235
9.048523286384977
10.380796183206106
13.915801424501426
14.787128112449798
9.551905263157895
29.227209048723893
6.614553246753247
30.875499999999995
18.25338191721133
10.382818309859156
22.540469696969694
17.31895483870968
35.361690759075906
8.216373825503355
24.01391232876712
26.8109972972973
27.92852173913043
8.699082419495213
21.383928013029312
24.471747745358087
22.666155014326648
13.272316574585636
10.36179567839196
10.512662667315649
14.348654385964913
16.29275238095238
30.13486441005803
17.28135896414343
21.41133333333333
21.679625
15.569725
23.3411301369863
8.515399386503066
8.923528192371476
27.38933950617284
12.677327586206898
22.616119292604502
8.989434508076357
15.961182926829268
13.38714502617801
25.895779575596812
33.05079814126394
11.837480532869192
9.886102105540203
15.910161538461539
17.737368845315906
9.350708695652173
11.011944615384614
10.53540084417066
12.469294704684318
19.17825429650614
11.673585137085137
8.304169387755103
25.176833333333335
22.764472222222217
26.769728915662647
20.40940379746835
33.098567296786385
7.3128
25.726448051948054
11.215552298850575
26.991143678160917
10.023364623955432
20.22118289473684
10.447693902439024
25.126320512820513
7.611632485156912
20.169238028169012
8.40477964989059
25.354565415549594
30.242868831168828
8.864493220338982
7.771275784099197
10.801289713155292
9.011018427947597
8.64942160990712
13.867630120481927
13.658657381429526
11.149560606060605
18.148831707317072
25.243402439024386
25.551641758241757
23.383455681818184
9.62930975609756
9.576701508295626
9.207366666666667
12.606432867132867
15.044436585365853
17.19978034188034
10.37241338501292
13.473109523809523
12.456421461187213
6.327574316939891
7.627650224618149
21.800334604105572
7.8377809736308315
13.62476923076923
23.47317159090909
9.545288912579958
24.21893514211886
17.711393617021272
9.038698393574297
33.283687119856886
10.969895495495496
21.187760130718956
28.357488235294113
14.967861363636363
21.129058256724548
8.338763200815494
11.410268739495798
13.897646666666667
10.961302697731453
16.51184323144105
7.093199256033388
15.907597142857144
7.473432661870503
31.2404619047619
23.686047632311976
21.342106042296074
10.422251378446115
21.66362878338279
9.360941453982985
8.421154615926708
7.740340581929555
16.387529411764707
25.335414285714286
11.232346887529015
8.319366469344608
6.243946404002502
23.246944444444445
14.195866144200627
37.1915
24.26581348314607
12.064461151079136
8.150869959946595
8.46463556073556
11.226330303030304
8.215494256502781
24.25031081081081
27.13736924829157
8.289933333333334
9.761817501546073
13.270584132841329
13.989254471544715
10.506495002839294
10.579003278212939
18.27720569105691
15.070146511627907
21.5835
7.9910499999999995
13.664626553672315
24.450806100795752
22.77537802197802
6.9656788628762545
9.697058107389687
17.220544444444442
8.177571794871795
9.039316738816739
11.211797297297299
10.674642592592592
12.96904229249012
13.520219444444445
14.913553107344633
25.026728124999998
18.03838870967742
12.508437984496124
11.531890243902438
23.564970460704608
9.842961356932154
6.851631084120557
11.972003100775195
10.719378911564625
24.166132345013473
9.139417928286854
20.19541525423729
13.786341800643086
24.49605844155844
9.738136363636363
10.62724703196347
11.663499999999999
22.636794117647057
15.187018085106383
22.550234911242605
23.05955552560647
22.566672455089815
12.370338157894738
10.070268227571116
8.46424214876033
16.72408139534884
12.204386111111111
22.987501104972374
9.082013953488373
12.760766666666667
10.68206694214876
13.635041634241245
12.581166666666666
9.630996024464832
7.68702249589491
9.182516260162602
18.281958932714616
14.717449315068494
23.5229
15.085424786324786
26.404046472019466
11.311207177700348
10.092032467532468
8.878980303030303
13.060636423841059
11.32117611111111
9.571786274509805
8.983714343086632
7.787058441558441
8.449457843137255
10.653250809061488
16.424277777777775
12.938848497854076
9.5721
9.081611111111112
8.847276329870947
14.542041295862608
14.244437552742616
10.821676485461442
11.275075244299675
11.350633014354067
11.9342932938856
10.144740794499619
8.189321845018451
10.383772727272728
9.37254255319149
31.704107610993653
9.517215695067264
10.67021412924425
10.363570935960592
15.447006832298136
12.645844680851065
16.1458007751938
30.60695553319919
9.653692364878442
11.268203703703703
12.18586842105263
9.171426870389883
10.346828930490553
21.42351146496815
11.728157671957671
8.93950556586271
10.114260261820688
18.08940980392157
11.317541969653593
11.468756160580824
19.626528828828825
19.492400904159133
11.621582100750269
10.6179547008547
10.000710810810812
50.557580089485455
13.038566666666666
11.973160173160172
9.470556875
19.25766
8.295355639097744
17.899151162790698
11.1403
28.838368907563023
8.000717640320733
14.857053510324484
13.597664367816092
7.070138540145985
22.710842857142858
23.14317917888563
20.324931399317407
17.550069348659
17.515978260869566
26.509547115384613
22.153072809667677
16.470360883280758
10.802431182795699
6.947789609609609
8.02329963014332
19.24401570881226
10.818971966527197
12.121259712230216
20.620145751633984
18.183478801843314
8.962000315457413
25.834661165048544
26.063400469483568
16.97201111111111
21.27496708074534
11.756225490196078
7.865841811175337
9.078594915254238
8.0056696994648
17.123936286919832
15.387109708737864
19.70489270072993
16.727429914529914
20.95581262135922
28.490810917030565
17.52862244897959
12.06722582781457
23.043119241982502
11.824722346368715
17.549805263157893
16.892322421524664
16.538150877192983
19.73057083333333
17.182534523809522
16.27827938718663
7.253404978902953
11.306432142857144
18.09417881040892
7.511344444444444
8.98891047339757
13.795728199863108
21.866432960059726
9.476363098192131
11.676427413793103
7.928976190476191
13.367913405797102
28.524790497737555
10.64452294407159
13.194317427884615
9.680742708678975
23.466462484157162
30.28243885433715
21.720515503875966
28.30940616113744
30.15314518828452
19.52222264808362
43.47706735253772
16.687360465116278
7.776171277258567
18.989421518987342
27.873549087221093
9.31408031306442
8.145034669070995
14.757555555555555
8.959323143683703
8.067364991394147
27.439510185185185
7.422570503018108
7.614125287356321
15.42222883895131
19.59038195488722
7.7075499999999995
9.835640639269407
14.9744
23.74855868263473
11.717283823529412
25.841228690807803
9.082576702759344
19.30100648464164
8.177799230111207
7.930701002506265
24.368679591836738
22.48629659090909
6.461688108108108
13.974271623931624
21.945815099715098
20.324931399317407
8.822731013431014
10.438336237897648
7.0296366018596785
7.241607569265923
11.464680733944954
22.127714159292033
23.207099999999997
7.650420194647202
7.670392195121951
14.03250404040404
18.552337956204376
19.199815523465702
10.2665
10.590109803921568
6.261850405293631
7.699862030627228
21.803772025723475
15.84040909090909
11.280269625246548
28.020086842105265
18.91703101045296
17.919692217898834
18.285975757575756
15.54748269230769
15.753061467889907
8.284950580997949
19.27267857142857
12.415190925507899
6.234268892718656
14.892754545454546
8.273014285714286
22.853833333333334
14.301021001926783
9.899696694214876
14.51859685767098
10.330154129893641
18.47609263803681
24.897920618556697
17.20293802559415
8.390715457450586
15.330026715686275
17.64622105263158
14.843842056074767
11.203473975044563
15.262464516129032
28.13397777777778
7.860149504950495
17.97976530612245
10.248615050167224
21.463966666666664
21.292706024096383
19.88275
22.898027977839334
27.512612037037037
9.013554166666665
8.373858579881656
9.647833333333333
13.644659420289855
7.458087973856209
14.977044680851064
11.685500278422275
20.306167039106143
9.828398392282958
13.184484682332462
17.177045423143348
19.02352269503546
14.257563945578232
22.80833333333333
28.59832639821029
8.44106460554371
8.38316085985483
27.42437930174563
11.276638916256157
18.079809543568466
27.39043103448276
13.518224661246611
26.44786504854369
8.092766086956521
7.399510341805434
10.193201614906831
17.592703225806453
27.633183422459894
13.39786111111111
25.322993827160495
9.772068627450981
15.737266346153845
23.602067213114758
8.480961494252874
33.52001851851852
7.411486705863139
14.29405884244373
28.604401624129927
8.397332738095239
7.429792009520571
9.30570212314225
8.253622825607064
7.8213237082066875
8.554014765694076
19.143820146520145
24.70179340101523
22.534946511627908
11.540652147239264
7.266008675799087
7.6300194789081885
10.003168965517242
15.781831543624161
9.286169593495934
15.620004347826086
28.346023348017617
23.81655983379501
18.866090322580646
15.355179674796746
8.024634823796893
12.53000589907605
7.7269918767507
33.57639899799599
9.743405459985041
6.171246827950071
29.052064523281594
14.794652024922119
18.26959557522124
20.912683116883116
20.547464309764308
8.267971732522795
21.74396058631922
11.981281518151816
8.055510240334378
5.135301449275363
30.402958939096266
24.637477049180326
15.481545454545454
24.38745995807128
10.969486505538772
19.31382274368231
8.777738379530916
10.394184080914687
8.440142857142858
20.994328571428568
10.390488775510203
22.764472222222217
19.810839568345322
17.075154545454545
18.05076923076923
12.144991228070175
8.375109195402299
7.180310053475935
25.796335922330094
26.838153598014884
24.049876595744678
8.50918918296893
8.955337905759162
7.162996518218623
6.761066129032258
6.931563387978142
10.399909318996416
10.318615866084425
8.037444693140793
9.265618604651163
6.958087301587302
8.200399421965319
8.68978109069354
23.750736437246964
7.00366142557652
8.46293354037267
18.77927323943662
7.8473471057884225
9.096193333333332
5.476637442922374
11.776683458646616
6.98143009118541
17.851199212598424
14.30707894736842
22.77717777777778
18.659348818897637
13.621082716049383
10.973748987108657
6.737612331316891
7.488495968992249
6.729544074074074
15.899679487179485
8.32088752633797
10.284670590631364
16.241403167420813
6.096744034440344
15.051210416666667
8.847121097046413
9.014428524281
13.470962962962963
7.225772727272727
9.185911475409837
17.361883690987124
6.786694336283185
6.748023076923077
21.29399430894309
7.351775303643725
24.663305747126437
17.04285633528265
8.948120021299253
14.838390265486725
11.36484184397163
9.518637046413502
25.99675016722408
19.509347473460725
8.030743600383019
13.711312637008382
28.67335751633987
13.1974669829222
10.437525646437994
21.221634365325073
10.47256511627907
6.6772906249999995
9.238974074074074
19.362566666666666
25.445170676691724
14.477408808290155
13.97556243414832
9.452419634703196
23.42466551724138
16.322363013698627
18.78891842105263
11.642083141762452
11.566245093167701
18.902706844106465
13.322129113924051
14.211289519650656
20.873128985507243
14.988544444444445
11.68185519125683
24.16647673130194
9.372257095709571
10.41791518151815
13.063128571428571
24.764930769230766
15.885148648648649
25.59734340175953
24.163024250681197
8.72121364902507
10.429945745856354
22.64929390243902
10.531114323607426
22.032818495297803
9.521074827109267
20.248054121863795
8.739893628318583
10.967334017595308
18.425242231947482
7.153784770114942
22.44377058823529
13.42749331306991
12.591420040281973
12.06264961832061
8.045672161172162
9.433512098765432
9.345189932885905
25.106929242819845
20.851810344827584
23.110826627218934
21.849495266272193
6.413697000937207
10.121544155844155
8.473195906432748
10.517780996884735
16.751969527896996
6.399492518146287
7.839167740698121
9.123575949367089
14.572482675947409
15.766432608695654
10.765998044164037
11.50001011235955
9.838170460704607
19.632257491289195
7.638003759398497
18.138258757062147
22.27730303030303
15.08050776699029
26.013121782178217
7.011679894179894
10.79298490284006
15.781880952380952
10.211359687123945
15.570490879478827
6.955882329317269
18.662327642276423
14.368248541114058
10.884606201550387
16.384299095022623
9.514043678160919
9.3985
6.621505073649755
8.553372727272727
17.901644416873445
18.650273493975902
10.401491321499014
10.437608675799087
13.577195539033458
7.525041666666667
11.805611826923077
9.814095945945946
11.330202521008403
22.30797485380117
25.061148648648647
7.9745475956475955
8.82548493150685
8.370092638036809
12.472667088607594
7.066360062752128
13.19126111111111
8.60078428286411
8.679683037475344
7.9682883040935675
8.534917699115045
12.3500506044905
17.89665411255411
12.95975988023952
12.29798346456693
7.176723188405797
14.896631843575419
7.7635571428571435
7.347366666666667
17.869310041841004
10.805059349593495
18.76260401069519
12.40455100671141
6.537522047244094
13.094805128205127
13.237235211267606
9.969992592592593
7.85546308539945
12.514322465753425
12.993920930232559
14.354688601036269
15.890837724550897
8.4564448304695
12.789744599303136
15.13667957923181
7.784550746268657
7.60214705882353
8.891326086956521
12.344674697173621
7.647961111565851
22.829307350689128
17.453840659340656
12.740008700564973
23.022412166172103
14.530996608767575
22.22240625
28.465469642857144
42.77394941785252
17.04361649484536
19.106429764453964
9.576358884443398
11.995421588946458
11.554327053140096
36.85304219269103
10.214597908979089
10.673082695507487
9.04368047385621
9.015774074074073
8.805885571353343
6.574762243605976
15.020273236009732
15.830214798206278
22.339031325301207
9.850420032375556
12.725677777777777
18.929759677419355
11.761834861995753
21.20889746835443
27.869588679245282
7.935732183908046
9.619617948717949
6.822822321428571
9.574511009174312
17.938968934240364
11.878630081300813
25.727062711864406
7.059883910287664
13.150425456292027
10.981070072239422
17.053867901234568
9.252593827160494
7.355582388059702
12.873824193548385
22.010526086956524
12.271305549132949
31.393650664136622
11.010668838526913
25.40499756097561
15.358404761904762
9.686883122362868
9.665501503759398
7.838611111111112
12.770158426966292
10.430055555555555
18.39098540305011
9.644041666666666
8.914136559139784
14.770530769230769
29.482215403422984
10.570499831223628
13.377851612903225
11.083055555555555
9.063617587071127
13.829339344262296
10.598962086513994
7.5973985507246375
9.434252238805971
11.170777777777777
6.853249573459715
7.678712594171998
10.834659553695955
11.67470637254902
21.614801408450703
22.940898847262247
8.39026
12.065833333333334
12.4090311827957
22.69055349544073
9.522925202520252
38.247529441624366
11.244729885057472
19.787134113712376
14.442141025641025
17.63167106918239
39.571446170678335
28.28747669902912
12.344931620553359
26.62607215777262
18.378182729805015
9.167606818181818
21.666529850746265
19.212991228070173
8.827158385093167
8.189049832775918
27.056847494033413
11.410974774774775
8.018824555903866
17.55002372881356
30.98572412993039
18.821252542372882
19.20165897435897
6.811915962441314
27.22673432494279
26.821173589164786
9.65010207253886
24.549830927835046
8.855908333333332
10.882984615384615
12.448670802919708
9.338617647058824
17.805513765182184
26.619386384976522
7.105000170745589
21.66518092485549
9.32743125
7.272049700598802
13.183945353159851
20.079849806949802
10.085975971033577
14.813007070707071
10.216185561497326
14.902979207920792
9.110944444444444
20.40545671641791
18.57183333333333
7.350681198738171
18.868975889328063
13.734439393939393
15.371239393939394
10.260467420814479
12.588715384615384
24.811979452054793
8.89567628458498
14.697835519125684
11.263857983193278
9.894884375
8.891696825396826
6.659754838709677
8.953688477366255
11.45361715210356
8.087761614129219
9.079990319176998
17.818861453396526
12.882462601626015
6.257039366515837
11.16470162601626
10.937899339933994
10.77653786407767
9.550999656357389
33.1599323268206
9.905997205824479
8.08038282828283
11.41620609929078
11.371232240437157
8.400033333333333
42.9837492063492
22.74953897763578
20.286373229706392
14.288688350071736
8.994859600443952
11.21941582928147
10.087157875457876
25.111253246753243
29.935271428571426
27.147102777777775
13.6698498470948
10.272932432432432
7.948559189295553
7.5115255778120185
8.461022283609577
23.233748387096774
8.835593040293041
8.271888819875777
12.049547784200385
7.868943137254902
13.497633333333333
15.439963736263737
11.880704395604395
12.775227980535279
19.423183916083914
19.36343287671233
11.57730404040404
8.434908748255001
8.10459090909091
21.318605685618728
6.873303864734299
8.352537735849056
15.469178820375335
22.656226174496645
9.00155293350717
9.057118392282959
7.980664814814815
10.486669399477806
7.574062886597938
12.360558914728681
13.45461454965358
13.519775362318839
8.784789397590362
19.329071428571428
8.612072727272727
19.68320114068441
14.752671428571428
10.346840893470791
8.53400291858679
7.65766430976431
11.362617270205869
8.149277777777778
10.14553956043956
11.137166666666666
8.101324931506849
10.390327027027027
33.42115486725663
9.051344642857142
22.530748275862067
7.387464916041443
20.302466101694918
16.61841900826446
25.225401492537316
24.95840528967254
18.66255475285171
18.05076923076923
12.162835714285714
18.015461904761906
25.603679787234043
10.875250574712643
19.50830769230769
7.188515795586527
14.072817525773194
6.894392393736018
11.352365020576132
9.356787356321838
6.607968571428572
14.13594347826087
22.769407182320442
10.163333980582525
22.995882965299685
13.075999319727892
27.743398039215684
8.082409223509224
23.78442181303116
9.279364637520754
9.237002130632204
10.533891554357592
10.376425925925925
16.809340909090906
19.733150515463915
15.26959701897019
7.885217918391484
8.520058284480099
6.2577891605785
14.210901324503311
10.472228687572589
22.108600621118015
16.468896491228072
10.759335882908404
22.48527142857143
8.915963715783343
16.65443076923077
24.344187499999997
23.96587346938776
6.118769387755102
17.375436170212765
8.620897808219178
8.98771095890411
7.804234098360656
25.421504395604394
14.791859785522787
17.44277479674797
19.87797900355872
21.522205882352942
22.3345012012012
9.487519421965319
21.461344444444443
24.04643469387755
14.090972025723472
7.946940293040293
11.246355021834061
24.57097624020888
10.843548401826483
8.38142346656114
9.200484052287582
7.973452502274795
15.609907920792079
18.379454744525546
13.933848948948949
15.669095238095238
14.052410791366906
24.316173490813647
19.500726989619373
21.987501719197702
20.001586689419796
13.719475079872204
15.625090909090908
8.044870994152047
22.45451559888579
23.02229292604502
17.075580952380953
17.58485294117647
14.138068454258676
24.39906062992126
13.260048387096774
9.452012573839664
7.5798830508474575
14.071714705882352
9.7482
11.21876384793695
9.513151612903226
10.764191513700453
14.106249215955984
8.081832711330094
30.46218114754098
12.166962068965516
13.321237753222837
13.336005978090766
24.566384240687675
16.394394659300183
7.705902261506609
11.66054938271605
14.636075309973046
10.149070281124498
12.420859851301115
6.758770144927536
23.525782521489973
7.07834485852312
14.11454075067024
26.06870591133005
18.580402183406115
13.507365696465696
9.234345045045044
14.230330794165315
13.2908583011583
10.613071526586621
14.044406108202443
11.325719288728148
14.872048768472906
10.869995688748686
7.951815873015873
17.455354721796837
9.01011990049751
10.404593904020752
20.08739568106312
19.867638129496406
7.722005287356322
12.681249295774647
24.077588043478258
23.08934596273292
17.347621951219512
24.910050138504154
14.188681818181818
12.590073509933774
15.775304545454544
12.47094864864865
12.987531718061675
22.36060501474926
6.187732739212008
24.553921978021982
18.34332985074627
8.512344359949303
9.665413915857606
24.22328941798942
9.986492286501377
12.608510958904109
17.832539215686275
7.713604886649874
8.48705
7.286254890219561
18.97204843205575
30.758731249999997
22.125210703363912
10.013553488372093
18.764460606060606
11.967764257028112
7.754097551087946
26.868556281407038
11.978919383259912
20.98423205128205
7.3369625391849524
11.79693162241888
16.351112206572772
20.077534083601286
24.587639240506327
18.413244186046512
21.09382231404959
20.321444927536227
6.673166666666667
7.408772958801498
8.237579674796748
8.71480465116279
11.174955963302752
9.934397916666667
12.284058904109589
13.606884615384615
13.08294705882353
11.885801785714285
8.704776891615541
16.48619565217391
12.935136324263253
18.681109523809525
9.506925531914893
25.806394852941175
13.118826829268292
15.983954545454544
12.866033333333332
17.53356993865031
7.153802127659574
7.506229292929293
15.054708695652174
7.015178908848969
14.788348076923075
15.27597807486631
14.108428395061727
15.869532599118942
12.517766666666667
13.573447486033519
19.762520437956205
9.596070695970695
11.083258333333333
11.95165806451613
11.009681308411215
12.559375
10.483756402877697
9.954996103896104
8.541331578947368
14.722252083333332
7.890504109589041
7.658055769230769
14.566518367346939
17.33028149779736
11.299072043010753
13.740382352941177
14.29270476190476
6.710152173913043
11.625502898550724
10.614337837837837
6.94321568627451
10.326729965156794
7.507897683397683
11.258931007751936
14.225348351648352
9.369910204081632
7.010415503875969
7.808844458598726
13.880333333333333
6.538946511627907
6.058280733944954
18.383308510638294
16.522075879396986
11.15124074074074
15.343398113207547
11.870360714285715
13.215107317073171
6.839435343383585
20.531952014652013
13.83499398907104
14.765344444444445
16.042756459330143
13.307790395480225
11.56779411764706
17.0564641509434
16.79714379232506
27.281653056234717
7.063707197480882
8.476838736059479
10.142433621933622
28.397255855855853
14.275635611237663
35.9093077170418
13.422563849765258
17.934174137931034
21.04640416666666
29.622733557046978
23.46827304075235
9.640305073995771
30.48623469387755
14.093997110641295
13.659810344827585
24.827487341772148
14.93246254681648
8.074235216240071
13.222078787878788
11.08230867093106
9.17924054054054
36.712626027397256
11.17122463768116
21.042196463022506
19.73392105263158
30.106259016393444
21.225588590604026
30.920157787810382
14.43116455026455
16.026219587628866
11.515715450643777
14.518994117647058
7.03301761485826
23.57434022988506
21.412609876543208
9.133108682745824
11.557774159462056
10.623428089887641
10.773391103202847
25.70727623762376
9.563564705882353
12.490166666666665
24.089193333333334
20.80169597315436
8.062796894409939
9.651251858407079
9.69349674796748
12.369234782608695
21.476611688311685
9.459210236220473
8.827028549618321
21.49747370030581
18.2268906614786
10.204414205469329
9.902083333333334
26.988730769230763
23.527722641509435
13.556273424449506
17.09242676056338
18.650273493975902
12.977282554517133
16.24344513274336
10.297375990675992
19.336816955017298
7.976597413249211
19.769851624548735
10.590484834123224
12.503451394422312
8.958185714285715
5.834530847029077
18.285975757575756
17.619303791469193
2.139045378151261
22.534946511627908
14.915802739726027
7.666297036569987
20.569200000000002
17.121603083700442
13.618040659340659
16.468896491228072
24.183402824858753
24.356199567099566
9.819847311827957
15.65122794457275
30.755761914460287
14.382957509157508
6.60139514237856
8.781959013867489
23.81799749303621
10.369259317278466
16.357255020080324
8.414292567337197
15.99372110817942
8.717038592750534
25.596431460674154
10.754899378399378
13.24663205128205
8.949501895525678
17.2406896713615
26.536238095238097
14.732905405405406
9.126630094466936
24.038244508670523
12.192681512605043
22.45186149068323
19.36775925925926
23.148609803921566
9.539983900226758
18.963001388888888
8.820559854014597
21.538699392097264
15.41291592039801
9.951786881131646
31.297896031746035
29.028522018348625
6.885666205837174
20.18628556701031
24.29446539440203
25.500351741293535
26.24471951219512
9.436938301158301
11.338524009324008
15.935469696969696
20.781665325077398
16.946474193548386
25.24501851851852
8.943833333333334
19.41750821917808
7.997607070707071
7.840783154121864
13.063494350282484
19.597893421052632
14.69013654822335
11.468999270072992
13.658723312883435
16.318994968553458
7.910451372549019
15.538016384180791
10.383235802469136
15.305817520215632
19.628706020066886
16.743118103448275
19.0767574108818
17.433521343873515
17.747115384615384
15.38591906116643
24.59951676646706
8.504634774774775
33.23535424954792
8.58965746223565
6.609656319018405
10.161689417989418
8.56016221719457
22.370991228070174
14.82434406779661
21.074978018575848
12.47036393442623
11.090973684210526
22.84952262996942
16.278077900552486
21.20805789473684
11.062226907630523
6.491542259414226
16.796484112149532
15.294437349397588
17.104415789473684
24.385174792243767
19.974937404580153
21.073084105960262
15.251541304347827
17.424646341463415
19.94556220735786
9.316416417910448
16.460213496932514
19.796035616438353
11.655999999999999
16.834954771784233
22.40258996960486
11.100214285714285
20.291849999999997
8.793211864406778
15.17869721448468
10.145004458598725
17.913057854406127
12.734959574468085
24.6609268907563
18.738751612903222
15.348305617977527
6.681279432624113
16.309685218033998
9.804560130718954
14.788942857142857
9.347675289575289
22.56692822085889
24.8059189701897
29.297142128603106
7.120943343653251
19.583451773049646
14.416873033707864
19.243657763975154
25.077725188916872
22.21603170731707
12.757891216702664
17.540591509433963
14.966634191702433
8.409181881695389
14.222900000000001
10.62298706240487
8.566727083333333
13.304555813953488
14.091758646616542
12.594573908629442
7.708271210191083
10.401558909090909
9.830263503649634
16.758539622641507
23.309719047619048
18.644755339805826
8.862045812807882
22.03224469453376
10.824735294117648
10.691120248418091
7.830307165932452
8.029790741406156
15.90914455958549
7.831004761904762
9.573240248962655
8.874454237288138
11.58459061784897
19.102398989898987
24.269063380281693
15.078831986531986
13.630232137518684
9.71410606060606
26.664626854219946
19.849092
44.205033333333326
37.52777077409162
23.985710764872522
9.85944370565046
13.253673913043478
12.00401966873706
13.971717721518987
12.359941601392515
12.253114316436251
7.808910970035551
9.176966666666667
15.59614662576687
13.772509638554217
39.44746923076923
15.026045625451916
17.347550103519666
12.107393023255813
17.05531554192229
14.135088519637462
23.462214619883042
9.919407246376812
8.321125438596493
11.05364703504043
22.991137681159415
17.50281476793249
27.153390099009897
20.45759140893471
15.108444444444443
12.787581062553556
29.90144376321353
8.882066433566433
26.22815079365079
29.682264079822616
7.54433006638032
11.06553800881514
14.460593819163291
9.510373992673992
9.722472811354388
25.752495015576322
22.906139344262293
31.057566377440345
31.851475438596495
10.826387576875769
10.602555370177267
8.190884483627205
11.703684734645199
8.22121592775041
14.62561476941039
12.44135021416804
18.767366666666668
12.179078902953586
10.575073544973545
8.431423905723905
12.070005479452055
11.859065803108807
10.466266033966034
10.479700000000001
15.336863033175355
17.252722222222225
10.317370917030567
23.5545453038674
8.31744716981132
15.079910869565218
7.452893939393939
26.135117031630173
15.43259971671388
10.521320609884333
15.639722922636102
8.517704225352112
17.053867901234568
25.814580597014924
21.68867260273973
13.271238650306747
8.354474731413838
11.13947738095238
6.753191410658307
8.573632964426878
12.84517969924812
7.019583485873458
19.82854705882353
18.249661584633856
36.226731578947366
26.44303830845771
29.44374149377593
22.778927681660896
28.62799295774648
8.19402832929782
9.702662671256455
12.725650757575758
46.27050049875311
8.0748761749651
35.591936044657096
19.074297064989516
7.412350440017011
7.314768686868686
9.062159057971014
11.21095822306238
9.677996846307385
21.970578740157478
6.632240771349863
9.269101103006582
19.1096859375
7.600672105332804
6.491428186092551
16.944372803347278
6.347950931677019
9.01327034965035
28.426712765957447
8.22251001886397
14.611257894736843
7.802278403755869
8.392874940898345
9.107949543147207
7.186327889634601
31.316480392156862
11.938318857901725
16.421
6.605127149321267
6.627750480526049
9.375748496420048
38.849715905743736
23.112887675070027
11.033713793103448
30.609570270270268
15.474392896174864
10.296636349206349
12.480055555555555
28.75627102137767
19.540935955056177
10.260147257383966
30.702627695560253
25.709142857142858
8.166012925170069
32.87163266563944
21.33849487179487
28.477739130434784
12.197604347826086
11.627812162162162
7.266510526315789
9.94162782778865
19.74001617647059
9.412244992526158
11.578323877745941
13.905826011560693
7.397911727290797
22.40458823529412
7.846017517776341
18.31002727272727
32.546684898710865
19.80327718631179
10.053129702970296
17.555660165975105
30.604382352941172
18.104011284046692
6.571059906103287
30.065025260960333
5.46631875
24.276089743589743
7.233041637010676
15.77181935483871
21.560832710280373
6.748602032988109
7.324142857142857
16.99486216216216
21.10164834834835
14.591442407057341
18.715703278688522
10.206824137931033
27.448813744075828
15.773437859007833
3.841677611940298
19.55464285714286
14.507887277353689
25.560008994708994
25.337421695760597
20.014044569288387
14.005772934472935
19.141954545454546
10.93321471861472
12.106826167209555
15.334358706467661
22.66686896551724
23.116121364985162
12.350429385964912
11.163462172284644
22.149100630914823
10.518153333333334
26.218185788113693
17.182544444444446
8.940001639344263
13.897192715231787
10.17688459495352
10.616387858719648
11.59249391965255
8.372862347188263
10.14553956043956
6.3568742388758785
17.172717391304346
10.741237450980393
11.599214606741572
20.75888441558442
8.458997297297298
21.05881549295775
6.143294025277671
17.564923076923076
14.41814699140401
6.615752341597796
16.248461616161617
11.813197378277154
8.585880392156863
18.56119358974359
18.18394
16.042756459330143
10.577833333333333
25.736258357771263
11.861777777777778
22.2055303030303
22.058359493670885
17.483116949152542
12.027884615384615
8.349142857142857
9.55023465648855
14.099638888888888
11.187561233019853
33.6167831858407
20.931985135135136
8.185719292604503
7.650454887218046
15.590204712041883
21.430188888888885
24.107943037974685
26.755226340326338
11.41984328358209
16.708844444444445
18.718345810055865
28.81651228070175
7.698405202312139
8.035504213135068
15.579030841121495
24.59171621621622
19.51453674911661
17.761116574585635
15.375085567010307
11.777700000000001
5.993747714604236
5.765707692307692
22.995047945205478
11.656122222222221
16.241403167420813
10.164930864197531
7.9390989041095885
15.989662790697674
6.92277056798623
11.333627710843373
8.956959701492536
10.198268759700861
15.1355
22.20189333333333
10.488163803680981
13.19484419306184
19.759656435643564
15.152426829268292
10.727525165562914
27.928666519823786
25.16815313283208
27.70041893095768
33.629206483300585
6.707909937888198
16.79714379232506
18.712995880149812
11.885645977011494
10.05867222222222
10.407251862464182
16.46747937219731
7.8995528138528135
16.871329437229434
28.174433780760623
8.356249659863945
7.632042446043165
7.913166666666666
10.59053663003663
10.213186534653465
8.075114314928426
8.375083217665615
9.639543245823388
20.400535714285716
10.313690759075907
37.627944554455446
16.817046846846846
21.991146808510635
7.90276437994723
12.725388888888888
20.124441914191415
12.937811111111111
16.437119354838707
6.801209099756691
13.439587951807228
15.318733486943165
12.152987581699346
24.66860738916256
24.650453926701566
11.222981107814045
12.210076923076922
18.823284313725487
22.60480833333333
8.190321818181818
11.1675
11.092467432150313
11.844897471783295
20.54288333333333
10.36350460541024
12.001670750988142
26.738440986717265
16.46396862745098
17.477575268817205
7.219885607940446
28.595616461916464
22.56692822085889
13.793906796657382
9.988224603174604
14.46106613240418
10.220923324808185
10.814443839541546
9.255937519379845
14.806346109921485
20.944771186440676
12.084909523809523
8.215797800628392
11.418424882629107
18.54725283687943
8.353760972807354
11.149146153846154
17.65915150812065
19.843346376811596
30.029947754137112
9.51158044324648
27.439510185185185
20.324931399317407
11.537430303030304
7.938175799086759
21.54876394557823
8.149086466165414
28.688581081081082
18.30846591928251
16.861632142857143
23.306045454545455
21.220280519480518
12.441893939393939
8.087440170940171
22.15045789473684
7.738396469104666
11.339554748603351
24.126762275449103
10.481103790412487
8.351931914893617
12.192604697986576
21.690623547400612
20.528318749999997
17.747680303030304
27.123291608391604
20.39454
8.246801127214171
16.71026865671642
11.22602
15.643155900621117
8.33212998078155
13.008728571428572
10.340210144927536
20.151630935251795
18.288330350194553
22.839001960784316
22.486626011560695
13.479049903660886
17.551054085603113
21.18718395904437
12.000184462151394
9.653909523809524
6.144526168224299
17.780524778761063
17.85923913043478
20.8232472392638
9.111432492113565
11.689230136986302
25.963484541062797
16.724189451476793
7.805859276018099
9.195866140904311
7.027492792792793
20.358435531135527
7.118092428654631
8.897052083333334
16.0597
7.859628279181709
11.28860359129995
18.607742105263156
37.21541935483871
37.35630128617363
8.452645485232068
10.195382576383153
17.124397613882863
16.51385716945996
10.670557371048254
8.707271078001753
9.426192508591065
11.422182226980729
12.382656690997567
8.321976785394666
6.101680822423013
30.31726008316008
27.854830474040632
15.084055555555556
8.07331639108555
10.808284946236558
40.59563923303835
18.758666371681414
7.594811740635819
7.265236595744681
7.951232970255551
9.360827904191616
11.343195165394402
10.500201149425287
7.360212931034482
7.68008774566474
15.670641772151898
16.46445140186916
16.339194495103005
9.508996543909348
26.10667721518987
8.822799567099567
21.20071212121212
28.59585416666667
14.166501149425287
12.75244089347079
7.469314917339485
14.598254497354496
8.242943010752688
5.752694796269023
16.351786597938144
9.570984198250729
12.974864013377926
22.67781601208459
21.984314577259475
22.845267231638417
14.237172779369626
14.398864835164835
8.67615625
12.58110062305296
11.482880661577608
11.166668656716418
7.00457412755716
23.382685714285714
7.23205352112676
14.206297101449275
13.740338410596026
7.8382061175045425
17.46664214876033
20.58221044776119
10.538829411764706
18.482926785714284
16.0616282051282
12.372730379746836
7.155624786324786
11.75584776119403
8.264282716049383
13.74417927927928
32.54788707224335
26.35537117794486
18.902096694214876
17.992286118251926
8.822228028933093
14.751007575757574
25.473946575342467
26.394945112781954
14.373715294117646
8.69199851851852
29.332153215077604
15.071312698412699
9.108764570361146
10.25522907630522
11.548880295566502
9.863788050314465
19.025606614785993
6.702709523809524
13.23607966101695
14.307573913043479
7.257305070584845
23.01166923076923
20.822385714285716
8.92010761398849
12.026286948853615
8.31540097982709
12.271116483516485
12.107024845995893
21.552637549981824
14.925026396917149
15.54561310684814
17.58534536082474
31.592361386138613
11.998810507011866
28.958304347826086
5.7912831683168315
23.70675673352435
11.468158939096266
10.159553349282296
13.975414900815009
17.29222101616628
40.858245193687225
22.27585
9.185344444444445
34.10258439716312
7.955933388704319
9.72628125
22.309726058631924
31.834207518796994
26.239921100917428
29.08564437627812
12.933656112852665
9.489833170731707
24.250114070351756
13.825294296577948
20.664055555555557
4.718793939393939
10.213448717948717
13.25333157894737
8.049492857142857
9.193525235678027
17.257185232067513
13.158530769230769
10.81739554427524
12.411841979522185
7.882261392148927
15.14089801980198
19.98063793103448
15.1355
22.628804373177843
6.181909523809524
18.15505019157088
10.932764720194648
10.258651773049646
17.42965193133047
7.625563829787234
28.00843181818182
23.339306593406597
8.046998515104967
10.81858085106383
24.148637789203086
15.099524338624338
12.011271794871794
17.57701063829787
19.59594736842105
21.71192142857143
20.501689937106917
7.904966666666667
21.289051318944843
7.706128726287263
10.205038235294118
22.449442296918768
13.495103468208093
8.328860869565217
6.666171042471042
7.295809821102592
7.09914163156728
19.06363356401384
9.48195606060606
17.9994515625
15.982714718614718
10.231443835616439
9.35907583001328
11.083372324093816
24.206056284153007
11.005894091580503
8.809798658146965
9.38181268115942
14.48043613445378
29.129107531380754
8.089702922755741
6.899261318681319
8.562458974358973
11.743326086956522
9.277507165109034
7.809430252707581
7.220784784688995
19.5995
7.166631397037467
9.440991719745224
17.996543478260868
13.235029292929292
9.374170588235295
11.133631531531531
12.25157067669173
24.12511935483871
10.243739215686274
10.491299999999999
9.02656096654275
11.022573333333332
26.384094594594593
10.08636366197183
15.844382352941176
29.57831052631579
10.88605
27.344438086532598
22.384338461538462
27.733484971098264
7.764419472491243
9.445899326599326
7.666550156739812
8.329045564924115
9.216057954545455
13.969945270711024
9.330787922705314
10.672348587570621
26.40375970149254
7.047095045045045
7.66370341504295
22.981510526315788
11.41861899641577
13.218704385964912
26.332622772277226
16.047179350348024
24.746413702623904
26.4264746835443
9.309460674157304
8.1199
13.709929423347397
11.216375453677173
8.117619262672811
8.496551497005989
10.066008771929823
22.937015083798883
16.3831796460177
10.831366666666666
24.28061477272727
8.89762794326241
13.554920648967551
18.69794341637011
19.849307067137808
11.133763468634687
18.984905479452053
35.23272110912343
17.354388679245282
11.056558964143427
30.206280257510727
8.452308599261002
12.7180918699187
8.557090370370371
13.2293788482835
14.475533333333333
9.840394339622641
12.388918148820327
16.996643873517787
10.176725242718447
16.726210173697268
26.475970142180095
18.677649034749034
7.982369916556873
10.562005956112852
27.081008662900185
9.04066551724138
11.066129827490261
10.237256237218814
7.644000183486239
12.027884615384615
9.34614955643928
29.44787943107221
8.672521621621621
7.88019455481972
19.922819205298012
9.595680952380953
27.366437874659404
20.253998969072164
18.261118746511038
36.47964573643411
8.731301587301587
9.531757427385891
17.46080625
9.745278088578088
12.060322338568936
20.163445077720205
7.846409462112289
10.391111990407675
7.939135374732334
8.309557215557978
19.900924161073824
8.74429191919192
7.466200885303954
18.40224776119403
12.426388048780488
26.427295180722894
30.282567065868264
18.39677855626327
15.658144444444444
8.519381970096745
22.491975409836066
31.279688118811876
30.21921213389121
11.674673913043478
11.1211335839599
26.384991370558375
11.222378991596639
21.67151028037383
9.968084171122994
28.935450837988824
7.772277075098814
7.792367884600746
7.6207142857142856
24.011031564986737
23.17245810810811
14.968970833333332
7.496549035812672
13.316340366972478
14.703314854111404
21.976904123711343
26.466449367088607
20.540494539249146
24.312059537572253
16.635550000000002
12.57545799086758
17.020630805687205
16.635677083333334
24.867630434782605
10.37062197309417
12.544163565891472
12.227134579439253
23.685555555555553
9.24004972972973
13.403831791907514
8.473195906432748
11.300446059225512
9.391635866811438
7.06493046458492
17.455403482587066
11.554030484330484
10.330399690402476
23.268532786885245
23.049618745441286
9.34340473128158
23.589408361204015
8.615831323614199
25.808141994750656
19.204653846153846
11.017610267639903
21.797204895104898
10.76544859437751
11.08085909090909
13.314017424242424
26.757008924485127
10.26199975308642
9.171564163822525
13.794954135338346
14.644841935483871
7.2939476770753995
23.291684487534624
21.948690123456792
10.22474005468216
17.956270731707317
14.720207262569831
15.50308034682081
20.04286666666667
8.95860175775008
13.221472438162543
20.75937549668874
8.389081989627535
15.947956074766354
23.457384949832772
9.74195702811245
18.223497530864197
14.013656944444444
12.983349210307564
10.055845716342692
21.123863467492257
8.419046666666667
17.745040229885056
9.914805574912892
19.923353231939167
10.594364164648912
7.803616365754223
25.725254855643044
12.750603557312253
23.032683439490448
7.496696536796536
9.999142857142857
14.543037915234823
18.336319589977222
9.782358461538461
15.342194240837696
12.532880658571273
36.35782974683544
20.480795488721803
17.890882532751093
16.509295104391647
8.763380814940577
16.6926830591103
16.368430625402965
41.393116541353386
35.22064565217391
20.361944444444447
11.753615428571429
13.303085664578983
35.78207781885397
8.783302096985583
10.036198039215686
27.54916296296296
25.26720886075949
27.26594303797468
13.099832387706856
14.346642857142857
22.830338021638333
22.636794117647057
28.288348747152618
10.514394789081885
8.603400068166327
8.98479207735496
30.56020873786408
22.756058192090393
33.307508695652174
13.789951968503937
26.15440502283105
17.656932067510546
8.203663500931098
22.440990173410405
8.726500607507052
6.389661929940516
12.633521138211382
8.209026027397261
9.686292663476873
17.185340091116174
15.416440909090909
10.96705
28.978301731601732
13.99414832214765
20.756057679180884
12.349610042432815
9.270991228070175
27.841956034482756
16.480766666666668
24.33464351145038
17.519175043630014
26.524515533980583
17.17338
19.993031343283583
13.023865607171965
15.211744444444445
23.245673033707867
27.00816522781775
13.003801960784312
6.816055823293173
8.573989210526316
9.094243223443224
6.648050537634409
7.355879591836735
29.4228906779661
16.328699363057325
18.757527539503386
16.23484926004228
9.414477192982456
10.972700877192983
17.65253254817987
42.163656011730204
22.457186345698503
18.512935514018693
24.761911260053616
15.89652508250825
7.144120478943023
24.722371960297764
8.726207142857143
17.874432786885244
7.4825888888888885
8.759351373801916
8.051454717784878
15.684339153439153
11.329386821705427
8.96260909090909
7.50762802359882
41.57473236797274
12.40525251798561
24.10505263157895
11.964620388349514
18.04058333333333
18.242288593155894
9.454442857142858
8.457712887828162
19.2481064516129
7.302381418439716
7.906251284046692
7.814391486291487
9.016007850707851
7.367901877934273
12.837805263157895
8.667401083032491
14.33985
7.21618706713781
7.502515789473684
16.50375581395349
7.888620992622401
7.156929640947288
9.086809030100333
12.695745454545454
9.54006962406015
9.934397916666667
14.134005202312139
13.075999319727892
17.361883690987124
11.186291846522781
24.998178589420654
8.807601307189543
28.818791075514874
7.814914285714286
3.2125943722943724
7.647466644518273
12.934948979591836
9.9193
9.175800129701686
9.768019429590018
24.328739464882943
25.81459002849003
21.198708108108107
16.240921483375956
12.15478314976163
17.848375675675676
9.069037810945273
9.698327715355806
26.900159122401845
8.496875609756097
9.31216301369863
7.560712121212121
7.0441150759878415
8.56693262466177
11.043413238289205
24.03160303030303
7.663668720641061
8.545918085388491
29.359211320754717
28.705679831932777
8.879560273972603
21.38454832214765
11.983844715447153
9.202611169744943
18.379236842105264
6.511309118710036
20.928321671826623
7.435554874371859
26.438553080568724
16.987916666666667
34.26591931464174
6.689456672119654
19.28345572519084
27.519560962566842
18.72879345509893
9.19725182072829
8.419056937799043
7.991900938967136
8.45304632034632
7.325302935779817
17.15857896995708
13.0448
15.35767570093458
30.420911231101513
7.8619778163633836
11.797133333333333
14.763755958549222
10.431991300097751
24.667746511627904
14.548786567164179
12.016496825396827
7.660576958361599
14.263562440570523
8.611191452991452
6.154517693981146
15.587219756838907
6.0691325
7.90312922899885
9.739408868022952
10.230124372759857
7.580042857142857
15.167357465698144
14.494388888888889
21.987169736842105
9.863400411522633
10.53302685560054
18.767494557235423
6.93703975108712
21.37513498349835
11.984753048297703
9.866269518716578
33.412347957371225
10.904707915936953
9.604769503546098
14.493879419525067
25.66703658536585
6.556052601880878
15.999096396396395
6.846224670109008
8.555108219178083
7.591234065934066
11.408286866167913
21.7079705882353
16.392844588744587
23.43529541547278
7.945086200194363
7.477831219512195
13.402435220125787
12.667775536480686
11.45355561694291
14.576323529411765
11.913980149812733
8.585959847328244
8.495514670380686
6.877418832391713
7.2897110032362455
10.035955771725032
6.096085096153846
21.162296319018402
22.167737209302324
7.7752417935702205
24.469823404255315
10.63192857142857
21.136565116279066
11.059207344632767
7.6619402833112
7.300870473186119
22.756781690140848
25.746360396039606
11.433113333333333
13.743625
11.744819642857143
12.191330769230769
11.060890064102564
8.57746875
14.172037888198757
6.545177350427351
19.96147894736842
10.405579265091863
10.043720125786162
7.2640067961165045
21.793889966555184
16.430313953488373
9.022485473051121
16.198764285714283
13.88448082139446
15.320536994219653
10.812398484848485
11.832732558139535
14.700232475884244
8.370526229508197
10.820901990049752
24.868505954825462
11.693833333333334
8.8288
8.197354838709677
22.109833333333334
37.47113896103896
21.4272
9.47269072847682
18.32980744920993
9.641777987421385
18.90895714285714
12.497804537334764
28.67473333333333
12.819554297188755
15.699822778192681
21.06853646723647
10.917733333333334
11.365125672877848
14.723811498257842
18.21967931034483
23.93325105485232
15.943809251101323
10.766203867403314
14.53044025974026
13.437357588357587
16.24402009626955
26.104974509803917
19.29410722495895
21.424444444444447
23.905370142180097
6.914282557062701
11.36691052631579
22.97491086956522
14.173500638977636
13.313227163280661
9.059533858858858
8.502287739995374
24.081011051212933
23.036905797101447
14.004926334519572
22.580847674418607
18.49535714285714
41.418439222614836
7.2901257735464124
16.622235779816513
7.0795529172320215
8.994651145038167
7.480361990716864
20.228702985074626
7.31337989860583
9.96601373801917
8.03224054054054
9.206796296296297
7.943181818181818
23.350394362017802
7.942442362204724
11.268424475524474
20.570093220338983
17.0029206185567
25.055500000000002
11.527784615384615
12.392209589041096
20.311359574468085
19.455724372759857
11.3434223880597
8.160820000000001
9.404661658031088
9.653570886075949
27.26712142857143
8.038730484160192
17.049979802955665
9.629777777777777
14.504672727272728
8.92152276243094
12.837805263157895
12.129166666666666
6.974796296296296
7.598317964071856
8.66725889186774
23.372594117647054
19.005020000000002
23.81799749303621
9.820959574468084
18.401432967032967
10.636922119815669
13.617166666666666
13.146195186194369
11.794570833333333
24.153284097859327
19.86247110609481
11.667882159624414
11.960040684410647
8.75656052631579
8.482171595330739
14.375289776357826
20.700306289308173
9.219137942122186
11.609384186575655
6.872545723421263
16.483223273657288
6.964168827019626
20.96631162079511
18.523446184738955
11.065928571428572
18.18394
10.212909929078014
5.7777391223896375
11.76236130198915
13.374345033112583
11.143438986175115
30.447933766233767
10.96805061728395
14.112337398373983
22.12127534246575
30.57908764478764
20.391754135338346
7.192332950191571
23.634785714285712
9.03895581395349
10.240863636363635
9.110158460119871
7.365594136807818
11.632308021390374
8.50006681749623
17.55487922077922
11.225032177931832
9.547520110361742
10.778272284644196
9.141121374927788
19.889228487229865
31.48792176591376
9.648713731860516
23.472735294117648
7.460862366634336
19.13952869612657
10.401218447509937
16.96246716553288
10.147351851851852
7.541162948551664
6.98710827790096
10.431529945605497
9.98116470302638
12.23685806552262
12.116710406964973
8.692792028985508
14.63884615835777
9.289434851485149
7.610120300566642
17.012696969696968
9.297210225763612
12.202851791907515
20.65355363825364
29.758842231947483
22.20685960912052
30.308074468085103
22.145498360655736
12.682382352941177
26.17628613861386
49.73500867052022
26.6558335504886
12.08501009174312
15.046747353760445
15.775223076923076
10.179134741784036
7.753794377880184
14.178121621621623
8.542198924731181
7.834725850340136
14.936352564102565
26.788295454545455
16.47765
12.570844827586207
7.815732580645161
10.120750187265918
8.171985480572596
22.67453333333333
16.5067693877551
9.596333050047214
12.736809489051094
16.038797536945815
7.610381933842239
10.608293103448275
10.814216312056738
12.482962015503876
27.934936036036035
8.0765793625498
26.254454455445547
10.501096638655461
8.332456930922579
18.739607812499997
14.402725641025642
24.226284615384614
20.615126743442097
13.18825503649635
15.46535868263473
12.181695588235293
27.165833985330075
20.014415463917523
13.170787744874715
7.0890414965986395
7.462137751893352
13.904548717948717
9.976634911242604
18.229396774193546
6.390521739130435
12.639616417910448
18.78725807860262
26.49984117647059
12.75265
9.962870053475935
22.296184592145018
7.605346511627907
8.223512541254125
30.11054637681159
11.235685756676558
8.130186821705426
11.909054710144927
10.20201213114754
11.198423624595469
8.123112127584998
26.52402891246684
7.757915022624434
7.022551851851851
13.554019191919192
22.759050140056026
12.209673033707865
7.917916610169492
8.304813725490195
7.747519607843137
25.02071417322835
10.151837949836423
18.942593121693122
10.384436543909349
24.304214588859416
7.563668965517241
6.660752831866276
25.39870906921241
14.444831034482759
15.604266233766234
25.227568096514744
13.769922364217253
20.80915063291139
8.46741976166832
10.957068306010928
13.060879310344829
10.300457358490565
24.186999716713878
11.619092592592592
12.914849572649572
22.114626443768998
9.261845412311265
9.073338756613756
8.495641542002302
26.10519602122016
10.229788739495799
14.888763265306123
7.381011421911422
24.195768062827227
9.06373180707186
7.878870535714285
8.464940280606472
8.476049085794656
9.25763492063492
9.259744444444443
11.021349299719887
21.661529411764704
29.71681929824561
18.379273094170404
16.49998775510204
8.602435714285715
16.115825603864735
15.052369444444443
9.903632094175961
26.367979900744416
14.688801385041552
11.490837931034484
12.199903663003662
10.396621373200443
12.444892931726907
7.366515533980582
8.63241304347826
21.89336011560694
13.428705597964376
17.731467032967032
11.176126508407517
13.41874089219331
23.121742857142856
13.825811111111111
13.75242
14.534535680751175
12.353768669527897
11.329101709401709
8.930988888888889
14.650834782608696
14.404345120405576
18.64749397874853
25.06178578553616
7.984613399503722
24.37794130434783
28.95185503875969
13.079073879142301
12.27215668997669
25.3482737704918
12.158850159744409
12.978704635482512
13.765702836879433
20.263039682539684
19.503087072243346
13.59421747655584
9.64671676092545
7.900357707043914
13.777557223796034
9.865003813038129
13.759111604095564
7.15907358490566
9.568467485380117
13.322188888888888
23.118590544412605
6.454607086614173
10.538324520547945
6.837769534050179
4.837443902439024
23.222639837398376
12.566359760956175
8.409768914549653
27.20951409921671
7.1983257644110274
11.936462264150943
19.687274912891986
8.520490410327339
16.336865501165498
20.635008978328173
32.639274468085105
14.604732432432433
14.181025252525252
8.524895024875622
8.499948778054863
8.575958771929825
24.21001182795699
32.509434322820034
18.73166690647482
23.087411171662126
6.850641414141414
7.364242015503876
8.799810714285714
22.304814285714286
9.870010975609755
13.449953658536584
21.924716326530614
21.334218749999998
11.811319417475728
10.116051274787536
7.684000305810398
19.724449295774647
19.794524836601305
28.2468119804401
6.83618463768116
13.197831386861314
16.00745238095238
21.147193081761003
6.948961538461538
7.346208746048472
12.588055882352942
20.367352482269503
17.77827272727273
16.088209433962263
