9.141778478051465
8.22723082706767
7.581509415507497
6.984291402396054
7.617565960724992
7.282597410692221
6.991244255412912
6.701881645373463
10.84360913531998
6.955775816993464
6.7528379125996345
7.470902559246934
7.370320170940171
7.838260194174757
6.703948937084986
7.561147489851498
6.6863678515492
7.1325818608005775
6.639023603082852
6.8952184962406005
7.691514304090559
6.715572501467733
7.462108795626307
8.930364147885541
8.0390208058236
9.06894603080957
6.339285379159847
7.648851438202247
7.082858572567783
8.052208123490288
8.639902843803057
7.008490191897655
7.3175440331076
6.850275317036317
7.431758844166311
7.0327180619773735
7.895613546318562
5.833977373171491
6.470525979843225
6.818069451770384
8.392015341365461
7.294550400173048
8.587623700512562
7.662784267488532
6.764976237720067
8.103312598767866
6.554251629297459
5.983507232259888
7.37894256620784
7.206073907099765
7.290218987672151
8.103034178686531
7.122417516257604
6.807664101244102
6.221174837793502
7.022204511278195
8.322656162464988
6.5445834715245415
6.06261559454191
6.52325238095238
6.167208411522633
6.285329344042838
7.667374520451958
7.132425504707157
6.736624705179878
5.969167689167878
6.428343529557874
6.545665123332724
5.661198407937915
8.082856226580157
7.88304201183432
7.223095082564984
7.316758666326226
4.99032044134727
5.961395548841892
5.2166703270737464
6.789350751296485
7.757159118955373
6.5914897084048025
6.964161823607949
7.644500944510035
7.317619295671314
8.067678481034045
7.979918852819136
17.91472440892441
6.260136357130077
6.67458049288756
14.744571684862414
7.276796641091218
5.850207951702382
6.578788778781696
7.993948657166655
7.777052381195904
7.775384752677206
6.0707351662611515
6.177631313131313
7.877175491576696
6.589328410786001
7.2790201673841715
7.146976970825574
7.530653910614525
7.82638782742681
6.015390927676974
6.4447498146775395
8.449030639291728
7.438494852847186
6.727857419354839
6.404601455938697
6.664801686254471
7.211574557627929
6.6294234440833035
7.18783045259825
6.356188320097122
7.208834269788183
6.873984090909092
9.135280154668061
6.638764627659574
6.878269482951506
7.602914897561211
8.045599579242637
7.554424356176343
8.92872868473232
7.92399430104779
7.545631909302818
7.049782904219372
6.802729738976666
6.153758410649456
5.704421574205785
7.377051919191919
6.410618315018315
6.660183551187552
6.592763090418353
6.616817928622439
5.486387771942986
7.615416078431372
9.185381818181817
6.934599651788541
7.352598140619071
6.7461090909090915
8.166846548323473
7.249451030774813
6.382850451220671
6.972752401196662
7.107195656170995
6.844486671200272
7.647136410340493
6.41329969924812
6.582581973846533
7.811436892299879
6.198567163403223
6.483317872732695
7.088663495423341
6.117903649962141
7.388222460608175
8.626833634992458
6.095855746606335
7.2256881555067345
9.023085494642025
6.028423707664885
6.079937512639029
7.248593894093416
9.42711783979647
6.348496226415095
8.250470106895513
7.636676315697573
9.939418451639686
6.836769713514767
13.897723963133641
9.588469857231534
7.792407559395248
8.292070280373832
6.068665030388032
7.366947195357834
8.409489328932892
7.330054280670785
7.010837389573224
6.742800348432056
7.825696023391813
6.491705475004611
7.455421092109211
7.254052380952381
6.8328611957190315
8.340743701383978
6.857295140221066
7.48561344808512
7.796786498478048
7.643701257861635
6.748791873075378
8.129982393003637
8.222039403045452
5.623946010786684
7.396889785912368
5.6745341563786
7.220787305831621
6.966061664238303
5.7639272965879265
7.117692456575683
7.092681259600615
8.5174233729485
6.162944252873563
6.164791364535267
7.702380597014925
8.636891534391534
5.7583300536672635
7.943380939578322
6.385028359816859
8.60151056958309
7.238194981596193
6.485344782028266
5.952341213307241
7.080920096111839
7.115589879874939
6.439496220710506
6.084386959228135
5.8615666833354165
9.17072564102564
7.134775675675676
7.040007707482035
7.22589264069264
7.740777868482996
6.714602989162797
6.327009657649346
7.615321593197583
7.457609903620735
8.622816853932584
6.348264600678384
7.101677944862155
6.217014285714286
8.064034984035182
6.4926723589743585
8.156340975893116
6.432279220779222
7.428918354122478
5.575309456264775
6.4424087741526765
5.2779686757990865
6.572634491315137
7.102841496598639
6.448597831144465
7.739962068214805
7.784555586820368
5.791514236999147
9.84341624266145
5.859403488372093
7.017138761855746
7.0489179010179015
8.26294249226563
6.911151800232288
6.629333103448276
6.334395287780464
8.069110400299289
8.565894016599113
6.222996182336182
8.490209590017827
5.528883390061266
6.382127300855085
6.702597078514913
7.065617856657147
8.33017021399653
6.01261715781502
6.574717672413794
6.712700391479563
9.264793251139793
5.326641411884205
5.830948837209302
6.036449319971368
8.484373013008497
7.5331561925879
7.479570823749894
7.702808719632857
9.33965954070981
8.192688973638433
7.397787290670509
9.385904909983633
8.474767739126687
8.367625216177533
8.226169711702628
7.476619257549455
7.535434814730835
8.055043525179856
7.121856218905473
7.581323052118485
7.447539594708697
7.590822992384075
6.976161947973381
6.686867861867298
7.47103674933388
7.24033701609737
6.58629962199622
7.095352459016394
6.554848216211148
6.64334668050399
7.147946683544304
6.470846255274262
5.970929358532073
7.198037748103187
6.8423101012847525
7.508729255886456
8.070905880599069
6.947685019192862
7.657134978540772
6.104931181252989
6.489045650790865
7.065137902621723
7.171419170506912
7.22665238095238
6.986502042066571
7.162790940079893
6.144987697989585
9.610136707152497
6.810497808219178
8.276404475952184
7.297939935064935
6.183629990167159
7.187483692553313
7.293944092675829
8.924147058823529
6.828414074074074
8.027493722943722
7.819909504818877
7.244164705882353
7.196407055016182
15.31009700854701
8.260564057579849
7.408292542372881
5.8884654339622635
11.520261194029851
5.490477311401021
7.584393890471668
6.69868719426303
6.637926741996234
7.657677166384731
8.164611813885859
6.359061659122013
7.399675842044135
5.961206752100586
6.557675178571428
6.304867482517483
8.544117647058822
7.260245260684919
7.774351046707075
7.1143245750364255
5.998686804499847
8.707693418421147
5.972323299465459
7.127608763576848
7.719131129647706
6.524431500434812
7.425303922332619
7.248585234093637
6.166669748928353
7.066213600169307
7.041990719239461
6.888120152746982
6.24142751156889
6.8405995569438165
6.98106815337505
6.283700981912144
6.971550030873726
7.40862955901275
8.622573184676959
5.512676176176177
6.336146174777603
6.135736036036036
6.857632415601443
6.150240350877192
7.157914351949421
5.868885283098891
5.489905193186539
5.865409653092006
5.647903663003663
8.736429373522459
6.836829585326954
7.015069451931716
7.858052813530476
7.1623547938751475
5.270008938120703
5.9616304065040655
5.232084182885387
5.105127505827506
5.502215199764116
6.939884654882986
5.650838983050847
5.9635587425501555
6.859588591800357
7.8181071197411
6.5212980952380954
6.807587814614673
6.591558723404255
6.916359216255444
6.287105131690739
6.431315337853636
8.201758838549395
5.136260839386602
7.810753333333333
7.286774481074481
6.246677917665153
6.695405496402877
6.148331016775077
7.050574242424242
7.424308330030096
7.302105892688202
8.412143568157857
7.473928869895537
6.320305264335664
7.9362980715981015
8.32062005026101
7.797646501981749
8.441338056680163
9.010895833333333
6.737209039232874
7.901519548872181
7.219406943244022
6.918297871096035
6.08452520609825
9.165745885566217
7.128187512899896
8.145036677115987
8.311417484344876
7.5496181230304025
6.241441480996848
7.21487343333093
6.869180314065808
7.4112878056628055
7.90871248922281
8.202460339204174
7.57417677238806
7.073741925959573
7.327415813366961
7.320277459749553
6.344919790104948
5.812170260705438
7.3908263370620215
7.784350527749404
8.576694782018258
8.956822121760098
5.988996158129176
6.548073357444244
7.687664708959025
6.552131986294851
5.616409721829326
7.039531990231991
7.361303896103896
6.546674638330559
6.298002993157298
6.824747866419296
7.799997063525793
8.32806894511815
7.035503202139578
6.625011921899562
6.657223993558776
8.08649383902635
7.979584291187739
6.5168304845915905
7.57050334903192
6.881682833732705
6.53825974025974
5.714690958931419
9.410806666666666
7.993106800495325
7.794505360406092
6.160864921555253
7.621210678595222
8.829245635231059
7.299349140982475
8.74398372063732
7.224366666666667
6.848709099616858
6.762197162353333
7.1395489473684215
6.175243901940757
7.63076435006435
8.86699657925778
8.21006750565611
10.054812165078223
6.866022114764668
6.753290862765771
6.731332251082251
6.156737606837607
8.268696766169153
6.3755723930717565
10.848483038356992
6.507413712904631
6.649879088686374
6.949413907925502
6.181008622994653
6.229716777041943
7.623377250409166
7.179699392558846
6.471818822843822
6.137526279782968
6.3619589569161
7.0317799999999995
6.940126751255617
5.790240438871473
7.94018015811099
7.8430511573697625
6.835512458471761
7.459594339622642
6.427144916966273
5.523158008658008
5.1806789473684205
7.9341653455365435
6.568208814041746
5.407523237533775
5.04285404519579
6.007022300522847
6.195534965034965
7.228565478211658
5.824326634141485
6.621142740414833
7.034183527421121
7.159704817404817
5.286162779519332
5.617646576500423
6.692319936056839
7.352962115127175
6.5881334720933316
6.383573146853147
6.613283180708181
6.277722174840085
6.084264807251161
5.682642474116847
6.6986321266968325
6.184104274902397
8.44888734065934
6.486019191919192
5.770570677276746
6.712004991873695
7.744069868650103
8.681322210654173
7.522628325508607
7.959978202355203
6.317882332155477
7.173892253010301
5.807544238856181
7.257344221329764
6.584764157706093
7.636016613577926
7.695789372859919
6.289881813227982
6.845720926122304
6.94450148802604
5.940745833333333
6.872677254901961
7.651392536608408
7.998647093853044
6.0168989903342975
5.892974487895717
6.388924921771782
7.4933324324324335
7.778280314824425
7.739638117688144
9.435804835277718
6.941803368526898
5.898248030830958
5.531571774592189
5.633388998223316
6.35363496124031
6.404065319426336
7.728518115218115
6.714244902749833
4.675702614379085
6.607263365419816
10.394939107005388
7.71960355216285
8.492272451571928
6.2754612933635
7.524815377268386
6.802578811188811
6.2691146811071
7.106872939991707
7.079831311256312
8.80717450073671
6.977612465373961
5.0254954337899544
6.487899489400762
6.342048608725524
6.168150279001468
7.460657822931785
7.481181158424908
7.902050842782716
7.351766517857143
6.432118944914019
6.077704756619629
6.73597065337763
10.440118451121457
8.46550111835974
5.2538212121212124
8.252000242196829
6.104243847850454
7.260426395743638
7.828966666666667
7.062732132132132
8.315544069714004
5.808405948321589
7.3050018589253884
6.530054666666667
6.583601179736294
7.538889364273629
5.717159829059829
7.475745675413023
7.229959623557984
7.624088140233724
6.904505128205129
8.050115726748896
7.204272906676174
6.916299074074074
7.360941253791709
7.25041340620681
7.181683673469388
8.367466998265304
7.285203535635781
6.324225752842684
8.358109123465212
7.002892982456141
7.25150606060606
7.383757820927723
7.647535025542784
7.252728417706041
6.617205494505495
6.790914343594281
6.994261189993239
7.380336257309942
6.472645238095238
6.473147570987423
6.617058974358974
6.999736963434023
8.47800220514534
8.176029062436445
7.363285087719298
7.377033333333333
6.566132981397686
6.884488278388279
7.9565465591235744
6.036051184680298
9.228960317460317
9.296380095068331
8.404265725047082
6.302368713450292
7.494853932124847
6.319237520128825
7.242620331291128
7.222824755989352
8.761265874125876
6.651772043010753
6.907778144354174
5.983259137431606
8.322059669708823
7.470403103103103
9.455921753525445
7.25123745085868
6.707400173402695
6.712557928663515
7.5871802244039275
7.818938220551378
6.900905310647074
7.655573663422203
8.228340943677868
7.055631800131417
7.052529076305221
8.439822376738306
7.960747883970375
6.406643369175627
5.068908318042814
8.827689877203579
7.261123381058715
6.3894
7.821636049246785
7.330592557603687
6.264318107454917
6.368733867550389
8.182173046251995
6.824786803966438
7.146957981343675
7.791226600284495
6.962472972972973
6.86232516722408
7.118633938040272
6.997698328697185
5.573525004238581
7.346869881725803
8.707389274622894
7.491138151425762
7.352544680167149
7.85500818808539
6.711804352806415
6.2755378109452735
7.134351851851852
9.158551782945736
7.586467903405428
7.423265655314758
6.995357553894673
6.710384314220763
8.629661603314545
8.076998391716238
8.265457727652464
6.807445350172216
7.5627088235294115
8.809015393090935
8.306677537657645
8.24157594971873
5.457693970842599
7.252458853978572
6.055850541125541
8.02701262341002
6.571598192119495
7.969446208886459
10.093582438053899
7.304950616669432
8.341859122807017
6.841698436657682
7.2993124258037305
5.904681786670868
7.0336893616341145
6.891028838951311
7.075633057409879
9.719864759308537
7.887230577571841
8.061464591700133
7.339485940375414
7.909812101354303
10.99271153672632
6.558292592592593
5.878486799673756
8.42440168978894
6.338864261825131
6.60575089065175
7.9860110047846895
8.136732733899024
7.103236270898904
9.110528263934071
5.5595711607417275
7.235930191883172
7.451491746031746
7.019411603566352
6.835641634334764
9.834587209302326
7.362447841105354
7.554430316035895
9.003087127114966
6.069452584545296
9.073114105927278
5.802126391752577
8.966282674199624
7.904163747434269
6.35510586080586
6.987684325108853
10.103253514224242
6.565766666666667
10.04420942983866
8.331030630811426
5.855564866774511
5.797973929418329
6.2124822421375825
8.18128146456461
7.7801429923766445
8.817136904710782
7.878479421366656
7.0086255315562624
7.109050481005547
7.654344461533532
10.036048951325682
7.666424792703151
9.695160197917266
7.574247219770521
8.530093429767392
6.218469275032619
6.846585385878489
7.507296788503593
8.012972326386095
7.806539426349052
7.5645303127348775
7.867246217321961
9.109853703703704
7.461561138794765
9.815664349376114
7.707204716885846
8.638206615776081
6.236719446575623
9.767400943396225
7.551385469267574
8.141941170097509
9.114369702719799
6.783760336575575
7.337819168591224
7.32175916856492
9.35695617433414
8.843442740258869
7.712589034276774
6.9793974842767295
8.76134396200814
12.829660730055933
7.386404076789952
7.423347442455243
8.031367329047342
7.967215662106643
7.875520979020979
7.376515755605229
7.584872907847607
5.98083311952931
7.6831157382319555
6.619996581212824
6.708214123873315
8.293003695795841
5.860580043824054
6.88040675886
8.07013590333717
7.775730817355037
7.6682006186965
7.070549549882847
7.447743721378646
6.5844174682034975
8.212851077237614
8.24274768439108
7.165908089782558
6.665543697220943
6.309170460945605
6.132206161896764
6.426773221041254
9.59633630621146
6.895117239235837
7.7200952380952375
6.251167007672635
7.738697575757575
8.000189767237593
6.852599886775362
6.334210798394507
6.516574474170639
5.376430056866304
6.0668662530777775
7.06493253716849
7.020940974154804
5.737048358528019
8.236686220610597
7.206817869384537
7.4603725675540264
7.593950957290133
7.11014954954955
7.070802211468245
7.769428222996516
6.616325426236891
7.097535598218206
8.17012980438032
7.676707561603322
7.341231428571428
7.329832991452992
9.233554545454545
6.199470922882427
7.099160282226098
7.684648247978437
9.08305870853484
7.241643939393939
6.229050106609808
6.937453108714433
6.264860579514825
7.235245437673987
7.85216627311337
5.427436217898833
7.900312896433741
6.0423261253309795
6.204369271507591
7.255758931505485
9.129512170385397
6.020034465534465
7.561339856023144
5.987481283893016
6.729948517258143
7.050372241153342
5.5678624060150375
9.31220411449016
7.839715555555555
6.40540703890704
6.445954745245981
7.219902504472271
6.9726450940170945
7.571328254805881
8.841189770185071
5.742712007634912
7.449074704540743
7.092109313376099
6.438876389300168
6.869902710897093
5.51503159604083
7.14429358153235
5.006249118046133
7.237857982164714
6.383707918879768
0.4520494197691794
4.86633108033241
7.029603890973731
7.686813762089732
6.002598181818182
7.782690089931229
8.376867998274065
6.320016630737683
6.180595641743302
7.939685964912281
9.590184755918465
8.17003459119497
8.824211197196089
5.115483384615384
6.678535
5.887756890645587
6.078291836734694
5.32720428677014
8.724079737335835
6.504581961097788
8.68495772743151
5.958091627536808
5.219131578947368
5.8879869938321265
5.968799908675798
5.517421069298181
5.796137470449173
6.760535714285714
6.208220131147542
7.8921355838672635
7.0134437327030685
6.98920525632706
7.864197048920579
14.408012558281738
7.078024279097565
6.17716187102634
5.77026534914361
6.19379278232171
9.37419906882591
5.958798265353962
5.552318715393135
6.546238978799641
7.575473201073638
7.300996926095488
7.219372725461879
7.50258
7.800356567008776
8.813639963933973
6.162402031063321
6.579199163079866
6.438518711276332
7.559172194472195
5.916060146007918
6.274377279521675
7.9061236123696395
7.2872308943345185
8.470072901325478
9.171609134125637
7.834057038674033
7.286360879374071
7.859644144144144
6.948874344673731
6.192055715681485
8.369403418744525
7.668968308702791
8.25550398467433
8.21533656473113
5.867238729992128
7.673408833725061
7.389767357831696
7.542096648895659
7.715360586881473
6.329743797780518
8.171042174496645
6.592082417582418
8.970300494292104
15.71570330339032
7.466468625178101
7.567477693665124
7.643682828282829
7.465881196581197
6.710917459969291
6.371784232804233
8.363253530508928
8.182521686746988
7.719049616760348
6.373678363264867
7.9340513586711205
9.646837562211564
6.601042836829008
9.065425181048461
8.670362121212122
7.01324453024924
7.047467436960958
7.611240271493212
7.062917094017094
7.112559716859717
8.130610559006211
7.039882066186158
8.14240262021648
7.416074813110983
6.735969067839967
6.662722179239201
6.660319941192195
8.492315890410959
7.976270404484328
7.974535824701196
8.371374372759856
8.523360101830788
7.081067512899896
7.580381615611128
6.013259253666954
5.779242125404769
7.297010306917087
6.981721348314607
7.674477734265734
8.2256258382643
6.457235289575289
6.195091907514451
6.843077266922095
8.871731067961164
6.752116954628459
6.877290688101068
7.715934398782344
7.180538116425658
8.54876564156946
6.178193256096689
7.696178106508876
8.089153846153847
5.75232937219731
8.941016666666666
6.805784090909091
6.399958823529412
6.116293188490898
6.559278011204482
5.717866728054021
6.220837178349601
7.820678347447929
7.705621710526316
7.261546608140463
9.813671656050957
5.981619921337266
7.925246192964125
5.637405243561899
5.1244412151067325
6.4188113636363635
6.092397661233168
6.167365511331175
7.892743902439025
5.240671956856702
8.03934224250326
6.193596296296296
7.637645020059306
6.634811382971244
6.324104082934609
7.863802725968436
5.25191797752809
6.405239668174962
7.394847712418301
6.4654809181636725
6.512824562515233
6.837603030303031
6.527789439270854
7.046813468130175
5.89361341612415
5.79988398651496
6.714895596995597
6.199890499156016
8.273752964426876
7.908763703703704
6.388913888888888
5.408824107340873
6.357109599343635
6.781535856979259
7.978631698564594
6.821885972790913
6.252228015820698
6.542425490196078
6.247355873934135
7.703445821967378
5.645139402427638
7.095361725951369
7.149686388032432
5.702843499775079
5.847823917388407
6.110177343257945
6.422684210526316
5.67153873015873
7.844908519570318
5.9882556641748135
6.286322916666666
5.916256199677939
7.025277777777778
7.452230793817593
9.67709737677427
6.844995200407032
7.252327960048239
8.027061904761904
5.247448177257525
5.432554112662014
7.11269814116681
12.553706492146597
7.870596454709628
7.021831343283582
6.5349
7.3190771340115
5.4790155177506055
6.419871428571428
9.490379370786517
8.080128571428572
7.940303576271721
5.263948018648018
6.33231866899847
5.687571122994653
8.060806995740531
5.357408724832215
12.354463320672817
6.820962230109435
8.499487944664033
7.1965155962593705
8.081695924605196
5.752086403940886
9.078715370985604
8.45000593017695
6.113591497975708
10.017633720212373
7.949455793226382
7.633413610664547
7.509922712291005
7.078845736434109
7.408541181513522
8.461783193972774
10.122524431525498
7.310472800925925
8.80762602952603
7.5283541666666665
9.57951818455744
7.796883388704319
9.291230398322853
6.838231172538762
6.590987005649717
8.010526344453922
6.622771268230817
9.683091088675557
10.772398995647807
13.462799470899473
9.295284136904762
7.48698254519563
6.617636260454002
5.593811043566363
7.221067724867725
6.206752127659574
6.075667128140946
6.103848224257315
7.510611352875038
7.020940988823921
6.948932082334817
7.797978965478966
7.294982703800406
7.461696093975805
7.654421355111918
7.993174083005118
8.177593568336427
5.39959558268265
7.597694564733137
7.075847830104852
6.047339525027402
8.189316904761904
7.205766455600784
6.493319732441472
6.994684982456141
7.922980123899089
6.713165732520753
6.62170870327404
7.999080435252888
6.834517905092246
6.543084065521016
5.845940796019901
6.621698321342926
5.845487724192905
7.316105975041908
5.82671261173609
6.794145109034268
7.782503407815529
8.36963081232493
8.09946904197462
6.457711471321696
7.978443079705105
8.078329131652662
5.923514738485558
8.016280966743391
7.8259664211416915
8.385164589094053
6.62951491263172
8.896832595958731
7.398369435904769
6.388923163353501
7.307410756665866
6.832803321348041
7.538822029390941
9.06068055959571
10.46905198369295
6.445118253202921
7.184226141862387
7.455911940610623
7.236900982495765
6.6910370604782
6.3188478420569325
7.119663239347043
6.521028214285714
8.874794704049844
7.618097096188748
8.487306888703436
7.52090240717855
6.811611486486487
7.267025185185186
8.551646218487395
7.86646451055518
7.186454705084497
6.925220251697301
7.453129354689666
6.129470124336
8.328642293496245
8.861666145976786
6.908675654450262
7.847471064344978
7.023309566995643
8.797390996722577
8.522479784213516
6.3488327922077925
8.438480228353407
6.818685814861006
6.575379314706221
9.455091680370304
9.056111348563007
7.180726500297089
7.596594117647059
8.468574786849
7.881345669848003
7.079683461480476
5.895791789819376
6.457668319361277
7.484860817477097
8.233690275829828
7.417993761140821
7.6799521731999345
8.247877022318486
10.13296107238606
8.742210480816492
7.736921440261866
6.014669543705333
6.100603885708967
6.229023134643839
6.6313255431324425
7.810565859564165
5.1325061109712085
7.2624421230942975
6.196671776906939
6.7141437138803335
7.3195563607085345
9.868163456719117
5.099270056497175
6.278138441558442
5.80521362085646
5.8700782898105475
6.428614076290202
7.066545388601037
4.785475067519545
5.900713784645573
7.312060199004975
7.24048251022334
6.576760735171262
5.949576328502415
5.67964325529543
5.806245784271594
5.354313216523009
5.575731596251849
6.0720913174946
7.44648874330637
5.352988524590164
6.517384754521964
6.097261809045227
6.977782613065327
8.60813839891452
6.160195202854499
5.987281335478681
5.216078283393427
7.648513923261818
7.150356152627015
7.713639813258637
9.385086231998734
7.7835611445783135
7.297904050632911
7.219890964590965
7.498688153352129
8.85963559658527
7.1173459893048125
6.489901647655261
5.885505169837915
6.8606109440267335
6.6779090909090915
6.179018671577303
5.921803394255875
6.78982105263158
8.08445619047619
6.323381179138321
6.166829182090787
7.565915107743311
6.7161800959952
7.140961564304462
6.781200111843351
7.248289908256881
6.107005663615561
5.929780225861095
4.838495001688619
5.517459193880553
7.40196166725622
6.498566666666666
7.079452335164835
7.785309661835749
8.105251759982885
6.989184507927952
7.311046913149633
7.11397306434024
7.126097127972575
6.340584569479966
7.1993870787979795
8.41041270480795
6.689260084990135
7.660131908831909
6.847046813490389
5.796157083078179
7.708669497554468
8.324456239208915
5.801259545294737
8.194366666666667
7.698815027971074
6.903717480516919
7.387374818089712
6.657020080444192
7.685158206991247
6.659796534829313
6.826408893060897
6.4942916329284746
6.249317444219066
7.180384683148622
6.9062186010902185
6.770693963515755
8.069210693400168
8.379001794967458
6.8333708586251625
7.1288130953003295
8.103718005212034
6.693049577131932
8.138875098676573
7.10933484646195
8.100749225473322
7.728332315263534
7.890679953379953
6.845952191362513
8.124634899085233
7.976054487179487
6.302847145508959
8.370928482972136
7.8480448717948725
6.230205140292691
6.625549275362319
6.921665820574805
9.015394904318498
8.412052088661552
8.021688082340194
8.45292069194208
7.091889045383412
6.160704066985646
5.543932432432433
7.210569605142332
6.214445101029355
7.347662383248474
6.462985830916317
5.81379901983132
6.220029530588688
7.059723543157587
8.917336906182861
6.448818353576248
6.290255286093217
8.11547111535754
6.440998716865993
7.49560493879274
8.820192570333596
5.560178575207194
6.568393383164869
7.953299926212876
7.897031111111112
8.057933858636293
8.413069990610328
8.241103971208737
7.877506556245687
8.531283498349836
6.454745072847983
6.982261801801802
7.307042052980132
9.049945471680331
7.429262633857371
6.081347615683504
6.4628321025378295
5.838689918100994
6.598930841121495
6.95274831230454
6.738785348310179
7.3636632803219015
7.9415025695235
8.043310012752361
7.246282945736434
6.083026331616316
6.043425132275132
6.898279889002867
5.7431945455273326
6.162549351521255
7.732960453074433
6.507781954887219
7.082934451219512
7.0394195085629185
7.450469161982626
6.6263372469076085
7.63338011988012
7.16712724718076
7.2667627583348136
6.101324018188047
6.564808695652174
6.187521125975474
6.070335681433067
6.020416187392877
6.819480447356712
6.856589741570621
6.28114406779661
7.791297469082542
7.575914326681449
6.868033547437442
8.148871340959392
5.38511641388608
5.157920693920465
7.774470560694302
6.471864712041885
7.900211718688604
6.672188817549492
6.403683499920673
7.722664294780856
6.682474103942653
5.444109523809524
6.82805084222708
5.959117191404298
5.508422045632188
5.698037780542165
6.852385611261354
6.5949708261563
6.91886382848392
6.458402080783353
6.944745473275966
6.385230191196087
6.011737337662337
6.293931137085504
6.779614100357474
5.376344194693257
7.903526086956521
5.924980170122275
7.287976849642005
6.304858753847588
7.143967704374058
5.7872867905741785
7.0026469135802465
6.2978587692307695
5.837257965350289
5.265361285093691
6.21080928602089
6.177867545963229
6.687736111111111
6.462121500721501
8.472856396292423
7.698490966422815
6.166086301602102
5.800982801835068
5.975750767856628
6.993868291035415
5.316032872503841
7.535678835978835
5.7703401832607
6.171228374655648
7.200163092355586
6.519993124779074
7.231308253307108
5.116004968122218
7.158075133437991
5.810915538847118
6.9112583333333335
7.204191796008869
7.419494152046783
5.884815650485437
6.054618053375196
6.650788800308602
8.41567503968842
6.887528403713686
7.054265382084095
6.46934991559187
6.656513793103448
7.791176010781671
7.480842040119505
8.177062349799733
7.219196016771489
7.439361400894188
7.233869946605644
8.52743628724217
8.620936699164346
7.634475037593985
5.94799961881256
6.744924503429765
7.41913271925681
7.652643789884957
7.935015384615385
8.925792589093383
7.264618281672561
8.234409141121237
8.464043651198368
8.741277777777778
7.512039003648107
7.83043716456842
7.998555859083446
7.155729049299451
6.49706383483626
6.95282479649694
8.714500000000001
7.938299645141799
7.201506346956453
6.811155614642244
9.45251831357049
7.204940207119741
5.899410657596372
5.784747572766388
7.328325375960789
5.850759392697572
6.604453157929617
6.773481625787909
6.750357099831694
7.4489394038158725
7.54705202227675
7.40778431372549
7.624465824504211
6.27821197959282
7.0715998085862735
5.783195423383361
6.8763352162218085
7.858936976106541
8.116123046400517
17.026545569620254
14.024131766950525
11.42760824583437
15.805463856901582
9.075615932390745
19.29704246253306
15.197721705426357
15.042455090983438
12.751094310776942
6.62197283383775
8.35872583795917
6.451416098981078
7.789990921755282
7.489597826350941
7.4056785034013615
6.655284233640756
6.687007934209998
6.90569151757613
7.171772741968074
7.326791801010907
7.452377447539085
7.569061064480447
6.554061169379144
8.490826690299254
8.55593973888209
8.713809207944484
7.826797732619662
7.988936108963999
7.797651073762839
6.245036072163147
7.230233598352066
7.199525209444927
6.07284190755481
7.919023299063025
7.333287270501836
7.337997205797102
7.73419866444768
6.901248605853993
6.812275986753885
8.47560408055114
7.886683474080811
8.260944789626528
8.229032666666667
8.91087776180206
7.481560467068778
6.795511845730028
7.750471740139211
7.192192556717895
6.213408735933834
7.2329298284862045
7.052238926617253
9.871272197962154
7.973395117056857
9.012310761657323
6.782433571939871
5.635283609022556
6.260675676171026
7.993501527434235
7.057969570548385
9.728935938903863
7.542790266044635
6.673368344587682
7.365784753623188
6.032708977475288
7.396641454007842
7.713841309500296
7.192783929801541
6.690091115148012
7.340430809628009
7.310052147347915
7.274843859649122
7.958921959789187
8.784722901475043
6.2449016236162365
7.3700537705363205
7.2144890217577515
7.458317442132336
8.933980830828826
7.240048444842246
8.58141836841125
8.511623426317273
9.421407743165926
7.407193267516797
5.028121634332745
10.539596450648057
9.02551436437749
6.364823426702538
5.914551847184833
6.198158139534884
8.533326423133339
5.5471585987261145
6.592849155145929
6.469761622807018
6.309951188811189
9.400860577020076
6.42408
6.858252835208827
6.397777765259461
5.559467392875581
5.735061344537815
6.969157142857143
7.5835960751425695
7.595763547411492
6.820070507689067
7.455288004046827
6.298835715400218
5.509630138713745
7.384018865946488
8.584942456309124
5.565590031565014
6.004421568627452
6.624374503517678
5.464700840827667
5.862387843137254
5.962355684442715
8.380686042376649
9.035388299982667
6.68229590180564
8.725005245647111
6.630239690189329
5.761253535353536
5.906265480895915
6.9734243211987135
7.66064288246372
8.2532597420129
6.445969597069597
6.772187048439523
7.095921947046843
8.904048493516399
6.331023429552001
7.325282894575867
6.118331451795555
5.1315277170787805
6.580837468982631
6.976175555555556
7.109814285714286
7.047418050517708
5.912306573936082
6.340468838438812
6.093261511962178
5.863782294489612
9.83055
7.556670972283511
7.372612797224851
6.109964091877373
5.451583182795699
6.812577642672306
6.275630030463364
5.503296654426765
6.329642857142858
7.199806230001882
7.476247218996
7.19308902189781
6.718808001576665
6.568057394172622
14.395315080285302
6.237745993031359
5.733378561310161
6.471825531406735
6.909554475937163
5.864719565217391
7.095383675464321
8.039275312760633
8.085374695692316
0.9769625092250923
5.821266016991505
5.547534252188489
6.802176666381449
7.864901459227467
6.044009895562864
6.765520588235295
6.466765998972779
5.812871276595745
4.845491037446286
6.020169576958781
7.87490808141275
4.894440375586854
10.095425541125541
5.947111359724612
7.977742223237883
6.809233333333333
4.893920454545454
7.24679309883258
7.830501888619855
7.789688916647741
6.549562297913412
6.150062795464736
7.454456346294938
6.726317889975194
8.36978647827588
7.038567464114832
5.714227826086956
5.655316816816817
7.6210806185567
6.300974589646465
9.986289852008458
6.181101889694572
4.909486025486146
8.142943103448276
17.909342704626336
7.997851214601905
5.431557247599651
6.138613421141506
6.495224357326478
8.891303437185929
6.54144766848928
7.249475228875092
6.428038925938926
9.0781669202088
6.807165324899367
6.468640401470172
6.669248713029576
8.256557634408603
8.759530303030303
5.439362978953049
8.490576875574515
7.34180619528058
6.533008665603402
6.813385077596498
6.635678742361522
6.847002144522145
0.7682059460027315
6.973842105263158
9.95626661978434
15.251500560224091
5.123096319018405
7.7979645544554455
7.589278109980834
9.455247711937186
6.987548221925134
6.486401316701317
8.02072033898305
6.707519350127784
5.532378913192071
8.122469865841072
6.89345650468958
6.93873237056159
7.283019323671498
5.630080168736374
7.227509694530822
6.588444308840703
9.70339072050551
6.752712121212121
6.8199165232358006
7.129537923393479
7.768066818097877
7.365790932305693
6.676925467181842
6.687827978623915
6.216384648493543
5.74744251497006
9.37183018753781
7.255985555139487
7.432005082440932
5.3168233533949305
7.001232556332557
6.67800571485464
6.842550516717325
7.931356652907816
5.898176492819349
6.654636730945822
5.676686610089581
5.860007003873319
6.100425798941799
8.563467260567148
6.200170329024678
6.501167671957672
6.318952878379727
6.640611373390557
6.755334444068943
8.742554976430977
7.619462299587724
8.227142175334038
6.418217948717949
8.718473099415206
6.304190381064294
7.190715992003998
5.983388721804511
5.841612583148558
7.228490947666195
7.412717765758269
8.030015344982885
8.02877341772152
6.459137562940583
5.848009192052981
6.629549412511908
6.505127140288884
5.729897317220543
6.756246174424827
7.2179833184789075
5.825176268294873
6.268486716171617
7.45327701640719
8.090559702775732
6.878064790764791
5.741340992348713
6.042652397716699
6.037516635318704
7.093856124321219
5.722275608272506
7.353011868619619
6.940568601190476
7.507481130450827
6.823026123720517
6.973016936400541
6.526480747015787
6.235098161315808
7.377892766487374
9.679439313370178
6.397539216045425
6.288258626419275
6.638523395078187
6.921306575818548
7.3410432973464275
8.430047971016812
7.182302366863905
8.238103324502625
8.955744096435197
7.393216597688026
6.291550639386189
8.651331078131822
7.5218468413341375
6.751827731092437
6.690333380031755
8.554877634613856
8.91134155201367
6.953719633699634
6.946073942294355
6.342063211057948
8.047815560597467
8.300839653679654
7.019123396226416
6.608886768171107
7.733409874686717
9.729594894146949
9.591445454545454
8.126678181818182
8.68914031231926
5.784117349265399
7.336968660968662
8.424067385057471
6.54977171620326
7.442598974709501
7.075036084142395
9.502327145827145
7.30298887105404
6.2895441666666665
8.72139295652174
6.409253753753754
8.411639920948616
6.01066236840083
7.950608141253159
8.47155372283715
5.509581920463407
6.062512377745711
5.63034265010352
7.8569840196840195
7.616904539130121
7.927571351116895
6.971799745237041
8.172883673469387
7.693455672529884
4.9836056807599185
7.8113974182342725
7.3629154852489656
7.796786498478048
7.082375418431134
5.990990427698574
7.241996939811457
7.4038716350496845
5.2555466029449756
6.714555537467318
6.76411358995211
7.7199514365999296
7.035194372294372
9.44834329078014
8.703711111111112
7.075478504791157
8.13647843915344
7.72588021978022
7.582925133784181
7.247451292517007
8.467860721925135
7.025563304081111
7.2813165236201245
7.022973084193184
6.635492221426867
7.319614921062003
7.606263999141816
6.514659261236925
7.436949948400413
8.446011462148963
6.825260231073274
9.148893677996764
7.871723400852878
8.105225637800354
7.410184764568765
7.245973776078993
6.095743671540393
6.72429127014477
6.9014843444227
6.862393321706013
8.611319954648526
6.071426872425205
7.396887163561077
7.018721442495127
8.229495162147796
6.805808742290158
6.900615856052344
7.340756619498849
8.241053482880755
6.988869655172413
6.8507946020883725
6.157433384674624
7.412453605463786
7.225429522679605
6.13771140042792
6.1642284848484845
7.446846178423981
6.9912514485514485
6.5752216931216925
6.47393287566743
7.4805219186685505
8.332783380637023
6.516816369664318
8.769210032839622
6.175971373036853
5.839695011337868
6.35710139778422
8.489866906906906
7.742094416981681
6.060593400784404
7.1888617312072896
6.3918411854103345
6.0412661600810535
5.776159274504759
6.870637615449202
5.919784216158373
7.361224232614506
8.663666268260293
6.221114635039839
6.605133615125897
8.791868573348898
8.186336693019463
9.032539625371202
5.943416426308314
7.240192730055668
6.455780549199085
6.225308736059479
7.069830167296276
8.614756278287857
8.194502415436148
9.973992446249154
7.233558531951276
6.5004875
7.235026963562753
6.948017272996156
7.7398994505494505
8.293453303579241
8.844425386822557
7.139667164179105
7.5982708769414575
7.032838991511362
10.816015151515153
8.516745217391303
8.266236731500111
7.641158085296063
6.041518471279964
7.2709102900783815
7.957695277501931
5.4555677871148465
8.118258516379115
6.966605174190889
6.341327136109918
7.597991097308489
7.176574475524475
8.576387715944492
9.726060692640694
6.11155096641152
8.159680601741883
6.868657134974065
6.566217720995617
6.891028838951311
6.198544941176471
7.2257855715305395
7.352019676897098
7.195900445434299
6.476805147484095
6.834271979580262
10.179908150202689
7.2943794033275955
9.818127693360044
6.5824921213812555
7.457130040454131
6.4825701404286775
8.323475437062937
6.919935168195719
6.928722396750169
7.215224213378214
5.952297451251344
8.560984929078014
7.312105787711911
6.593703066586269
6.781139024390244
8.412074442946125
6.920851016273888
6.94358415421509
9.584586362707013
5.656804587740538
6.082952164137156
6.340266304554984
9.00041143705256
7.460015969300595
6.878607816091954
7.069568436186685
6.674521323529412
8.92082967032967
7.60616275602332
8.23732995951417
6.157722038089453
6.142881014208024
6.595685364177737
6.5247572463768115
10.201000168401716
7.245850980392158
6.560504866180049
7.90042068066207
7.548653882915174
6.582531328229432
6.857316628794934
9.53983729496235
6.719137009622502
6.26821431784108
7.002416625790628
6.272595069532238
7.2968503875968995
8.409817950248755
6.684749077786688
7.37871132370168
9.190658099352053
8.265894822184357
7.494719562179785
8.558439802842528
6.763429059829059
5.608581190994916
7.482513407169922
6.708217795296369
6.860029865534324
8.33267686139748
7.060875707564242
6.726154232404006
6.582713272140907
5.54363899917287
7.620295886075949
7.2530618345352895
6.352830435040744
6.973208141521448
7.033198726004496
5.676640444444445
7.097397466467958
6.325456036036036
6.854748305084746
8.137275719619415
6.472803779069768
8.121319480074078
8.21894590045249
9.2684653250774
7.966433183329796
10.592069448593477
7.250860294284097
7.037222302158273
7.539489877835951
8.579793551187938
7.6750279236462795
7.908559563180766
6.093493277310925
8.805334136906165
6.7452650974868416
9.300164341590612
8.36865674019608
7.234396965737135
8.243308998302208
6.2702653887414606
7.534263672066765
8.515382884924005
8.292279970992713
6.739133936913632
6.3217396288365455
6.248992046936115
9.470677134986225
7.018403225370816
6.659222731329203
6.517997290640394
8.940629794276875
7.164470930232558
9.580617703349283
7.414171549965337
8.037569849507006
6.389679882799923
6.931739183108341
7.256667199191103
5.3983465703422056
6.893192320675105
6.318413042328043
8.779921376936317
8.044005287123703
7.556956823077078
8.668727906004598
8.486874638302908
6.761213249835201
7.9486313286796735
7.447623284371482
7.286911189518446
6.9638934047619045
7.695247222222222
7.52005934612651
6.703431486577939
8.89172299741602
7.526474569105691
6.414903748011079
5.59825998982253
6.366329192205267
5.766811627906977
7.372800209643605
8.471365295381158
7.265550271674934
7.293420150223891
7.96731926683717
9.090407221668443
6.246290530846485
6.9199488896302945
6.814268621028497
8.86657472826087
6.381849444032616
6.394829228243021
6.591171739130435
6.65965830753354
7.221943183312414
6.219616776840665
6.943773193473193
5.483499392097265
7.1735063078898
6.967508004735452
7.9580902330390515
7.340283884946903
6.59751780573173
6.829626204779068
7.11014954954955
7.841061290322581
6.8582308153477225
6.734985398115329
8.418218606757227
7.4859136842105265
6.20936664103981
7.195872721858249
8.21739523809524
9.41901598377282
8.853183760683761
7.756638654930546
6.0781621004566215
8.174809980568805
7.657923792594743
7.183745390395109
6.525527155097045
9.492403277015836
6.887414814814814
6.431201317549492
6.708209718941899
7.281840035435861
8.270950869518831
6.739180459770115
7.228601052970019
6.732260679482804
7.576583485309017
8.125936608968244
7.556333315350956
8.265842130269231
7.188452808241941
6.961895318805489
8.390446953046954
8.21672371409969
7.123801314459049
7.6972676470588235
8.363912887537994
7.1155942635658915
6.978078027115474
6.562611627179608
8.490094443309498
8.399502036593113
7.033481818181818
8.474303840166062
7.81118444169502
6.784834152334152
7.536219316921712
6.786976845238096
5.515109923467194
6.947967716535433
7.439168119249172
8.489696779388083
6.823726403909316
6.174049999999999
8.29631341991342
7.0620412975391496
6.7350830089139535
9.622985714285715
8.644840481813887
6.596045112781955
7.692469220222794
9.405635571346892
10.573393207941484
8.86475659175122
8.345246224151591
7.62502473670691
7.571634427609428
7.591774203197524
7.24759682635941
6.5881365079365075
7.357817753975983
10.598568168416087
7.7419311454849495
6.948338313661517
8.044766178040277
6.0592586199069345
8.489422946743368
7.527403466432647
5.995308678793409
7.583177469793888
7.803646832298137
6.988587691164987
6.297512174932239
6.9836907167130065
7.585739573070607
8.700946860514119
7.3282104091583635
8.620973352818371
8.20164727992087
6.611458481322719
7.400570183105716
6.374332961108972
6.847076287198867
6.636806191813211
5.3481506238859176
7.954680023171136
6.287801370726328
6.972946638522731
7.066160084637186
8.614954550807123
8.39035912912913
6.7068085444438985
7.5035580540649995
6.518822272361
13.878007142857145
9.102082828219185
7.8272199221979095
9.759273112760976
8.449192977463776
7.575127177409746
7.140227126650549
7.676339826839826
8.635105574810837
11.22065207780725
5.662016883116883
9.253286407549705
8.504818042813456
7.028468843549698
5.588707004865828
8.043792021276596
7.668448396319128
8.953235367752116
8.23794645098986
6.6289568356374815
8.76390247279921
7.526225009140768
8.67088099009901
7.038339830352204
5.872306024096385
6.690885199535064
7.097967752330135
6.317625581395349
7.334468253968255
7.063700187152862
6.743336215048743
6.808501687282677
9.16547061221693
6.487387782858255
7.132924813895782
7.310477183600714
8.181529101449275
8.124062428842505
7.497028509874327
8.135474725274726
8.22242226297086
9.817897071842015
6.249060541586074
8.06504761904762
7.7408331473362555
6.229679706275033
7.37878209240168
7.077378803027636
7.411538494256679
7.001394500561168
7.6934519701909645
7.072170372064189
6.728041708817498
5.698033446905168
5.061535952173713
8.377387792291566
8.280606531254143
8.307934432234433
7.493318300653595
10.06730128443468
7.681536180854752
7.473236650336803
6.913697647966069
7.934851465201465
8.802430598225028
8.054386195286195
8.998887722152212
7.732406638719173
7.87941563202356
7.824676296296296
7.457367345512628
8.863830133282287
8.979402729868648
7.808164213873208
9.880611111111111
9.039370960406634
7.094376727408284
6.8807286204782345
7.8949330850327675
7.343408775974519
8.006079233798783
7.981341978589886
7.794548507370247
10.806427526781556
6.804381242807826
7.316683333333334
8.404453016020792
9.350825804570896
8.68249273817981
8.399940800452082
10.463213543221002
6.108518258281574
5.9181096530920065
6.485065065666041
7.070410503018108
5.606156421356422
6.369921408630454
6.124217304533918
6.44977594698455
7.260004616977225
7.852767836257311
6.532746002710027
6.199358200602669
5.4501698387096775
7.552575532460699
6.5038444338194275
5.375178056707657
7.6954829658893
5.16343431533006
5.745695474667979
6.379720334448161
5.513891471128341
6.095829081479577
5.570191725846408
6.3102954469524395
4.849190915300547
6.225851241157945
7.195047939227843
7.0226298895751444
6.617159632173205
5.7902522833749295
5.926346706202917
6.82545769903067
7.137254613879271
6.772262810313617
6.566192925224862
6.236651214154973
7.121025570320301
5.729959771048145
6.218322772582136
6.815180754782533
6.6485698412698415
5.945124551638838
5.887772659524918
5.45134438633392
6.30855974025974
6.979739757020864
5.977361202000508
7.622974302034155
6.559721331859629
7.438714069264069
5.873769387755102
6.928296190846371
7.573535933940775
6.8718698225781125
6.190415379403794
7.569602228612509
7.655373514211886
6.010589871504157
7.61442615920398
6.355993276336763
6.902595549661068
7.979088211788212
7.61068327661926
7.257892503841615
6.785113394226508
7.206232684023226
7.265373260073261
7.32271316211878
7.916276397228638
8.357871586308429
8.741217833800187
7.7478454822954825
8.106366962392453
6.533757961383026
7.90390064935065
6.651984574468084
6.8244943977591035
6.6426228989320535
7.799831286159324
7.907512734082397
6.020719723798063
7.008393351626365
7.996772727272727
7.269215565509518
8.118560692205467
6.86939217786433
8.636570546400232
7.243338497186362
7.3756290931650215
7.489712402205976
8.318567972256222
7.911377309682188
7.98833261302456
6.667649815724816
7.859710989010989
5.985273252279635
6.462837829912024
6.99957201426025
7.451884848484848
7.971115733982158
6.519904761904762
7.4276669247787614
6.343945108402545
8.015087622094264
9.004488359348725
8.854503703703704
7.187963521680455
7.14400625
6.449091024519549
8.11593138037786
7.31094778097411
7.596698468547059
7.646440410779697
7.759799224806202
7.109217151675485
4.962493137254902
6.854365317586978
7.086460606060607
7.323414773362232
6.384368787113507
8.016053163992868
8.55220038217169
8.941094866950088
6.624657640514637
8.44714244105409
8.26462773892774
7.174782621759947
6.309585311071357
7.84718834688347
9.096245434707136
6.658266055207173
6.9455771028672375
7.702375585789872
7.337049038461538
8.541247450444292
6.682273217104319
7.606307240437158
6.148296889360198
6.803814285714286
7.857464966740577
6.043675780606751
6.431062994754411
7.0501605664020595
7.428415535444947
8.14973700680272
9.493169110542766
6.698250712178677
7.427035885935769
5.79639506903353
8.356384607696153
6.38633908045977
5.404136200314395
7.69445693008586
7.660371034318019
5.74339446985447
7.369865477654777
7.01416138604338
7.17784595959596
6.915341866566717
8.589464017605344
10.401357388429753
6.04531646926114
7.107069989395546
7.736835879796206
6.839655304101839
8.521572597586095
7.7742962625758265
8.896021067647002
6.599954429369513
8.327543402168157
6.317955544840887
7.017812179671754
6.577619783542894
6.19773409312293
7.60068988385163
7.43114158808933
6.158221150033047
6.742648091097308
5.8239273504273505
6.509570971028335
7.1225207156835335
6.215434169278996
6.9432846765924285
8.311144435564437
6.509358001768347
7.1689472964943555
6.239210175438597
6.2140457690509585
7.354223049183612
6.200043619683069
8.404730942879947
6.7327097755044045
6.842054589371981
7.058002792321117
6.091533613445378
8.254013875598087
6.539296436422539
7.371080679785331
6.395090195984475
6.256787022900763
6.7412124766832076
8.150992814994794
8.121581025641024
7.932612315270937
8.420663058589872
5.415533168044077
7.849336734693877
6.387296662515567
7.590700784313725
7.410121524926686
7.0872165335159405
10.534783408842433
6.688965800865801
9.71259730609496
7.90734553498547
7.696918608626637
9.359766839493371
7.402931056985767
7.69045044396915
6.927811535155579
6.265356798623063
8.129445175438597
5.483253006993007
8.036735220125786
16.030726666666666
6.539500962676557
6.692251196172249
8.469067692307693
6.670027022375216
7.379781967213114
8.106771300586963
6.822742632066728
15.67556210901913
6.920660589318601
7.459568799187611
7.918076337481817
6.759990909090909
6.793849090909092
8.045530674477995
8.824366443119722
7.827849280575539
8.027039478136967
7.469733883309422
8.253441939534435
7.98045761024182
7.653705755962942
9.317571734892788
8.423469653442773
6.360327994687915
6.661479138321996
6.658532608695652
6.923486348506868
6.267479122445747
6.561999578059071
6.792360780984719
7.46180886850153
6.602422767908975
5.535412659846547
5.827986341027017
7.827816867469879
6.396218018018018
9.454224063324538
6.1747837552742615
6.8861439407495775
6.670642399002777
6.023115185504746
6.880029803921569
7.139195990627799
8.522843446601941
6.920123922413794
7.3976179471047985
6.475967036673356
7.672608103821197
19.234571428571428
19.399140161104718
18.745997774707952
18.77589618644068
5.74541249625412
8.185166492829204
6.5589643445348065
5.341362872975277
5.775347179487179
5.6543443504096516
6.450986138613861
5.9811254383443515
7.168695890410959
6.43585104075869
6.567863455945252
7.747512324929972
5.490870641731779
11.418898005698008
7.354643341358637
5.7382312693498445
5.6374128014842295
6.271413131313132
6.5985896327716
5.961976555023924
6.165280830865042
6.647918546365915
5.844334821428571
7.709181739130435
6.529308300395257
6.696804783354784
6.7438795077416565
5.7346346614786
5.660064931019137
5.812257085020243
6.377635260115607
6.471045679054226
6.891395100401606
5.751071428571429
6.5185498918896005
6.69571954887218
7.868128853198084
6.648002724726254
6.791035582010582
7.243261904761905
7.601875320380323
6.495005504587156
6.908164285714285
6.397663628899836
6.009966778579822
10.77988947368421
6.811104081632653
6.610071372138957
8.417645058546896
7.377408371786421
5.454007472178061
8.871786252186357
6.114842835190165
6.477786636477503
7.336271954022989
7.08194187053388
8.64934785388128
9.043051526032315
8.929562075561932
7.55374338899196
6.70094048066982
10.152282456961178
5.698570303341462
6.755067195767196
7.419047126436782
5.5314775943947065
5.515828352383608
6.607167066189625
7.366437428696797
7.3725091236837414
5.616456234772979
6.817618022147824
8.02684425389316
5.756631135531135
5.815633114090565
5.368420910973085
4.885367547018808
6.661463636363637
6.995812820512821
7.499826132836748
7.223461899313501
7.499473610065598
6.584572815279959
8.062427804174444
7.781299655073297
6.59523996522603
6.875078688136396
5.848551282051282
5.755637941480716
7.100366666666667
7.06581102952913
6.82059405921681
8.975227233115469
6.771722658877678
7.794303113955488
7.649385971685971
7.978615485564304
6.45999848756729
6.749800407608696
7.838426239612302
7.760043222222222
6.523911290736464
8.406741784037559
7.157248591741865
7.772336933797909
6.9941913115581515
7.752161614689595
8.881623825172527
6.767406821480407
6.273162896844543
6.839574074074074
6.999644792309727
6.212597777777779
10.190821562527006
6.961627488523122
7.244738155358156
8.76154658848614
8.660656831330662
7.623857972044539
7.456987163480297
6.228550908285334
7.0952817219817215
6.481688661601402
6.8028575717597395
7.0333997332077836
6.978664617886179
9.502272796934868
6.22353431372549
7.267544444444445
9.579413048157116
7.3545363485132045
7.553648751766369
8.402701002506266
6.995075478834702
6.388130769230769
6.903910181523171
5.793252131886378
8.20094519526108
7.68934898989899
6.437718838304552
5.303140986132512
7.974028550724638
6.840504081632654
7.860341940532081
7.671754654654655
8.094777348484849
8.44796013986014
7.4477962496289205
6.553873480212158
10.49100880069025
7.35462318534179
7.4502395577395575
7.093606060606061
7.746952527889127
7.887887841259987
8.026125863284005
7.993537273240852
7.5694792784458835
6.397790692833779
7.897757330128905
8.430547227672406
7.10434615971031
7.724494694960212
7.243288814145686
8.576825558995527
7.708578286340134
7.508040067340067
7.568833333333333
7.025302585649644
6.914486335403726
6.189383456269757
7.266082566585957
6.177409749182115
7.283701380111862
7.686926481297584
7.26719627439385
6.208760264550264
5.794581635707967
8.238774700930438
8.040975958466454
6.241649613770452
7.263949402891264
6.545603561643835
6.632580622941001
6.019057848324515
6.300302035002035
7.941788292626993
6.892409216860397
5.362004545454545
11.8269914799743
6.379764203483816
7.0172150573088405
7.078715174935594
8.363960542264753
8.53610496130031
8.15151257512714
7.163667652708414
6.57824884004884
5.954914285714286
8.255612116402116
9.087791919129081
7.420082283977421
7.512029253731344
8.312232818532818
7.971283059231937
6.6027306726980886
7.576085353044557
5.7879805954465855
6.0802115457756045
6.232346870451238
6.710435332181804
6.543296086482325
17.410173258904837
12.271764160401002
13.124603241201035
10.21012648750855
11.087340692640694
7.946314743576254
7.864421341070277
7.161846474523932
9.727709682767768
7.166210973084887
6.741309449527524
7.447905583803273
7.805778033794163
6.34640939069318
7.41964344247302
7.8312054085970715
7.489035074987905
7.1550344534587875
8.867136159785163
6.999761610738256
5.92747677286742
7.8498022664455505
6.207452904238618
5.406963769741146
5.490105958549223
7.755832398753894
8.570403989910014
8.461199301463889
6.84420021978022
6.226647302125598
6.690769360084284
7.471684833313929
7.053607333657115
8.258577623290392
5.22602
6.993145592705167
6.318297636363637
7.323645552018764
8.866949025974026
6.412930769230769
6.967917326565143
7.724618518518518
8.470593149678605
6.702084767527675
8.84568166783955
5.996145141065831
6.213856431102773
7.943137948717949
6.913865231259969
6.724604971302428
7.601709578170014
7.7311825676982595
7.149263716859717
7.826521113411548
5.560760683760684
6.534346855509355
6.400471099323212
6.628701524644946
5.716247387387387
6.508473770491803
6.4193191875
7.230523906543356
6.173378553797692
6.5723603025840145
7.692286789160702
7.145314067278288
6.912752304558188
6.165986349820392
4.805358789831722
6.2138239605355885
6.447651515151515
5.737677489857348
6.238117615638966
5.550364622641509
5.947006878306878
5.077149816849817
5.915638683993777
8.413322811244981
12.84995143397118
5.459233982683983
7.1779984047767575
6.469516124098755
6.058823616592125
8.451356038647344
8.849488774703557
6.466912024109254
7.108227307281768
8.102253963914707
6.669579913765424
5.985775256477135
6.6304148125937035
7.115379843620424
7.804314747589336
6.896594779116466
6.376843455985096
7.724678637362637
8.664093481559675
7.02063500755994
6.762280636573621
6.331037851974399
7.116846265040781
7.150308310139165
7.6804310433801
10.712081916817361
7.176825996698163
6.564734952638187
6.941951824972028
8.146418571202782
7.525171573920266
8.940753641533664
8.97675826129798
6.04913768115942
7.7624570207570205
7.62229289945731
8.215384525479195
7.612893031430934
7.431142586141969
8.557806908249505
6.781964058679707
6.496133658219623
6.9366116259268455
6.855105479057025
7.903466295979469
6.855713764044944
7.144867989056087
6.841251182303585
8.242336156306493
7.76721100943666
10.63093184875016
6.833060810071155
6.541905458347089
7.347687250039488
7.400261729906161
6.469459737030638
6.907559130434782
6.30930623501199
6.73381535301023
6.756527413950655
6.72833572033181
6.6778446405919665
6.930840868471867
7.783859743537276
7.186832122488374
6.439634207188161
6.899302048163854
6.679963809948917
9.779805519480519
7.090076818419676
6.907664130434783
7.759093625671104
7.7357797108931345
6.402774509803922
8.460185232067511
8.157080652726208
7.1511177359566584
7.597105128205127
6.412865382528485
7.770511365689415
6.622915151515152
8.983934768289815
7.992377041602466
6.406351086116596
9.677904951402898
7.11628335089568
6.845806331073341
6.765739958592132
6.5591531835206
7.987331827455553
7.236876540699993
6.479379908959238
7.199605023390023
5.638282235762831
7.9136183176956445
6.487224660974384
6.16611301313451
6.585589009469093
6.012305918350239
5.8653385176539246
6.3033558325024925
7.361415807639208
6.541177638640429
6.878885659551177
5.58010398259356
6.668137710541136
5.720226063860837
7.24384529239766
5.600877096883341
6.737394541210795
7.3637367501180915
6.770790588235295
6.796115279042935
8.753523056653492
6.7162522488778835
5.537864251207729
8.609449834387231
6.862195283018869
7.052524767801858
6.190150722478773
7.089753601953602
6.34202614464172
6.368858983770144
5.9323078342474105
5.939343426524214
8.070154488140545
6.881634032634032
6.028743537414966
6.0562772875816995
6.723870119280275
6.9025118465513815
6.891055163957798
9.182493025258324
7.572931868074155
7.002181714638389
5.802352031983084
6.425789513108614
9.009093982584684
7.790445139228138
9.273130181915462
7.233226507967736
7.637789632107023
6.977968498736757
6.515638157894736
7.392929403276462
7.196435084342806
7.89633488943489
7.395072185556845
7.026712852130325
6.239651269468744
6.8323254166666665
7.3355426240481965
7.0153948129906105
6.502826690821256
6.87800939849624
7.926627491895635
6.805151335476957
7.664219168672063
7.062292060954817
6.063052007875353
6.79758199644786
7.778045904395869
6.6722149236728185
8.145105483222187
7.454037931034483
8.056319530149498
6.7065472669256385
8.936594062679701
5.791013967164078
6.2701725274725275
6.514170258620689
5.333567410714286
7.647318855218855
6.446360513548692
6.694755537720706
7.5116540423223
7.831426554448643
5.87378793838331
8.268369705910345
6.329612028713491
6.001894052467919
5.561261444484369
9.741127328227329
7.642786924034869
5.710677066835604
8.06893533697632
5.867750420168067
6.147627877947295
5.3896381180223285
7.1469479048908
8.155983602484472
6.004962386932467
6.932474424783765
7.7352944281025895
7.301715608599967
7.866793562107995
7.050727376288348
8.192448547045222
6.589765582303188
7.033040695399761
6.462091359037462
6.940973927682624
7.517591599889473
8.596510380706706
7.141403867326319
7.725197285212393
6.010948861283644
6.895503810517425
6.839037669440442
6.4433816852924775
6.258467251461989
5.909205938289337
7.008161505376345
6.805260412552117
5.8316230091096095
8.052235831675914
6.154874372792048
5.1129605905006414
5.983388721804511
5.421885298988509
7.149442687656856
6.618132903225806
7.654525840731774
7.155738514891881
8.405730402423764
6.670963548703735
7.115717653746771
13.665693364055299
4.810341634738187
6.193720964749536
8.883962777425491
6.880553571428571
7.422784712291453
6.1960566607834355
6.799975149819382
6.672754056306172
7.277256613756613
9.028260555555557
6.820768965517241
6.426006631999689
6.301246115166261
6.800835562310031
5.704421574205785
7.016788507563785
7.650451366083893
8.252111585547926
6.869511523721422
5.785587428378834
8.545809348807222
9.166107718120806
6.806420150129018
7.1018230486685034
7.016102264980139
7.132684474546917
6.544763412503412
7.632546761719367
6.911859245516388
7.608397523907104
7.467917670329671
6.603126825004521
6.8295016460047915
7.400474603174603
6.874488058768366
7.57499109054618
8.006124664619364
5.6186227730594505
5.401317153553803
7.563066436532647
6.468808958837773
9.929572906826964
10.214225586136596
6.977081381381382
6.346508196721311
5.0745022471910115
7.042882166895853
7.0270693510168
7.25650429000429
8.25411634445395
7.680453246753247
7.064863781238682
7.114036249796715
7.168774025974026
6.762671717171717
8.055763644773357
7.781156004100986
8.458024465008675
6.21357914075749
7.622033651585323
7.552004276385086
6.178792063492063
6.59376850400634
6.749225
5.526600441826215
8.636064310776941
7.696178106508876
5.810900463714352
9.094503261218463
6.215966213151927
5.836853402346446
7.315719660014782
7.35272192855877
6.073355195681511
6.2794945080091535
6.469165630333313
7.283869541569541
8.877904973202044
5.720836112156306
6.884711904120657
6.974376368515206
6.704961402914266
6.8118291005291
8.474969291022294
6.654122560812617
6.322115998178921
8.0337359080341
6.629638508983641
7.455691327913279
7.377991067993445
6.956555444555445
6.502390184738956
5.586434416445623
7.103938694150884
6.410448314176246
5.466361365600692
7.302441599829654
6.63284613820154
6.742376818861617
8.060993041982748
5.90774461070844
7.592211494252874
6.563397336931615
6.413257649667406
6.3900459907633005
5.717212858926342
7.23078364788844
7.390774829734822
7.156070093457944
6.556883084577114
6.118755508388922
6.069471499150842
8.972263820018366
6.5934299491331885
7.317816189976384
6.961596157381871
6.237676379208354
7.542523120382443
7.641004050395243
6.690523736263737
6.768721348719799
6.38477736116626
6.863597100343828
6.669499200254786
8.897453218224156
7.098461520855396
5.201214285714286
7.845379348379433
7.840165606994991
8.178351772628243
5.973534614047753
8.455728070175438
6.546254545454546
6.713509523809524
6.494926974086921
6.633664444444445
5.843989160214413
5.957313721233174
6.738273571357336
6.211084161233742
7.594244679155042
6.038720275344181
6.613946398184913
5.9940850571163935
11.368053846153845
6.193804415531195
7.53542256623045
6.97104761904762
6.117511665265714
7.597805586041931
6.752153225674904
6.976709947565543
8.326654704944179
5.678061376476631
6.410684211994421
8.635641005291005
6.567624819652954
9.299094878567761
7.924002631578948
5.596046778303604
6.266524093469255
6.652814511702987
6.501583859977855
6.009357196969697
7.887877745734198
6.072374249803614
5.799377329192547
6.601464221364221
6.714046602664901
7.236500884235021
7.482910840108401
7.183378708366265
7.151545265769884
6.407886623199075
7.0326318748131165
6.986146669266494
5.147146565104915
8.652133116036506
6.097582472989195
5.075389401485364
6.506979456706282
5.3678668113709564
7.4283014724549385
5.531581754463302
6.648156218905473
6.346450312891114
6.939382122210817
6.800617374517374
6.934056660412757
5.819536947278912
6.583569068514242
6.9444451676528605
8.119182083134257
6.54632476806904
6.540055607638889
8.273953496503498
8.40537643171806
7.349029079428382
7.203710174880763
7.327199415204678
7.0731954861111115
6.754549103942653
8.304696898322666
6.7606900186117045
7.411848659003832
6.6332943755169556
7.57765159177106
7.682655106535265
5.672597121563557
6.814887525987526
8.667686678892352
6.676846345058626
6.507643166313809
7.071527450980392
7.290130350366035
8.00320929541596
10.15536064030132
7.412254780849261
8.164827301247772
7.324470562111407
6.935435033146354
8.123252703892902
7.011357475398045
7.145149791096383
7.126119120785319
7.451097247706422
6.58179989429993
7.413759208673613
7.6945296468386495
8.640139215686276
8.768785975973984
7.273054441805225
8.31662942340747
7.847113461538462
7.812299547101449
6.521875768217734
7.875968144139995
6.093775169676965
5.506516483516483
8.182740723672982
7.529992144776355
8.608448072919952
6.537691038696537
8.594225220458554
6.407866666666667
7.505839209039548
7.9505505443130975
7.5678573178594455
9.194126666666666
7.087462785114046
7.5364368523949175
8.177746891432108
7.097611111111111
7.885925902864259
9.086150851703406
7.388380893854748
6.1788392989551735
7.586098748043819
8.148095604395605
7.8837706550339295
7.4573300085419545
6.939799934752951
7.410790779228383
6.650437914196023
6.593695838227891
6.263416687362691
8.444356706652126
7.449814843514139
7.22777612227306
6.999978437341451
6.955193333333333
8.777147597745763
6.347204906762388
7.694571656726574
6.076986523229356
6.8664418899061825
7.777409688476661
6.518252628324056
7.522551078916804
8.97117466830467
7.2332086842235785
11.401680863966462
7.513477260273973
7.2768476190476195
9.210420634920634
6.72333782051282
7.092854996399373
6.357917630495993
6.825675757575758
9.552604924324324
6.962369178269179
6.453962530612245
5.148773261378678
7.6539520099494505
7.454059285742195
5.768143892339545
5.220831944513829
5.232970452780189
6.671614841146412
6.083330275101242
8.54612574002574
7.0143097402597405
7.7095389560017775
11.212002564102566
5.771814856788791
5.788271428571429
6.153973504273504
6.812022938322938
5.642313445378152
5.879702767295598
6.6690683501683505
7.673671400642369
8.013773651020287
5.8308583258054805
6.043063904163393
6.638317034734278
8.323906653620352
6.442618740679371
5.840268668659019
5.795469072682753
5.767835469164715
5.683958246328835
6.826005497382199
5.328547668310355
6.864003225806451
5.843309955929487
5.583825460145744
8.452270234651238
6.8996207671389715
7.924575722870272
5.511722222222222
5.464230063965885
4.850176267168571
6.481207471985865
6.127887811158798
5.902016109422492
8.60628167752443
6.108001168693189
5.3622323878195575
6.8695388138269875
6.161949477071602
6.3282177207062595
5.97141995243129
6.70144250941756
6.129482983763133
6.7641937442783036
5.3378285209490155
6.06748288633461
7.271265177674248
6.224890783016855
6.210125407107512
5.921557037943696
6.69436448962826
5.841903460559796
5.166259748991484
6.8698663230240555
5.377467537443399
6.0362933045677725
10.12691369394043
0.9127200707338639
6.648959405940594
6.970204142469996
6.4729
5.011372247790196
6.391919817578772
7.015724456626895
7.195606911857958
4.997584461637653
7.2000916212262265
6.8508325812014945
5.152555467422097
6.093340403567012
5.098351375827238
7.358844588744589
6.162477309187133
8.844556965944271
6.34062135824794
5.879564745919513
6.978963768115943
7.849571614569606
6.4942916329284746
5.840839393939394
6.972957638136512
6.409014170040486
7.541529621516369
6.540634672489083
6.4890524291497975
5.948891163766506
7.225446714671467
7.553800335836844
6.3107155809975
7.456868308532931
16.224801137317762
5.541068881118881
9.300758828035235
7.459678744209985
6.998576688453159
6.449253708973629
4.89020701754386
5.528651039570757
7.53304299237866
6.990789861578751
6.675851438791733
6.968620512820513
6.30233044178555
7.198337375820056
5.528948758128132
5.566418614718614
8.532855555555555
6.689229744998646
7.1064547826086955
8.081532109900785
5.703245766364371
6.313067152009319
5.951463185141698
5.979091978072179
5.7022383088869715
6.615768823931958
6.4012142857142855
7.382035898237931
7.329118938103351
4.950148370497427
6.224188797184125
7.150375824175825
7.294750744304631
5.413580172711572
6.2051865066559095
7.989099393571862
6.961128497023809
7.913844677927283
6.723347525091631
7.326620496095544
7.99046040461068
5.674746936274509
6.0284495968862934
7.521689357508869
6.928607351891506
7.2706022519509474
6.902903165026458
6.135346153846154
6.904866915216791
6.965519976498237
6.098835461538462
7.735379142059144
7.234967589098533
6.4636623958131425
6.208716988667026
16.271576458752513
7.240572344094262
8.146616526610645
7.703602818920211
8.622868396446938
7.971914012090857
7.728547725790191
7.676517712027561
7.0598947985277025
8.042068787515007
7.313119252873563
7.10538036010424
7.111937806482221
6.533189267023194
6.385231998277347
7.334359813771135
8.337397646784716
7.210858874458874
6.257469683959451
5.693856795003172
7.588414908217533
6.5264759349593495
8.088962075483586
6.7841716006884685
7.793697730496453
6.626245752883845
7.545547690811862
6.962943381625648
5.796497807017544
6.542052740070387
7.149794770057067
7.6529390081348625
6.470097012743509
7.343835509109199
7.480411280846064
8.843211133526667
5.937152941176471
6.735239132119333
7.035131337472377
8.423667832167832
7.660369565217391
5.739738493339458
6.194696656333624
6.141150134770889
4.79078229317852
6.691051148963522
5.986271697692921
5.82287525083612
8.262911936224896
5.39466667156071
7.580555128205129
7.393388888888889
7.924810401310402
6.524970318003165
6.765498611111111
7.859388559215489
6.284141716171617
6.224083583815029
6.340481592268753
5.866623606044815
6.412282439487424
7.495637070063694
7.586455991674101
8.307509283366207
6.3865384615384615
5.743794917967187
7.040706262491673
6.670245993726832
8.392413196300733
5.863570391061453
7.490688233110617
7.3466951297832495
7.413358939515055
7.322176808654497
6.678025063525064
5.466976298230345
7.498771723048193
6.458160802661676
7.885667287784679
6.052375863284002
5.43781432029044
5.724039393939394
5.6542059829059825
5.392050358756311
7.102332080200501
5.5297793486455245
6.127793605972087
6.164377750736518
5.312152682338758
8.11419441997063
17.816182831237207
7.137847340247575
5.662987962783485
5.67836839514114
7.980066257381198
7.586185191711463
6.347698651635721
6.165342393651406
5.529996116401742
6.285007245767169
5.79029702874783
7.278885531603946
6.9018036816761015
6.4949632743490975
6.200100773908236
6.861412178574204
8.884998226950355
6.664343673965936
6.098666421101437
7.017194914425428
8.170544513243895
6.848753497942386
8.971069402228977
5.793564664970313
7.084134714714715
6.094921599865839
7.146795017559263
6.858108962164447
8.648696618911174
5.742198872180451
6.1895838224228745
6.782558399062866
7.177131074744874
8.125786509235446
8.315984942937783
7.029466576819408
6.5754471264367815
7.840280377732192
6.9302002756267225
5.874762494437027
8.1803535218509
6.8521209219352075
6.542609972706277
6.028145614035088
8.018525810635538
8.248958375648154
6.475939450204967
9.23986008921543
6.817419865319866
6.0122212445308705
7.133715179968701
7.760654515000372
7.010793555697755
7.393967345941796
6.544540329896907
6.298153148112418
6.334107918552036
7.261891760548492
6.897365310920419
7.421605803494419
7.439505303593556
6.993724514540116
7.041428746867169
7.875787340211537
6.894453601953602
7.89749773849339
7.668720244328098
7.588875128205128
5.566062297003181
7.594067088607595
8.618849322538557
9.02895019607843
8.613202469435674
7.49598917932415
7.674823615379791
7.073910756931795
6.714448055077453
7.254142626019522
6.992781886125833
6.783242484627121
6.579781159420289
6.8942601626016256
7.605851379788159
7.8274360403253604
6.227958782759368
7.66982719200888
6.850779663865547
8.726999460414628
7.354537831021438
8.236157638136511
6.578052643775015
6.613999491094147
6.894496181920269
7.720768614330014
6.766639174767182
8.639485567615136
6.044477401129944
8.116795429208473
6.667694209906392
7.20143665574858
6.260465530208961
6.677824815724816
6.034843835375506
7.775661989840051
6.42619202226345
7.52165377446412
7.297797926857676
7.353803372794282
7.899917418748322
7.9231034115695085
6.613595238095238
6.511573748473749
7.5236669085631345
7.723186659819696
6.954085197541703
7.815229967756794
5.8434166462167685
8.428274891774892
6.481524098052782
7.107107398136559
7.20667527790129
7.46054853990915
6.851458240367118
6.264394891067538
6.3026
8.435711865942029
6.73317460815047
5.5855312642869706
8.035667386518245
7.3070113333333335
6.521546193548387
8.656739106575527
7.724464271844661
8.342211078140455
6.538295897435897
6.1474093691676
7.599547146401985
6.224307289243381
7.828588842105263
7.141555434911173
5.6812584345479085
6.31804381270903
7.144393078457123
6.631920212765957
7.230631837307153
7.702198085037326
6.526632625994695
8.814963823709448
8.364838508371385
7.1361699061032855
7.539079006410256
7.668460717986983
8.77135373517902
8.18343043478261
8.593867245215844
7.851026262626263
7.082653311553312
8.136117839080459
7.499776334776335
8.34139210088337
7.287965764281338
6.600756257840394
7.658414134095317
8.469493713966898
8.89048561306431
7.4139083341855
6.2166616631130065
8.106157875457875
10.577740159757608
8.13945342635659
7.490824932975872
7.230063679346658
9.619406479313037
7.0039511478420575
7.384956349206349
8.647033343984663
9.13340228676531
5.679736230110159
6.990735154707044
6.450236920283875
6.676293481989708
6.099633150105708
8.380723047290116
7.2421423872180455
8.151275811235557
6.433106367924529
6.6429118150937825
6.790810532544379
5.642337640355287
6.429562721893491
6.447005312016503
6.110103875590295
6.017669724833596
5.232082949002217
7.1174943034295675
6.45464673046252
5.895955331182891
6.094975707762558
6.186977460594175
6.790312794612795
7.421646973180077
6.135714545454546
7.841925974025974
7.666464671978302
7.940489371980677
4.966247115384616
8.499294642049055
6.085634310850439
9.52548291916451
19.70977111111111
8.468118403237252
9.396359101654847
6.095338020908609
8.582498968008256
9.625240163841164
7.564329385113268
7.934730321718574
7.271160739752569
9.259247672602314
7.139514143426295
8.451204756756756
7.9475625
8.330809107021132
8.085404983388704
7.76948986195972
8.724942739801353
7.653651417004048
8.311873103067278
8.37555
8.810713825944172
6.691422388059702
9.025770899470901
8.246210526315789
7.129384677802325
7.1999465273856575
7.153214285714286
9.46776862026862
7.9682836894233
8.29272920892495
7.168956448564486
6.927970313201422
8.358703105451426
5.900528736105393
8.481952397429561
7.0100932453571865
6.002896575645757
7.686171643812426
8.303370869398698
8.1740288722118
6.905977136215714
6.569577113752121
8.18670854746372
6.839446273165279
5.183508273180811
6.894388344277674
6.790941830712724
6.317548401826484
8.04556648020278
7.423829014844804
7.929389724747789
7.3233631021971375
7.300025273880454
6.640859256505577
8.433295953503567
9.56681086015434
7.320060633206529
7.9389681060606065
7.4308704770131495
6.5495383928571425
6.013338806756918
8.968880315096357
7.113375746259893
6.979541558441559
7.0343978911926275
11.113275550375551
6.412683206580786
7.327280141843971
7.946388034188034
7.16678956824886
8.348232142857142
6.7335927662895045
6.801747318341572
5.109035384615384
7.692662997658079
5.172650205198359
6.85204000023379
9.849510806174957
7.445424080021832
9.128367104448381
5.559693313069909
5.73388714978715
8.615100311850313
6.311874207650273
8.34829882092852
8.602667923480407
11.474295978287689
8.72841179397132
7.224043219076006
10.263874236954006
7.886928163857366
6.938635591303255
7.093865758025463
8.839380305722795
6.112073534592723
6.923576923076924
6.648940863937387
6.270884439359268
5.892053605879651
6.574427033274956
6.154324164669392
7.799006618349793
6.551255555555556
8.509902707749767
6.327810099056327
7.802878372105291
7.363846019198194
8.497485818974054
19.093884708685295
19.425493932016106
18.893797506465624
18.84314862216779
6.95688753382233
7.413228888888889
6.61447785760339
6.741723200230119
7.284816829109811
6.742883922692094
10.594113638354504
8.014145682451254
6.803088408077629
6.162167177033493
7.034908712439147
8.065106430118275
7.17648170995671
6.140097402597402
6.9610357025508005
8.228070621803898
7.00285051246033
6.498390429234339
18.274405550436164
6.353657908602695
7.016655385408814
6.277591296869625
7.648711779448622
6.340350154798761
5.338356202804746
6.431903286384976
7.537825434718538
6.239371280767232
12.932939520432443
5.837886619519095
7.523311685596429
7.818669823123383
7.1929181818181815
6.957112288010498
6.999504252321486
6.634108521763708
6.188522459893048
6.225444444444444
7.35610219498811
8.13946540424389
8.223742482547252
0.5928224251648909
5.070822429261559
7.126383776620052
6.230558823529412
6.206783743399618
6.9738040404040404
5.981303919448574
6.986304753724584
6.6254917202797206
5.832700629990477
6.818924778761062
5.190583840783129
5.4982806291728625
7.765987160607455
5.7952025380710666
5.254497861185375
6.871859663865546
6.076338555716953
5.394981075282388
6.348599962628465
6.498795899913292
6.445899932060602
6.194127329192547
7.033702093663912
5.912414907872696
6.378120175173663
6.57901918367347
7.462653320904218
6.936197260715437
5.3695707321460695
8.595949285081003
8.679010464827243
6.4800225083986565
8.53381458171458
7.983629860821735
8.114482684638842
5.813861904761905
8.916170688470523
7.453753351028533
6.823781164097392
7.386408579465542
8.191733811802234
7.896445651705003
6.178686535303776
6.148999612645258
5.707882887700535
6.903677387978142
6.990876325229175
6.1319541274817135
6.216250915750916
7.4306220064724915
8.179013482918942
6.453737093829865
6.673764032192148
7.919790969899666
7.6053417535342
6.5251773987206825
7.232077624309392
5.894701765447667
6.651996524475993
9.99570045351474
6.138271459814106
4.731880702606443
5.272167085953878
5.940083019361591
5.881837866405144
8.16579651179621
5.800448464868465
7.9086428571428575
6.899391112040133
6.935438171058194
6.114185582280202
6.813087409700723
6.882305256897279
6.617822252374491
9.669901649374834
7.325521370490834
8.065020407249943
6.905887354574405
7.137512356979405
7.73062951273059
6.851368234007655
6.603559885151764
7.358736163522012
7.971639712918661
8.075065521003818
7.400811457174639
5.399111717974181
7.189879137054234
6.702214427860697
8.265470588235294
7.8051984745212595
0.911424269005848
9.961754700956938
7.667745548654244
9.876958313067348
6.302775583606424
7.657329829113777
6.395787878787878
7.2477483091787445
8.828258783783784
6.550581380530973
6.908823983474669
7.762328207597646
6.309892156862745
7.351996336996337
6.8536052083333345
7.3469681071737245
6.6148003464863585
6.288879665699682
9.412704444444444
5.233840036660556
6.163191289796618
5.60600726052471
5.806378891257996
6.908433588761175
6.776174509803922
5.744255933423302
5.29901226578073
6.4304396745932415
6.202876267748478
6.817892219679634
6.353558548396622
5.245840161057195
7.593847170224412
9.14218697571744
5.634260502283105
6.3883054419158
5.535412659846547
5.6335510776211315
5.276539222941721
6.087944101605112
7.125836003784892
6.9286444015444015
6.911707142857143
6.3619589569161
6.756527413950655
4.965658512931034
6.624566170875129
6.136065250475586
6.806613711702662
7.411613842333955
8.335172406492589
7.704643235382609
8.015559548706658
5.973503671970624
11.331901166184636
8.295501843317972
19.103900865800867
9.782399853791599
12.025658694169987
6.753399126540657
7.404866567871962
7.502786461251167
7.12496675396479
7.250641364716795
6.08201917383821
5.657254658385093
6.65193118367347
5.755639368489057
7.443840090968161
7.360215460526316
6.058089548098434
6.239655813953489
6.651741942000651
6.328232890365449
6.372089144189144
7.000274749687108
6.525584501061571
6.433840731375684
5.6042946365248225
6.362222192078134
6.261341268587972
6.2935596021827145
5.891003227571115
6.9744751601225285
6.196730330801581
7.103959070779271
6.2406874097007226
6.846572310801706
6.910069105691057
6.280027256069629
6.564109050917487
6.476228115682767
6.4133588738417675
6.811829821882952
7.527593820601076
7.579937614788313
6.767030002095119
6.221824894380231
6.919271672365856
8.207022724532852
6.98563554322825
6.714658903435983
7.5377528609803885
6.165206349206349
7.354239963833635
9.3013955357441
5.499792307692307
7.318404692133264
7.451301658931569
7.789116106442577
7.0078721691750205
8.29150470154913
7.121551923703732
7.611230364372469
6.695034728791386
6.742522590144624
6.391277401129944
8.408977237028246
8.794971245807975
9.236076661951909
6.8433691591891
7.251538095238095
6.649262339639051
5.870802647527911
5.366377037037037
6.113687711213517
5.644715455497382
6.406643369175627
6.708274484362109
6.830422468142187
6.345644927536233
5.9465441643323995
5.842606307821699
7.135186518869005
6.603224590163935
6.766627104277548
6.714195764343473
6.73195561721544
6.522890989332323
5.3839914755596165
7.657359731934732
8.115883066361556
7.8224025489856075
7.54451365694165
5.768524415584416
6.414678811202613
6.584603335143943
7.930720921576178
7.699620368428252
7.507678954378955
7.848645465611686
7.23351052631579
7.362556456456456
6.4154495566502465
6.760970283687943
6.030667802533857
7.0677607364713415
6.70387907441174
9.020300728597451
5.29148507342045
7.410533033401499
6.570528581453635
6.9279889658202265
6.177207796610169
7.418744063708694
6.517040659340659
6.499861218324188
8.433289743589743
8.248167567567567
8.292208545587162
8.551509227988003
8.552414423242222
5.95736683046683
7.798885835948005
7.026499713898138
7.7542692753623195
9.16609634502924
7.494793877551021
6.752186737765746
7.974956209532563
7.461634849908511
7.669244568105119
7.565580797101449
7.777228362509905
9.43933844241922
7.92889420289855
6.77467976520248
6.865625824828392
7.1815303030303035
8.035088775510204
7.363225925925926
8.043324908110758
5.536171801761457
5.848325447016752
6.525612296747967
7.203527624276599
7.3316794546607476
7.749493852683461
16.550984327213897
6.423519417203698
6.99426404040404
5.751046835443038
5.878651976083707
5.5554292922003725
8.082620496794872
6.7430257452574525
5.982698809523809
8.0427407329454
6.209953432687531
6.811285513078471
7.246591774891775
7.415410848549946
5.597766172839506
5.83100977443609
6.734071965317919
7.964482848134524
7.774647989024961
6.792363425925926
6.177601095461659
6.352244043232622
6.515495945719551
4.999610151402333
6.499725912408759
7.922447058823529
5.929205936945544
6.044991664731832
5.936674198717949
6.4293345092867344
6.007847626157062
7.955329667738479
6.722953779627498
7.577063848396501
7.59852097902098
6.452354193548387
7.825348737705945
6.850900073300348
8.272733246073297
6.078008613445379
6.30047873272666
7.528277838577291
6.846898677621664
5.619485714285714
6.184295203336809
6.0546012337732
5.335910182275299
6.668457768203049
6.943521993372906
10.040964104967198
6.584391343490305
5.200469014084507
6.26552760842627
5.836982716049382
7.369238596491228
6.328014363143631
7.664036272727272
7.451210255117475
7.756692640692641
5.963969164715067
6.818649695245835
7.673082667459588
5.241252411828274
7.53146523541605
7.4751574243767855
7.17950955044955
7.923624597806565
6.86403101986755
5.914028521997034
5.272007878787879
10.208523928944619
6.208160410557185
6.017374241354975
6.012954106280193
5.473264754098361
5.88603023255814
6.278798586149054
9.345911503767855
7.3686300659363475
7.56274429383036
6.428491898577613
6.761497044334976
5.80747401251117
7.556500162535555
