13.38054988255392
9.712753207257858
10.392064892623717
8.936713606557376
13.085789626556016
18.113203296703297
42.49525977961432
7.8512094527363185
16.94319657794677
11.482643250688705
22.103011424100153
7.779571428571428
10.472172413793103
8.497873510932395
12.99501917888563
13.17130406504065
11.501000341555978
9.426442283737025
8.448400699300699
8.7755518275154
13.80871868263473
23.82227415730337
15.428044035346096
17.232988135593217
9.409439097744361
10.647133824276283
10.504709112709833
42.009197581792314
12.384755172413792
12.895257157784744
14.25615306122449
12.269659420289855
12.19884691075515
14.205484126984127
7.910372753747323
11.776928571428572
19.45810658436214
16.55784778761062
21.693388050314468
11.339545931863727
11.418393217893218
7.577924901185771
9.624374477696216
9.190279131759329
13.387568965517241
14.146633333333334
8.854580200501253
18.533785009487666
8.94519346491228
12.13667962962963
17.143572289156626
42.019458730158725
17.69619707776127
10.55838970118944
18.410513307240706
8.261424163431318
9.18313794331733
15.830981012658228
12.946692261904763
21.516214285714284
13.56680173973556
7.772295795184808
8.582073684210528
8.308430780780782
7.114633898454747
11.030363636363635
11.058809139579349
10.192450769230769
11.180016395913583
30.80999732620321
11.560135928143712
8.00951560165975
10.549120921409214
22.515103296703295
6.994183736447039
16.32255811965812
8.195108045977012
26.624796183206108
11.429796672760512
21.119104081632656
21.033233095521204
9.853166666666667
37.88759869281046
15.3375194092827
20.093864861379757
29.314966247379452
33.87687137745975
36.38892696629213
20.2624794117647
20.547010032362458
16.799607139188495
11.816024152249135
12.332741923306179
13.851238403041826
18.7557552238806
29.892904089979552
18.549064601769913
10.213391228070176
20.673524598930477
15.416440909090909
9.228104545454546
8.74580064639042
14.328165168539325
34.17224014084507
16.76763146067416
11.582463075096467
10.65518950276243
12.360558914728681
16.0413736318408
26.228756565656568
8.585784193284193
11.38320428211587
8.520025096525096
18.614363883089773
14.195613475177305
17.84822972972973
8.696722222222222
7.264398213701498
10.576780284191829
11.454466233766233
14.6723213592233
12.051980365296805
14.314379710144927
13.01776573556797
18.08880107526882
8.115008474576271
8.751412328767124
7.3951900456621
10.906289071038252
23.642064345403902
26.08557630922693
17.28781111111111
7.292934499102334
11.85434347826087
13.246188888888888
23.471538383838386
9.307826050420168
21.021749765258214
9.8829
40.87851136023916
18.969654563894522
7.168119619706136
18.38556334716459
17.743966666666665
18.986326562499997
9.180240411851594
11.924991338582677
7.8954687979539635
8.995207913669066
15.491659390862944
9.042447899159663
18.498035632183907
20.025892027729633
12.600768975468975
12.20617767584098
19.703179365079365
24.313542253521128
16.9861147275405
18.696837313432837
14.367358100558658
31.879402362204722
15.617048672566371
11.689511464968152
14.1899
43.83777415426251
9.503696108018966
10.782493181818182
17.13561464174455
17.857451412429377
9.562634148471616
14.8855609929078
11.611560162601625
14.966484049079755
27.701696984924624
11.943049155206287
10.810519047619048
7.332483933054393
24.134534268833086
12.725898373983739
19.426910368893317
10.87650454613429
7.808472946648426
11.516749653259362
12.93498787878788
9.926314216701172
10.782091836734693
9.126808823529412
7.826731018131102
11.000744285840163
9.794363157894736
8.574714285714286
10.153224556489263
29.056395833333333
10.813210470409711
27.250547619047623
11.397041365461847
11.497556565656566
9.440543478260869
12.12744131736527
11.320667248062016
8.257871751412429
15.333278048780487
11.089395948827292
9.544438261997406
8.835941441441442
6.646461290322581
14.542281300309597
10.121698198198198
8.748641014492753
8.943412280701754
10.833661869158878
9.56028701986755
11.891208333333333
10.001819565217392
8.732860936238902
12.1538326953748
7.604135467980296
11.417809090909092
17.57625824400204
11.222681578032674
10.066394462540716
22.153072809667677
15.236403780068729
8.4063549588776
11.375204580152673
11.367163884892086
8.44747939639184
9.789222779156328
13.634277777777777
9.413589430894309
11.455091530944625
21.997424691358027
49.75299177288528
16.529554545454545
25.93698734491315
15.402127906976744
11.043261716171617
9.399258611111112
18.951986259541982
13.167681066302118
8.329958577243652
8.336307783417936
11.151518181818183
15.6315
11.611779703384762
10.161918395303328
13.350673214285715
14.071654430379747
11.98702561983471
10.272718068535827
9.122415012106538
9.545951082251083
21.401939747634067
10.902318639368735
15.84040909090909
10.840666099610576
10.036766013071896
14.723714457831324
10.57276835443038
13.709137187288707
7.187247826086956
15.360416577540107
13.9576519391635
22.489908450704228
22.083075147928994
18.0362593625498
9.652496305625526
18.061754054054052
13.653536431226765
10.848981081081082
10.265811615154536
14.02494234548336
10.54082066759388
13.271944507307873
8.514554803387782
11.639217482517482
24.769431195335272
8.422598956294847
8.957610158730159
21.168179120879117
11.323541924398626
25.832208609271525
22.824793416927896
11.448498911564625
14.788942857142857
19.580605970149254
27.520971844660195
9.880722222222222
12.682781647940075
15.733245355191256
10.187483498349835
16.60957735849057
14.410638461538461
7.177188776371308
7.317529636591479
9.896757257318953
9.750683818770227
9.51248410008071
16.6112
15.77120238095238
12.997298275862068
9.04981304347826
10.739054312354313
11.692824435946463
9.311317057569296
15.412800383141763
13.605362068965517
10.74899445192164
8.072731884057971
12.298053246753247
12.273149676823637
23.653374999999997
25.601232453825858
27.891838702460852
10.541838461538461
15.684505013927577
16.626124096385542
15.578659139784946
9.776505614035088
9.083212183908046
9.205239086294416
16.738846798029556
25.198371844660194
15.319003703703704
12.656996551724138
13.044196153846153
11.776104471544715
14.8197
13.075458333333334
8.500166666666665
7.936713745704467
13.562721875
17.383417223650383
13.739582649842271
9.071124829210836
7.564778761585486
10.405686363636363
18.709104222648755
12.909528571428572
27.89048691588785
9.188395960311835
10.816104928909953
22.97946453900709
11.603821622113111
15.071097402597402
18.191733712121213
10.354996198054819
42.98755040214477
19.76288287937743
30.96915379876797
10.4266304964539
42.38012157676348
14.194604038772212
17.386055855855854
9.404182059800664
27.078898076923075
7.4544380639310805
11.97472433862434
10.203222784810126
11.621844080604534
21.222718720880984
9.555446448087432
7.647784709480122
13.774173394495413
14.064996060606061
8.38785
8.446238461538462
10.306662464985994
21.20774892966361
8.724119314641744
18.358164419475656
10.285465571205007
12.029786917960088
7.9256100069013105
14.633516326530613
11.237424669073405
27.92895811965812
9.464508815426997
7.697008710801393
6.4173937081659975
8.68608961038961
7.751904081632653
8.570735540069686
14.328165168539325
7.250654707379135
11.198269529983792
17.79288181818182
12.48591414141414
6.633118823529411
9.392966666666666
21.64373396226415
8.105922535211267
17.452430434782606
13.13001676300578
10.4710004048583
8.197136923860453
15.12214774535809
9.747776811594203
11.69698064516129
13.013208045977011
12.008073515248794
19.203264396973744
9.383623621553884
9.234311735330836
10.566612765957448
12.561194645669291
14.519034995843723
14.438409314586995
11.245280882800609
11.404861970415052
25.99098322824716
15.617826858877086
14.023858845861808
8.892346956521738
8.303002403343783
12.302822582861067
8.13872159090909
19.5430059972106
10.057695604395605
13.212903980738362
41.5005133148405
9.974827272727273
9.339531355932204
9.44521961722488
14.343012045779686
32.59328964143426
7.814204342790967
12.341281196581196
11.000824750593825
8.255825589836661
26.878846478873236
22.261805263157896
12.749104043253409
12.685919703930576
9.442304215224398
11.803818819188193
8.593281812318606
11.628677040816326
19.491049304620905
11.545262851919562
9.955772053872053
10.214753739364085
8.594003019844694
27.080987943262407
34.25257944250871
10.150866990291263
9.094819003115266
11.564346659364732
8.588617481108312
23.694960056657223
35.46972033898305
28.19755030084236
11.323417495987158
20.623618644067797
13.315337392686805
18.783163837312113
10.351849357798166
39.48850057803468
12.035815989159891
15.30582738853503
14.227953194911537
17.60745863342567
12.399861821631879
13.537385779467682
8.068318181818182
10.106355509385299
17.39681661506708
13.887244274252371
25.31831761658031
28.853170535714284
7.791528571428572
9.751428343079922
9.170025786163523
9.838308834951457
35.7764553030303
27.0460309352518
19.43225459662289
13.421022247882988
37.47189626168224
9.219210759265923
21.58733260188088
33.63090256410256
14.854080414312618
46.45910147783251
29.397801079913606
22.76229710144927
20.65692222222222
12.841760869565217
28.012337209302324
8.420027923627686
13.08294705882353
9.07975684754522
15.77845945945946
30.15314518828452
9.132013099041533
13.613352904378909
9.160493569912042
19.82014817518248
13.278582170542636
37.837635925349915
8.269453846153846
21.19518656716418
25.15289213483146
30.42178571428571
8.307356714697406
10.009591417165668
28.671223076923077
12.22719104477612
9.376298291925465
14.558250802139037
14.412990476190474
15.920885340314134
29.40454347826087
20.271140255591057
9.180107228915663
15.441767146282974
12.846891769547325
12.645202131287297
13.304555813953488
27.1620179245283
22.023470731707313
19.600815789473685
12.523916666666667
8.486744051825678
31.34115328185328
15.704951612903225
15.656756410256408
23.872930026809648
9.701910279329608
29.04367904328018
13.791627345309381
15.915605472636814
10.57192671957672
7.1222353623188415
9.51884954954955
7.647487234042553
13.774840880503145
19.843346376811596
24.91757966573816
27.59762233009709
12.303462081784387
10.555136257309941
9.569369250645995
28.89996384778013
13.022648148148148
21.411491304347827
8.858524603481625
27.09117188940092
31.78801713747646
15.715934271099744
14.136537370242214
18.77641216361679
8.792368099547511
12.690011111111112
11.867716513761467
16.522914159292036
9.72193145539906
9.37694393939394
22.507011572700293
11.537369565217391
35.33677844522968
14.395216566063043
12.570835627530363
39.15671017964071
17.170442191142193
13.728346153846154
26.30361544715447
32.38879497206704
7.797995652173913
11.327366666666666
32.48398170055453
7.457157153231663
16.161872508591067
21.191490291262134
23.963345325779038
28.682570491803276
12.034648971193416
7.643166666666667
16.72065
13.917928480509149
18.04466072234763
20.01558
10.688757894736842
20.030491608391607
11.508540771349862
7.111932250553034
10.355864705882354
10.373891238428458
10.972175
29.900319730941703
27.12755437788018
46.2265
9.817554954954955
14.913955421686746
15.173741441441441
28.548601492537315
26.634500000000003
7.677730769230769
7.799192307692308
36.29228639455782
13.740382352941177
7.738462949852507
21.529843143812705
9.606000507614214
9.418759962756052
14.25075925925926
15.263884485981308
17.517153658536586
15.145891850367402
25.35171170212766
19.176737956847205
10.570761904031887
25.72516596858639
10.538184353741498
12.487778954607977
16.20666560509554
20.28271254612546
10.328741531664212
8.411436126526082
9.905598757357751
8.049147071823203
15.827331088082902
10.643807106963388
13.485669811320756
20.69193445945946
9.038551811594203
7.476792307692308
7.1128744047619055
10.824744722222222
9.828131817693219
9.216378350515463
16.013175675675676
8.53864645941278
9.250624590163934
8.971219705340701
9.416048387096774
11.407313055109684
23.87652112211221
11.583327397260273
10.017466172106825
14.871148101265822
8.528832142857143
12.236086486486485
34.80672544169611
13.337140257908525
7.955995890410959
28.137167579908677
13.292813178294573
16.181023976608188
15.199316867469879
12.373514883720931
24.16846988636364
28.014765906499427
8.776182092555333
9.452736968251976
12.252132354124749
9.89736855345912
11.6782684981685
11.43024947683109
9.032655746421268
14.638037414965986
10.14160330788804
20.27143109965636
16.03820731707317
31.20178327137546
10.859498518518517
12.157441284403669
8.865075555555556
11.965788471849866
7.903430804982339
13.803908934707904
28.559762882096067
10.648516783216783
20.319379573712254
36.60903134328358
10.724594117647058
24.425211845730026
9.378451282051282
8.725202564102563
11.390044430217669
6.45678923076923
14.98067474969475
44.451719178082186
10.160889658575094
21.87478388520971
8.435253930280247
12.453877192982457
9.788729159347554
9.682045355191256
18.20006862745098
15.970396378830083
10.9579934169279
35.11908892733564
7.350698493408663
13.812698757763975
10.519785115303982
15.498053375977257
14.80699475638051
13.303788101265823
12.178914793281653
22.55001635750422
24.996197994269338
21.662069679300288
9.61016378066378
18.375726103646834
28.44189644970414
23.500342857142854
9.273144632186277
14.348842028985507
24.8141967032967
10.323341488051245
10.584947619047618
12.337600677200903
19.495977680140598
34.52253120567376
11.650810588235295
10.08098120063191
10.595465624153071
8.240294277220364
28.614400000000003
8.63248865248227
11.431029012345679
15.647344980544746
9.805319937075675
11.062483114992721
52.627522222222225
13.182446531302876
16.634074973711883
11.40942087912088
9.14686644295302
16.754225980392157
9.758445977859779
38.44911068249258
17.812815695067265
13.969778431372548
13.646786821705428
12.943217000925639
21.27961932773109
13.903862937062936
18.44297255185721
16.098535302698764
16.312040229885056
14.842655789473683
8.814946422338569
23.013518493150684
26.72584120667522
23.598081058495822
8.38977947454844
12.866404301075269
8.553778381795196
14.232039803707742
17.765174706867672
12.535396219931272
10.469655344418051
34.142544599303136
13.634604158415842
15.842446978557506
18.27413061480552
25.902194117647056
25.225646949602123
7.886221535212293
10.47078743718593
27.23752696629213
21.993893959731544
13.878301585204756
10.180908888888888
9.942492430858806
10.920476923076922
27.6818488372093
11.056138128596448
14.582745614035087
15.206148814504882
12.320232075471699
14.543645370370369
18.223796907216496
10.23320272373541
18.36949420289855
34.96525
11.395215503875969
9.14197587020649
22.324874144486692
8.609511880797317
25.28595393258427
20.146135344827584
10.014987214854111
12.111487353629975
9.104095828280379
14.700129035339064
10.974979853479855
10.78989510703364
9.968730015797789
9.922058518518519
22.9777141509434
18.512687068965516
11.440327624309392
11.794518604651163
10.854378086924894
8.972412737618
12.149274656488549
13.278091902834008
8.804196436163561
13.915531231973631
18.88283762183236
33.52902727272727
10.493903628117915
7.996686165413534
9.139591722000885
20.554807535121327
9.477816203500407
9.984086358635864
7.523333333333333
11.369167433628318
12.743703717472119
9.339004837245493
11.802657942057943
17.371643209876545
8.54801918699187
18.697757364341086
7.829362986425339
8.149520781032077
15.420018763796909
8.538643599740091
9.880590398490398
15.336450259067357
25.634474663072773
10.128509014514897
15.865302631578947
10.000046107784431
19.354163551401868
18.36934403669725
10.807146177024482
8.246684590230942
10.805266568914956
9.066779910856415
12.74394490118577
12.972533872010343
8.700388577860428
30.93145833333333
8.966311142423585
14.158755223097113
35.27843546099291
12.28273870967742
9.434096443934614
11.90912
8.376605032702237
11.919240352250489
10.264419424460431
22.236229411764704
40.05894855491329
8.84308021978022
10.443615384615384
11.94948302583026
10.721483281733747
16.624073033707866
11.825511494252874
10.282253424657535
8.553243143812708
8.688890884129599
17.064932128514055
21.941654948805457
7.15113894389439
7.705744599303136
12.340301190476191
22.60706879432624
23.960108556149734
10.716788975069251
9.963595989974937
12.220166666666666
16.83454761904762
13.964313043478262
17.479906818181817
9.116052226720647
28.1927574610245
12.972655700141443
9.957547342995168
7.753311033864096
25.6085600536193
29.970127522935776
15.59283148148148
10.259070093457943
24.30430558659218
9.56209331103679
7.976533542054494
10.918072384937238
13.964597297297297
23.83073076923077
11.904162868068832
16.46445140186916
21.7744
22.18406414565826
21.332383333333333
12.46524609929078
11.517071428571429
9.36620467050544
11.482862753036438
29.88642098765432
10.239583333333332
10.125349523809524
12.789616062176165
9.784882352941176
18.43771862745098
30.5911748091603
14.913744880785412
18.72446296296296
8.492182157676348
8.57278176100629
10.545866806990688
8.264691941391941
11.042225110132158
23.068289830508476
23.063963440860213
9.99126043956044
8.945474454828659
8.567394444444444
25.89462048192771
8.494814841849148
7.033175202969149
17.205431313131314
10.014796797153025
10.47256511627907
8.921292792792793
19.81752407343975
30.252245606694558
23.641782872928175
8.30343387096774
8.561118546365915
23.54587027027027
8.697120583717357
11.95368020260492
8.429629559748427
8.036390909090908
8.869968766699479
12.42417843137255
13.03986036036036
15.504833333333332
27.983201010101013
10.213942969432313
7.091682438192668
19.204536090225567
12.440188905380333
14.422343526170799
13.088688003037205
10.759354057315234
25.3945
9.20584814814815
11.944516494845361
13.93023831775701
7.656291985496589
19.482131832651206
19.731150103519667
11.677262139917696
10.785609231346083
8.908504562178074
14.091403703703703
17.264604188181295
15.21652288557214
8.724414018111254
17.01701245241979
9.642186118546846
22.768280830670925
13.9029200249066
13.108528246013668
8.862107843137256
19.1953276816609
19.24667298850575
16.397566890756302
7.680261514195584
11.297225594025797
11.972411663326653
20.36175034965035
9.766061528597076
25.073586956521737
11.1700032427695
9.412140018613307
12.571395940959409
11.821529960639037
34.218816831683164
34.34625438596491
15.463012012728719
11.48896429780034
12.482909917355371
7.76990162601626
17.08581371571072
12.384755172413792
8.775071354166666
8.748250915750916
9.316870688378978
15.601576777251184
12.340659564428313
9.496032084592146
33.77003525179856
12.422314173228346
13.56785632183908
15.420694397759103
13.661654655870445
16.031494976238967
10.860804761904763
10.506132807570978
25.447788888888887
12.95283712374582
12.372201960784313
21.441348979591837
9.903680286532952
8.918806761565836
9.931390056161217
18.575598039215684
14.241901169590642
9.826832394366196
18.45007832512315
28.342561883408074
6.87116448156319
14.422086206896553
8.633014459665144
10.906733554083885
22.984483908045974
11.564978106508876
13.6261
10.581809589041095
10.716526980128744
10.151295590551182
21.9192214953271
18.2461703125
19.786136231884058
14.190933519553072
7.921451596638655
13.639671709233792
15.2239375
15.582620903954803
13.197518181818182
10.991379279279279
8.626261259842519
10.086493607305936
13.177525581395349
7.456055119558553
17.657520408163265
12.027884615384615
8.9520837535014
10.654315384615384
11.830537445148707
12.554796296296296
12.56457214611872
8.723177358490567
7.2423707350901525
17.40777920792079
10.44723505253104
13.564976315789474
9.794183629191322
7.885736809815951
12.080685144927536
9.163218918918918
15.962816417910448
9.742241116948822
8.972562940785096
21.67318795180723
13.11817857142857
7.291251079136691
18.71131818181818
12.767118867924529
27.019982352941177
20.920118404907974
31.009087401574803
7.2995560606060605
9.604447619047619
22.40859268292683
16.88443484162896
19.867638129496406
29.133642494714586
19.703331075697214
22.395042857142855
20.944656521739127
19.95257407407407
17.183826748971192
13.272160759493671
30.043032251521296
8.549388050314466
15.090897969543148
8.126302039298992
10.20182688172043
21.179191373801913
21.29034200626959
11.77915641025641
23.020850617283948
10.238930211817168
15.064753521126761
7.800702298850575
13.661654655870445
13.704569613259668
18.07667894736842
24.30430558659218
15.25652210338681
8.373712121212122
16.27070253164557
7.749768174962293
7.3190771340115
10.077547201946473
14.499091907514451
17.381433333333334
9.761017460317461
11.033205817610064
25.643278147268404
13.05194826546003
18.007031274131272
7.960968376068376
12.14506961451247
14.506842268041238
16.42771379310345
8.499487944664033
7.1965155962593705
8.081695924605196
24.924561306532667
11.399920821917808
9.827276161616162
13.564901246105919
15.121409090909092
8.986470504319872
15.28951515151515
10.196024879614768
21.271905059021925
36.93299586776859
12.216730303030303
25.214974121405753
12.027563492063493
9.118522717343819
11.775163697478993
22.17628015267175
28.35371603773585
14.706708917197451
14.90243449387492
9.854253878627969
12.306410912778905
14.25012256097561
28.762832237673827
20.497206112469435
22.117446049046322
11.395086554621848
22.819615492957745
10.62981002710027
10.713543478260869
9.831348306595366
8.49347357400722
15.351392893401016
35.12557269681742
8.576320405616226
17.675723893805312
12.43497826887661
13.482765306122449
14.286333359683795
16.6829802259887
14.28976469273743
26.03033293172691
36.40644827586207
7.504204449648712
7.904542412451362
11.995988211382114
9.00359496855346
9.678027859599613
36.44923333333333
17.062009534368073
7.7522978390059425
15.419615768512756
11.813077777777778
16.344957416267945
11.057416298948828
9.780697284744551
16.977726222894603
9.505945317220544
10.608250183150183
24.278438219895285
11.777512345679012
17.22730163934426
7.563894312796208
15.19730251572327
10.589998587360594
42.303999999999995
19.13047800167926
38.501892
38.61031346153846
23.37916371191136
21.85010415224913
16.636916607354685
20.21078426395939
36.17611983471074
13.033349607535323
9.222512987012987
13.124656112376613
24.57066783216783
19.540935955056177
14.404889830508475
12.342858211382113
27.357614285714284
9.883419802677942
17.707525
46.183804171934256
14.643633858267716
23.608979658605975
35.56119048414023
11.809395172413792
38.92513192771084
18.844011320754717
16.488853191489362
14.752631835205992
31.463110526315788
29.790877966101696
8.970936412798558
10.444865995525728
9.48519696969697
13.821048251748252
10.761407407407408
28.96626486486486
13.14945
31.49974612159329
27.56818808290155
8.273108936170212
14.053646268656715
10.506153002070393
27.79253163265306
22.45803448275862
33.14403103448276
11.47129749573136
29.086167973856213
27.856731435079723
19.18130873786408
24.0042392971246
11.603166223698782
8.173157142857143
9.013727397260274
13.422480165289256
10.288184766839379
22.21707947214076
8.452426129032258
27.86040142180095
8.459489010989012
9.200510791685096
15.909852112676058
20.402284313725488
27.644109917355372
10.869550596658712
11.411718598559265
21.06507142857143
7.660489560029828
10.119554317673378
9.767291746031745
24.200928070175436
22.03991756373938
7.8948229781771495
10.525907106598986
9.467631829573936
8.929051515151516
15.276736440677967
7.405312559726962
23.77373287671233
8.542066737739873
15.774076470588234
15.33156419098143
15.698170588235294
20.191620253164555
20.122144444444444
16.5905
20.780822535211264
10.939324242424242
6.188087301587301
27.71998810572687
6.706787179487179
8.058463636363637
14.023868627450982
9.267672393538913
13.316003125
7.27583934557063
16.039545410628016
8.634585223367697
8.809419587628867
9.199242348008386
6.568463133640553
10.815045454545455
23.38278222811671
12.229843178170144
10.466888505747125
8.61206566113625
11.252868530020704
10.041541139934235
31.260111359026368
11.1151487394958
11.947545360824742
16.783929585798816
7.277357717157215
18.96173076923077
8.326283760683761
7.552554761904762
8.798791588785047
36.17394560260586
14.745198143236072
9.757588498789346
13.87874
10.536329166666667
18.109902794411177
10.71754900364861
22.624392771084338
25.101382795698925
22.342239103554867
13.526249353049907
12.801091531947653
17.80498
9.727106521739131
25.220358476658475
9.894236507936508
12.981802127659574
16.80514368932039
13.375176150081565
10.916107957693276
15.355885323383083
14.43874252873563
25.93686209987196
40.926424167872646
24.777112010443865
12.95389980861244
32.92702301587302
13.572549915682968
8.45392577996716
15.737688451443569
12.244378507992895
15.719328070175438
10.041325174825175
9.32454514106583
9.94656978021978
10.696869132947977
9.296757246501986
11.50351146953405
8.225219471947195
18.185331460674156
24.89108278145695
11.727029262086514
38.101042635658914
14.098315797317436
13.487141890790546
11.920487848101265
8.133428859060402
11.325661940905395
35.460518018018014
10.506082642998027
31.97941898238747
22.301908754208753
17.482160019550342
19.27548758029979
11.940176293020572
9.517381868131867
18.75089827586207
20.90104558823529
10.683357142857142
13.285472384341638
19.18956330060776
10.853188349514562
12.565559574468084
12.402492432432432
10.865478174603174
11.756322938018545
13.637331195840554
10.405705962521296
9.043308111762055
21.655189361702128
34.59410223463687
10.119992563429571
20.420846488294316
28.88683278008299
24.501224128312415
35.75853305785124
17.19227435897436
7.2277035210283636
15.353023671497583
14.793741050328228
31.15510606060606
31.488435483870965
8.644380672268909
32.31368582089552
23.50534375
18.595914481409
22.129581967213113
10.350306938159878
10.197928571428571
9.816152631578948
12.488396078431373
21.395167615658366
25.914662162162166
12.004720502376104
8.935592653969824
14.950064035087719
20.27736261808367
9.022151726384365
9.597795468820099
15.257882142857142
21.405836943907154
13.512529778672032
17.763709756097562
9.269199665831245
24.10505263157895
9.35022504708098
20.228232854578096
11.625522761487474
11.85100099009901
12.076867791592658
9.059060869565219
10.842419598482067
21.522884447900466
8.17925632183908
9.39291098901099
13.289687654320987
7.572714570966001
13.28574918032787
12.142025490196078
37.9518308056872
9.534487722772278
11.970346971569839
8.48390981744422
11.337948293963255
9.277383794466402
12.236662790697673
25.936621951219507
17.310855849889624
14.707801657458562
17.448458333333335
9.668464265129682
9.88828585635359
8.94902669683258
8.26680790378007
8.871637728937728
7.933462616678239
7.3784229654403575
13.227342384105961
18.139648148148147
9.913069696969696
11.605899752168526
8.759354699646643
14.543394285714285
19.00202337164751
12.120746099290779
12.528521917808218
7.180976811594203
19.227543598615917
9.705075438596491
7.615302675585284
14.791639240506328
21.27051981424148
8.011252380952381
8.68204077669903
14.351848837209301
8.040944422009087
10.796892528473803
22.77273929618768
7.068195238095239
9.663572197962154
15.75554502617801
11.314248917748918
24.138578106508874
13.75507380952381
27.25636053268765
20.40951694915254
8.576809509844994
17.981131906614785
8.795552868391452
17.022931578947368
12.297896078431371
18.62181590106007
11.775416182572615
8.09297865707434
8.62480714728106
7.7448294227623276
19.243166960352426
10.02201953010279
17.508723868312757
7.593252673093778
30.253853907815632
18.15218474576271
15.149777725118483
7.740461450571287
12.79309674267101
6.990703889369058
7.62482280419017
8.272135781041388
12.710817190635451
20.3966875
10.362987937336815
8.572780916030535
13.866066666666667
10.277977777777778
9.921632727272728
10.584911650485436
10.68164716981132
7.856494434021263
17.17421052631579
10.27910212314225
12.009449205175601
8.277485060565276
14.5474642228739
11.183310803127222
22.791161417322833
12.069606918238994
19.656211663479922
11.177379630484989
10.60135326259947
9.604103603603603
25.49968974358974
10.815261904761904
26.23547619047619
29.545955626326965
9.276547552447553
20.54139981378026
10.339659299781182
13.919222025316456
9.980293327154772
32.73904682539683
10.32205832004253
11.898760331825038
12.229684883260783
10.219184730195177
9.252119027111677
13.723991228070174
12.052273553719008
12.666676950354608
13.678496330275228
15.49249012345679
10.41381655629139
23.99968988764045
12.527335412474848
7.855147628361858
8.087045454545454
6.33818544973545
12.455193805309735
22.286536950146626
12.21638239499553
17.501055752212388
12.091804458598725
10.495487412587412
8.103886489479512
10.819499156118143
9.054825000000001
31.6602113243762
10.828419061583578
17.489179999999998
8.1578202259887
15.512522018348625
11.28794804503271
31.862434426229505
14.0296002765596
15.53741541984733
19.48201300813008
73.04510076863951
24.058623456790123
15.764887680079484
27.88557803030303
13.855959431988044
10.546255367231637
14.153707425343018
17.178004901960783
11.225022245496438
8.563772388831438
10.616323333333334
15.990879746835443
12.212958684210525
10.048730588235294
14.498707313195547
8.291367421027816
8.707153930131003
8.532839865489912
8.542885381985315
9.435553350626892
15.86213896563939
10.332627327167476
8.984608144796379
8.48938123822342
8.227097598499062
6.8296764217149315
8.230915213056642
12.390779420084867
6.89911023255814
10.276402799358738
12.79584375
10.471737817830705
14.387384834488069
11.739011801242237
12.404729802842732
8.663195238095238
14.469624269662921
11.394934299604984
12.128628826117156
9.747821681562396
10.788910173160172
9.581271605093935
28.316475471698112
10.677057380352645
9.07875699520118
7.691626597938145
24.06427142857143
9.78464583861428
9.510102675585284
9.117126876754504
12.17640569105691
19.567227710843373
7.334465501165501
16.76772495543672
8.667838817373102
9.718691320802968
17.00047816377171
13.26895034965035
40.502482890855454
23.068133802816902
9.915593731838937
10.655747282447283
10.570586021505376
17.380568874172184
12.484931042128602
8.806422268326418
17.848507142857144
9.407689780711092
11.883095238095239
8.416104776119404
12.906170103092782
9.912159711075441
17.005960055096416
17.18833011363636
33.50546400742115
9.083940636474908
15.227669841269842
20.588408860759493
11.904368393363011
10.466141753653444
27.38017142857143
30.907652106430156
8.220716117216117
26.82722609699769
13.94305
13.5081878976234
20.39370906148867
12.366133981191222
15.898683333333333
9.2610304964539
19.415322748815164
7.5650870129870125
34.56786842105263
9.537946863270777
19.52565890410959
12.583171571906353
14.904999125364432
9.98166299081036
28.33790699300699
16.052725380710662
11.34220361168622
7.040589353464964
21.32033333333333
9.286672562553926
8.01049438620079
8.837552229299362
14.289089830508475
10.842560981912145
9.53322072072072
10.245302235528943
17.46664214876033
27.310764961636828
9.106452592592593
6.632708180041776
10.465660823045267
9.983088819875777
21.313132973805857
29.634580981595093
12.244480815347721
22.133276079734216
16.139455223880596
19.067827340823968
18.089991139240507
9.071168925619835
10.846029125138427
10.083384249422632
12.556442358078604
30.21185
24.416248370927313
9.431490892531876
15.1811802259887
28.238450572082378
9.5787
8.55706623821765
7.055678806263362
47.738673443008224
11.963936397748592
16.47754068058778
10.913193121693121
9.825803973063973
8.93988936416185
26.02633474178404
8.103098122065727
25.435684886649874
17.64677450980392
18.74917307692308
9.024919047619047
8.994245896656535
11.263380196801968
17.836261373390556
26.837000000000003
16.20800227272727
6.9247538842975205
11.978081818181817
7.116937238632592
17.421618918918917
7.893328029757619
8.293015034310667
8.964127672955975
20.29870506822612
13.549765413533834
15.439773349633253
13.882190502793295
15.990879746835443
11.123873859987155
6.782471501272265
8.983588787185354
13.599618279569892
6.400231550802139
9.538462921348314
16.02284249605055
10.555858813263525
10.877441545893719
13.43620695970696
9.508278777506112
23.02630413354531
13.300913888888887
12.09894592274678
20.8065
11.357927160493826
11.667980527899976
12.552200000000001
9.468279320318148
9.760208771929825
17.149371981776767
12.045650104821801
8.471508923884514
18.74598623853211
6.456753682813536
8.55020780141844
37.01489682539682
17.54050831656606
9.188887711213518
10.679777248677247
7.050960796645702
31.286536363636365
8.7839231678487
7.241765921325051
10.76865
24.898464397905755
16.154548753180663
12.411794158075603
28.13397777777778
7.974186089238845
23.230015789473683
11.956023644251628
9.941409617918314
10.505926322263221
15.429615942028986
11.61931082410824
15.52712191142191
13.417744036697249
15.4745
12.43275641025641
10.603061363636364
14.896340860215053
27.379616784869974
12.362067479674796
10.219753333333333
17.240778658101355
23.39818449612403
5.188997046413502
8.715078861788617
9.995048078317621
15.768361788617886
10.886610819262039
17.523414285714285
10.780444444444445
8.393844110509614
14.967758374792703
9.919470172413792
8.561643506493507
16.33166049382716
29.319855947136567
8.417668899917286
11.18263833780161
8.687912807881773
13.41232962962963
22.331484615384618
13.082575912408759
8.980392552301254
9.407536363636364
10.790099873557768
8.147056418852298
30.57508617886179
9.277622872928177
8.371923067484662
19.519483486238535
8.410484918594687
11.554715607675906
17.015922312373227
15.248928571428571
8.882374028629856
24.464195912806538
8.925943610223642
11.85839696969697
28.289456502242153
9.77414550625711
7.110588888888889
11.781873118279568
10.485741904761905
14.582111111111109
16.460615094339623
18.07955060240964
7.86667881773399
10.00942380952381
11.453765942443301
8.102496440929313
27.522713767209012
9.5710856167979
11.564040766961652
8.809798658146965
8.457679411764705
16.354727027027025
27.53859485458613
9.006283656536421
9.416982352941176
28.262766348448686
9.61787291763611
7.934172392638036
9.83099937219731
11.386305454545454
7.347568014440433
13.271238650306747
7.489156310679611
10.526329105473966
8.402399212598425
7.86755646945647
7.474716666666668
13.417064453961457
21.579144155844155
27.39729731543624
12.83755804464973
13.964883625730995
23.429057879234165
25.114183374689823
9.561969047619048
12.684856613756613
10.123687273305759
14.36911065830721
18.68870408163265
19.30275606060606
10.025908990825688
32.15242156862745
13.554910735210736
10.294974787535411
8.074037728937729
10.527221848739496
13.45774184397163
12.455193805309735
38.283703927986906
17.610928514056226
14.667438544935806
13.687480836501903
22.468626984126985
24.95015699481865
14.527979725085912
12.539261433691756
7.543898413892909
10.116520062695924
14.36967761526232
26.72847672530446
8.676685776128632
10.418905928237129
9.09915294117647
22.503177685950412
17.140388384512683
12.457802815622161
10.414836288998359
26.82622151898734
14.299601960784313
10.937463265306121
10.217469246646028
25.862555056179772
36.65470600315955
8.96442156862745
12.913518746533555
9.578130240549829
11.634941994750656
9.192270597808397
27.217765395095363
14.740484905660377
17.341840425531913
10.813886813186814
23.729080609418283
13.293663622920517
38.54212934131736
24.71208273381295
23.95921950464396
11.973929787234042
8.997660714285715
12.750693548387096
9.498753823953823
13.99370943738657
11.333650841750842
11.232781203861443
15.353882325581397
9.017778445229682
9.605504761904761
12.2282
15.157257675111772
13.42316883910387
15.61348021978022
29.404594214876035
16.27730518134715
10.831448271092668
19.933806148867312
17.52690525164114
9.897923166023165
14.271042635658915
10.36073057591623
10.727130086455333
11.055954212454214
13.804093871409028
12.133044250559285
16.24899871086556
9.157086376835643
14.684944260027661
14.498613207547171
10.804676875298615
13.627857971014492
13.99765
43.396787383798134
8.604547481181239
8.804480880974696
12.424252671755724
11.222394280078895
12.486713947116042
10.522617379743775
18.123385639686685
13.095000215982722
30.95398110403397
11.60980229276896
21.333934013605443
27.27196210045662
18.973164341085273
24.169863788300837
31.699346484375
19.917385355648534
10.962326605504586
16.704264356435644
12.095183622350675
13.58662469412373
13.66563572496263
19.126168217054264
16.109559523809523
22.46233450586265
12.40565081967213
10.419602738810955
11.530290082644628
7.935174641790135
11.72392185612301
11.374087464387465
11.75959009009009
14.520788707037644
18.412737190082645
9.001708265947888
8.363850110375276
11.622410955710956
22.514568686868685
12.09459156626506
9.338917441860467
16.112025058548006
9.54575525982256
29.726366112266113
8.781619504643963
20.475696261682245
8.787440193704601
28.060875925925927
19.607614205682275
10.991379279279279
13.324121752265862
11.24727766497462
18.538254716981132
16.979981699346403
17.28947372654155
11.464058974358974
34.43693076923077
11.430002174482578
18.10546211031175
10.295514946619218
13.388675899843506
7.535536550836551
34.23544736842105
32.041970676691726
12.52813461146929
11.919729416466827
11.216179728966686
17.65801515151515
14.188265789473684
10.675447368421052
12.749422633744857
13.007848698884759
13.604321789883269
22.140915889464594
14.977136781609195
13.174230303030303
10.822406900328588
7.792895330920976
28.96325425531915
19.97794197530864
12.88539794628752
19.7881625
10.33336075949367
8.301004850912328
30.526885470085467
6.969743956043956
10.701714285714285
19.71835168539326
12.588055882352942
38.38154810126582
14.332697082658022
14.472012403100775
16.75067807017544
7.120434391534392
10.011452380952381
17.671413313896984
12.925481818181817
15.053433333333333
28.942516135881107
8.188171830780451
32.68027990430622
12.118114479638008
6.639915020697812
11.388408133971293
15.050188044692737
31.152769105691057
15.901345445829337
16.713726543209876
11.786370833333333
9.132751464174454
12.74038340881021
14.53067935285054
37.38502971246006
12.434549602763385
38.09504545454545
12.69940643923241
23.403707142857144
10.973664562569214
8.301766666666666
10.198459649122807
12.49284758064516
9.780234632561918
11.290623418013856
13.700004761904761
15.251884615384615
15.33812241478914
18.011835416666663
10.688122872200264
29.042426637554584
8.135023308270677
8.59580084930842
30.658411111111114
11.133971574642127
17.188148677248677
8.923351538183134
13.974379365079363
6.910662341184868
23.5574014084507
12.600312125700984
26.392475879396983
14.40141479289941
12.084022730255962
17.298168599033815
21.70444130781499
16.38882216748768
11.929024726477024
10.78827671957672
19.246578676470588
18.78396
16.695039325842696
18.414395726495727
13.152554291115313
14.541562721893492
14.09558287671233
12.458874325309994
17.67977678795483
12.485027927927927
11.049297744890769
13.213615044247787
20.79961446540881
8.79066640883978
26.862457894736842
16.623347726056714
14.43966144144144
9.508002251655629
12.713535114503816
33.31597295825771
17.043442915811088
10.343081662382176
36.2534243697479
12.004993333333333
9.030265738555922
37.33674734299517
12.161366431095406
10.676466515837104
8.960290487804878
23.532455043227664
25.406959217877095
13.839204100946374
19.339436997885834
10.389725570776255
13.472644680851063
14.10363082706767
20.420491585760516
10.044538735177866
13.21689739201304
9.32014882629108
18.24265632183908
10.090691596638656
13.549854244861484
15.795653956834533
13.433349941291585
8.101785714285715
11.636000840336134
10.604844806899138
10.519742878120411
23.040231818181816
20.31349183673469
16.586349305555554
13.49348778280543
18.392133437826544
9.729713888888888
28.625700867678958
8.1906177241097
12.957486802658012
8.79196220657277
24.977657894736844
25.845
15.487906918238993
11.995355399061033
12.506779231735775
50.00955592635212
22.555376033057854
10.51821515151515
10.041383499864974
42.864998071625344
17.444334374999997
12.098413490364026
6.7760701456063535
10.452244180426902
20.53632857142857
35.125915929203536
18.52229569892473
9.385708117133316
11.258836476426797
11.810664684684685
17.551480885780883
14.621929299363057
8.186717351598173
11.775334057971014
9.501559539855913
25.66695569620253
10.822019480519481
15.005135519125682
29.165819148936166
34.31892372881356
15.23625137668424
17.68316561264822
18.383308510638294
13.393084386235234
14.883969105691056
22.447964984227127
11.719070634920635
23.819426797385617
15.648587562189055
7.605607164126817
30.723603054989816
10.732424731182796
23.337113031161472
26.16769512195122
7.11502885677858
19.32325789473684
23.386932835820893
12.795159101654846
11.060080104712041
10.2966737874097
11.912271428571428
8.270475664845172
11.402170063694268
9.614159674905366
14.071809853249476
13.722094047619048
8.303128467153284
9.273275474038632
40.423810625909745
12.87486015037594
18.37312208135235
13.018140664451828
8.934130224525044
28.13397777777778
11.971639158576052
15.058888524590165
11.572614680483593
8.67864450010018
29.67223388090349
12.658740264026404
33.367206238185254
10.135004664124377
9.297595238095237
12.36541265597148
9.63361320754717
22.407958646616542
28.860505251641136
23.05445312024353
10.123279599141018
9.883141721297697
15.885148648648649
8.98506388261851
39.41462638036809
13.931985148514851
9.28652035773557
11.285898683080447
7.884270114942529
9.599142424242425
10.963265526315789
9.059529594446474
40.47248008784773
7.956256565607568
10.202825207514199
17.11318841607565
9.331888888888889
7.452852256944444
11.284803816793893
32.0225412371134
12.850171317829457
17.791623618090455
43.78603351498637
9.338905072463769
11.173590909090908
7.494683651642475
7.404664556962025
12.276224590163933
13.041830041152263
9.435173846153846
14.69495476190476
8.325808542713567
9.678302316602316
8.970435159817352
9.170968085106383
17.498202994011976
11.710102797202797
12.884126086956522
45.24119934810952
14.901433333333332
18.98858359046283
13.700378873239437
11.774291082802547
29.625807726269315
9.401931678486998
20.797452450090745
10.962168128654971
13.512027263017357
11.76139085244973
11.136000481246658
43.43374773662551
10.176973963515755
36.90427935702199
44.73395505050505
15.768030462519937
17.574281220657276
29.919631568228105
29.655187964989054
15.155316246498598
20.60599525483304
11.310365323741006
11.133330175590721
18.408019298245613
10.513744540353905
19.739545681381955
31.410328571428572
16.092320895522388
27.112060189573462
39.04677264296754
39.5243412979351
10.722068715083799
11.09132
9.772547744510979
17.8094156626506
34.142705954465846
7.78394203821656
13.842872881355932
19.273080846325165
22.39165205479452
13.160230720461096
18.41059655172414
34.56363472222222
30.56765
16.535312145545795
12.892481250000001
10.778703984299785
27.00655340314136
14.234321705426357
10.123931541218639
23.17705232198142
14.116673109243697
12.000638988095238
7.599668132780083
19.316370422535215
21.31868432835821
9.220453507392262
10.636051310592459
8.588212073470034
33.69825671641791
15.100893984962406
10.419313731343284
10.472630839373393
41.317006906906904
33.88494288354898
11.010230120481928
12.64711029810298
25.36198148148148
10.452495415472779
10.771880559646538
8.833265217391304
7.8994629218677765
9.311120512820512
10.040274762946755
14.385257055214725
14.359310404217926
32.592649532710276
8.289196321070234
15.535288603988604
12.785619115323854
38.03387748776509
9.723463636363636
9.189236363636365
15.334310267534345
22.35708167938931
18.317439370078738
17.778609443099274
8.269709176788124
12.855280417246176
16.48519208722741
17.201453488372096
18.974555737704918
8.960098368883312
18.307237009438648
16.978308383233532
26.67781650485437
33.835126989619376
30.13486441005803
10.315963960749333
11.965264407606046
33.66048003838772
30.50233171247357
12.293333333333335
25.895779575596812
34.91132633451957
33.05079814126394
20.818383179297598
13.930943859649124
36.663072696245735
9.886102105540203
18.0587877675841
11.410060020554985
41.92299411764706
13.205033333333335
11.676540458015266
16.131827243066883
12.979065217391303
14.974442342342341
13.35694749092462
9.09707972531066
17.737368845315906
12.662538497652582
18.31692028985507
11.152775862068966
17.421338860971524
37.78632113821138
38.07640035842294
11.011944615384614
9.957430538922155
18.776860426179603
33.94542411067194
9.146194969040248
10.355123125156759
11.138572773714154
8.304169387755103
26.991143678160917
9.207366666666667
7.8377809736308315
24.21893514211886
12.384074554707379
33.283687119856886
10.975295222584148
15.797820170627666
10.969895495495496
24.033724242424242
15.530734343434345
21.129058256724548
8.338763200815494
10.961302697731453
7.093199256033388
15.907597142857144
7.473432661870503
31.2404619047619
23.686047632311976
21.342106042296074
10.422251378446115
21.66362878338279
9.360941453982985
8.421154615926708
7.740340581929555
13.048160637833115
11.232346887529015
8.319366469344608
6.243946404002502
23.246944444444445
14.195866144200627
24.26581348314607
8.215494256502781
24.25031081081081
9.761817501546073
13.270584132841329
13.989254471544715
10.506495002839294
10.579003278212939
18.27720569105691
15.070146511627907
21.5835
13.664626553672315
24.450806100795752
6.9656788628762545
6.851631084120557
10.719378911564625
29.022660691144708
31.741088376753503
10.092032467532468
12.504142190669372
11.32117611111111
15.862019160104987
14.745897802197803
9.571786274509805
8.983714343086632
7.787058441558441
20.314188888888886
8.449457843137255
10.653250809061488
16.424277777777775
12.938848497854076
9.80101322160149
9.208309243697478
9.5721
9.081611111111112
8.847276329870947
14.542041295862608
32.071535728952774
14.244437552742616
13.457985140562249
10.821676485461442
14.512001618122975
11.275075244299675
11.350633014354067
11.9342932938856
10.144740794499619
10.332673600271463
10.899017921146953
8.189321845018451
8.479307950472467
10.383772727272728
9.711456989247312
23.462547244094488
9.37254255319149
31.704107610993653
9.517215695067264
10.67021412924425
10.229716964285714
12.124931770833333
10.363570935960592
14.89236192893401
8.405076119402985
15.447006832298136
12.645844680851065
8.471414285714285
9.202835907335906
16.065918960244645
11.475399310344827
10.537312121212121
7.712580438815843
11.001738816568047
16.1458007751938
12.320243801652893
21.731109701492535
9.768051020408164
7.173398842592593
30.60695553319919
9.965257152361943
9.0265
16.02401697645601
13.49119902534113
9.466154593175853
9.653692364878442
11.268203703703703
12.18586842105263
9.171426870389883
10.346828930490553
21.42351146496815
9.615110404624277
10.114260261820688
14.419632965009209
13.72796339869281
18.08940980392157
11.317541969653593
11.468756160580824
19.492400904159133
10.000710810810812
11.783186274509804
50.557580089485455
10.760924419134396
10.582849659863946
17.056453284671534
9.93997360988526
13.038566666666666
8.741687966132229
17.448458333333335
8.38709416909621
15.4992754601227
9.981535178351784
28.90994675324675
8.341896153846154
19.25766
17.32848762886598
10.37393381642512
10.143379795918367
23.691388035450515
17.62550761523046
14.619857352941176
8.280154062751409
22.584165921787708
17.899151162790698
11.1403
28.838368907563023
10.42205210532289
8.54860519758614
8.000717640320733
12.054763736263736
14.857053510324484
13.597664367816092
12.85185
51.635464057331866
9.252301418439716
11.348396047904192
11.057092592592593
15.476124242424243
10.742296593673966
9.060753107344633
9.476363098192131
10.180523926940639
17.528308108108106
8.099372334152335
14.279153488372094
11.676427413793103
8.417038772338772
14.282416332378222
14.121622784810127
8.958660043372188
14.590363583815028
7.981178881118881
13.807942896174863
8.244500711743772
14.94155390070922
14.681635260115607
14.129233333333334
8.64380593607306
10.13176408839779
11.649108934707902
16.088209433962263
12.125397109826588
8.209997823834197
7.831869642857143
15.50898695652174
9.799434395750332
12.549160696517413
15.812268527918782
9.030997112860891
7.241185194098566
11.924991338582677
23.863244134078208
13.809440625
10.76688596491228
16.6137625
13.332729864253393
22.31001299435028
8.023249579831933
6.806951127819549
7.534443286219082
25.10956376021798
14.858796562032886
10.64452294407159
9.931173992673992
23.974705008347243
43.47706735253772
18.64863101784853
10.397454501718213
19.11163658536585
12.638827326007325
33.714277049180325
30.216531578947368
11.55236835443038
31.270278947368418
10.89622811646952
27.873549087221093
27.439510185185185
33.95017857142857
25.841228690807803
9.082576702759344
9.899696694214876
10.330154129893641
18.47609263803681
24.897920618556697
10.845962461348176
8.390715457450586
20.782846067415733
19.70005571955719
17.64622105263158
23.13325668789809
9.675010973084886
9.175494708994709
14.01175641025641
14.843842056074767
19.541376433121016
29.023879310344824
19.994153846153843
16.21958456375839
24.819529411764705
17.97976530612245
27.512612037037037
9.013554166666665
8.373858579881656
9.647833333333333
13.644659420289855
7.458087973856209
20.306167039106143
9.828398392282958
22.80833333333333
8.44106460554371
8.38316085985483
27.39043103448276
13.518224661246611
7.411486705863139
9.30570212314225
7.8213237082066875
8.72154792219275
10.830413108614232
12.284190713587488
9.065317366946779
8.948120021299253
9.933909610983982
15.575782051282049
11.961815277777777
22.995154388489212
24.231134779270633
42.77061463414634
28.250456565656563
7.153784770114942
10.765998044164037
22.83053076923077
11.50001011235955
9.838170460704607
23.80161511936339
9.185444752308983
19.385464285714285
7.638003759398497
22.27730303030303
22.270073088685017
13.928386616791354
15.08050776699029
26.013121782178217
14.220261872909699
14.202609589041096
7.011679894179894
18.820529118773948
10.300457358490565
12.027884615384615
9.655709638554217
8.958896124031007
20.964817460317462
10.79298490284006
8.577436448598132
7.394235632183908
7.154257118353344
17.702168253968253
20.57382396166134
10.080516132858836
10.185779532163743
10.509793554327807
18.662327642276423
10.884606201550387
11.700681497797357
12.650219540229886
8.553372727272727
8.38701076923077
7.710929102263856
11.506499999999999
9.217874323144105
12.655655390334571
8.370092638036809
12.3500506044905
13.094805128205127
12.514322465753425
23.022412166172103
28.209758165548095
12.767044897959185
9.424369306930693
16.0270592760181
16.56085426829268
13.99047282127031
18.972366666666666
12.195074358974358
13.788317238749046
12.74790652173913
17.662055394816157
9.957284247538677
21.59707594501718
46.9737394640682
38.42103448275862
28.241001287553644
19.10440579150579
10.673082695507487
6.574762243605976
15.020273236009732
22.339031325301207
18.929759677419355
27.869588679245282
7.059883910287664
23.39934277456647
13.150425456292027
17.053867901234568
9.252593827160494
7.355582388059702
12.873824193548385
22.010526086956524
25.435820418848166
8.091119209039547
15.634777777777778
10.405311029411765
8.78348199404762
21.443803571428575
11.423993989071038
22.351794081942337
16.33439875930521
6.9507312500000005
31.393650664136622
8.26727708592777
11.010668838526913
9.234586956521738
11.600702863506205
19.30275606060606
9.525076404494381
25.40499756097561
15.358404761904762
8.609210703363914
12.822565625
11.507943757605258
8.572899067599067
13.147673208722741
25.402063636363636
14.40812615629984
10.773391103202847
26.81837677261614
18.682736363636366
26.056792655367232
13.426629801324502
9.686883122362868
9.665501503759398
16.072771502590673
24.03693243243243
19.54862658227848
7.838611111111112
10.062181463009143
12.770158426966292
10.430055555555555
8.910242005420056
18.39098540305011
9.644041666666666
8.914136559139784
14.770530769230769
32.84394701492537
11.815655971896955
14.487599656357387
21.73107265625
17.34930338983051
8.146413995485327
29.482215403422984
12.604954625550661
14.173554991243433
12.247202798982189
11.006039464285713
10.570499831223628
14.997069096209911
26.82722609699769
12.894226923076923
8.980206678383128
37.19034126984127
18.09417881040892
16.682371038251368
9.443815226337449
20.498968181818185
25.367710899182562
17.10532624671916
23.93601277258567
8.748302211690364
10.183931746031746
11.010291666666667
8.236963124999999
13.726334862385322
11.990475925925926
13.377851612903225
9.835979384615385
16.06244117647059
16.30197798742138
10.190211942959001
23.120604597701146
9.635841666666666
21.57779416058394
10.287583959044369
8.60344985915493
12.500105084745764
15.766215032679737
16.47858549437537
7.7264333333333335
8.16579238451935
11.083055555555555
7.762523008849557
8.826877610062894
13.684698611111111
9.79019701686122
18.195900478240077
38.543769841269835
15.546603087586641
16.27698075117371
8.544006172839506
13.764884686468646
9.063617587071127
10.598962086513994
11.170777777777777
6.853249573459715
7.678712594171998
21.246501257861638
22.940898847262247
22.969896825396823
22.69055349544073
14.442141025641025
22.19014437627812
14.508634097421202
8.925912216404885
11.238527659574467
28.28747669902912
12.991383333333333
22.76628157894737
15.627382164821647
17.42776100217865
12.627405119453925
28.994318266978922
19.16676289308176
15.624743776824035
13.193210483870967
12.03229308545336
14.249778773204197
12.576124242424243
11.738185172004746
33.1599323268206
9.504494812967582
10.571842059995806
18.269036082474223
38.19570061919504
22.19746019417476
15.056668776371307
15.846692050473186
12.042458904109589
19.545950061957868
20.286373229706392
14.288688350071736
8.994859600443952
13.773203703703706
10.087157875457876
21.183255555555554
14.289792374491181
29.973278165938865
10.987933065810592
11.007795858791582
8.363036231884058
9.610501832061068
34.19602446043165
24.67118414634146
8.196657954658944
10.390327027027027
12.162835714285714
18.015461904761906
22.769407182320442
8.014474603174603
22.995882965299685
20.599905964214713
11.126702433697348
8.675611111111111
8.082409223509224
9.309421693121692
10.376425925925925
23.92892857142857
20.53708918918919
16.44184273858921
11.876325641025641
23.075231034482755
9.277262730923695
34.28712791586998
23.59860726256983
16.066915463917525
15.111587147335424
11.82040056497175
32.72499737827715
27.564619896640828
19.000867527675275
17.1040652173913
11.145836842105263
15.33735652173913
28.342561883408074
8.081832711330094
24.566384240687675
10.990512944983818
14.636075309973046
6.758770144927536
26.06870591133005
10.013553488372093
20.432712969283273
23.295927472527474
16.250042446043167
11.967764257028112
9.558961109070877
7.754097551087946
10.853404712041884
26.868556281407038
22.24872208201893
11.978919383259912
13.13116402640264
5.433773471741637
18.288330350194553
16.351112206572772
19.015659712230217
14.717228065395094
24.587639240506327
23.388582833787467
17.559650737463127
10.691694470046084
20.20281544715447
12.935136324263253
6.0485664995822885
10.072969696969697
10.343026315789473
11.485006442577031
13.556944843049328
11.105350602409638
18.505549504950494
9.183407016885553
30.32459934640523
12.43329121756487
9.454554937343358
17.025502319717603
18.594520073664825
11.56779411764706
12.380202249488752
16.79714379232506
13.912003910614525
40.39486923076923
11.028148275862069
34.478032394366195
8.476838736059479
10.523051177944861
10.142433621933622
19.00561035940803
13.606406515754053
17.82710294985251
32.42781654135338
28.397255855855853
23.691853846153847
14.275635611237663
31.454478494623658
21.727374436090223
8.393691773049646
20.58221044776119
11.040393997805985
8.407516149068323
31.452969387755104
9.255062449528937
10.93240024691358
12.825842975893599
17.91601286307054
7.567997737556561
34.354552482269504
13.025506425702812
17.519994922737304
8.79104117647059
8.94636993006993
15.256596688741721
13.902764150943396
31.11914513064133
11.320275
10.480041929824562
30.678361954261952
20.92728156028369
15.503528124999999
17.538959911894274
12.47195294117647
12.860028301886793
9.044406827309237
19.28283624288425
7.1669803202029
9.205588936170212
9.802413478611784
26.015835732647815
14.311576152832673
13.422563849765258
9.812541721854306
17.87614393063584
14.248341558441558
7.247412280701754
12.983572451193059
11.915856321839081
14.354698816568048
15.60308064516129
11.58731933191187
14.787106060606058
11.328953781512606
15.304342105263158
14.579808843537416
30.48623469387755
15.582579750778816
39.13631471048513
11.86278897689769
16.0867053285968
24.518916666666662
9.949050380517503
12.920990036900369
27.70456484018265
8.727223865698729
13.026687855544901
23.383455681818184
9.790954172127567
8.54323961827646
16.76881773049645
32.490439552238804
44.087352196382426
7.743982517482517
27.55362359550562
27.22873945578231
7.732297701149425
22.61715625
10.715044305307096
19.01716640625
11.280852482269502
25.039986842105264
7.984445054945055
15.38541371807001
24.48391074168798
9.457988628444726
9.060996551724138
10.091200440757065
14.628593975903614
30.854741758241758
30.37725991820041
15.105398522167487
11.295643839093927
29.582184615384612
14.864860711743772
8.997211524163568
24.177105617977524
7.7071000000000005
12.005240379403794
18.732104452690166
20.87650766773163
22.292272297297295
44.714505692108666
11.152805215889465
8.327351655629139
7.589706763285024
9.479932020997374
9.107813131313131
13.842559367396595
9.761896197183098
13.81752639821029
10.22333890274314
31.962290476190475
9.471791144278608
9.784951874366767
10.127752955082741
9.1271623655914
18.031822374429225
13.659810344827585
17.89604789915966
16.023878260869566
42.309124999999995
25.338682920110195
10.684866585563666
8.773512295544275
9.594234322820038
24.974347214854106
22.345028
32.54788707224335
17.736814794007493
19.966399818511796
19.09997967939651
7.031715886947641
15.313308668730649
7.795654679802956
13.417331152647975
15.960094721744118
33.67121460674157
11.770240969162996
14.428983782234956
24.009853935860058
12.1472
10.024590787716956
12.665844612384204
24.827487341772148
9.159649295774647
29.523447368421053
23.335967021276595
15.557302384500744
21.220280519480518
16.268766018368446
9.694834586466165
15.292517630853995
35.788196416938106
8.913735203561162
19.83541985815603
24.011031564986737
16.86770756302521
11.801089371980677
11.40925818540434
15.017075
10.960725950292398
9.182972675250358
31.09796953125
16.53554255319149
8.214250354609929
14.126741502347418
33.719203496503496
15.21524382022472
49.66282485414235
10.313254772727273
19.021696222851745
23.755834482758623
12.902614351145038
10.708290769230768
12.168428250244379
13.646347619047619
30.968966666666667
11.04318362857699
23.991942745709828
25.3305015936255
26.199448825065275
29.037402521008403
30.635583026584868
10.250629105003522
30.106259016393444
11.515715450643777
21.412609876543208
10.623428089887641
9.563564705882353
12.490166666666665
9.651251858407079
10.297375990675992
13.618040659340659
13.601927027027028
15.65122794457275
9.105182070393374
9.121198360655738
14.959375337597727
7.95376273281114
13.894450730688936
7.628220487631673
15.99372110817942
25.241275308641974
11.338524009324008
10.161689417989418
29.624435514018693
17.980159574468082
33.131449525616695
29.866771868583164
15.719868421052631
10.145004458598725
27.37466811594203
13.003845803357313
25.823925380710662
9.252235813953488
10.129560199004974
12.734959574468085
6.6710300456621
11.62666354679803
22.118779470198675
12.598679381443299
22.140274842767298
18.753141176470585
21.764977978339353
30.5183715261959
17.202667123287668
15.348305617977527
7.805354700854702
7.633637060702876
9.297272195121952
9.451435279805352
15.990958031088082
25.934530606860157
24.910050138504154
9.804560130718954
14.498485321100917
16.51457010309278
8.161475905395417
23.28410978593272
33.89929774011299
10.479434151329244
12.109544755244755
20.10346730038023
9.413589430894309
29.498439603960392
15.089891718426502
22.56692822085889
26.344885507246374
21.806527507163324
14.80350239520958
24.8059189701897
12.829166666666667
24.16731818181818
17.752267441860464
7.6705843214756255
13.341807246376812
9.259678285978286
7.120943343653251
18.85621004366812
21.299978445229684
19.914332365145228
19.583451773049646
26.90729697732997
21.899508695652173
14.416873033707864
19.8029
8.99258520537986
23.99379608355091
9.283084403532404
9.900491164658636
16.212474774774776
15.520194779116466
19.94987638888889
25.576143137254903
8.773662932226832
19.449074358974357
7.320953213751868
23.685340997229915
33.36131594202898
16.461907382169223
9.689594514210178
15.078831986531986
18.077002564102564
9.742268809523809
9.71410606060606
10.976132085561497
11.427674703557312
37.52777077409162
18.28056436781609
21.931651118760755
14.132795679012345
32.14725029585799
10.109652380952381
23.985710764872522
11.992717586912066
15.340233333333334
10.144538631790745
10.445414736842105
15.644414678899082
35.198765968586386
9.85944370565046
7.856701582627898
13.253673913043478
7.718674426897605
12.00401966873706
13.971717721518987
21.9943656394453
15.353414285714285
16.163386363636363
35.978211864406774
20.23242402142563
10.471204747081712
12.359941601392515
6.8755476190476195
23.91288817204301
10.019749049605934
22.349075757575754
19.758127016885553
19.914170588235294
12.253114316436251
12.642813680154143
9.859855963302753
7.808910970035551
38.503171186440674
7.818394832826748
8.02458787878788
23.863244134078208
22.13550144404332
13.116267851099831
30.335226640926642
17.415726535626536
12.107393023255813
18.812563858093128
7.894645137157107
16.714265745856352
15.656756410256408
11.330633230174081
14.135088519637462
9.12600569105691
19.719273702422143
8.346484415584415
19.42265880149813
16.618927088036116
7.957650042531899
9.736338575667656
7.448816548463357
24.667746511627904
19.34657932159165
11.133631531531531
10.671069540229885
9.919407246376812
7.694441994750656
8.321125438596493
7.82754641350211
15.142043839541547
17.0218311827957
19.4016125
11.733973504273504
13.985092857142858
7.967212121212121
10.47791567635904
17.255009644670054
11.709954425144748
22.283019760479043
7.903499540229885
15.138131578947368
9.850481556195966
12.71403488372093
34.86676081081081
18.78284890510949
16.911960550458716
8.435346376811594
16.03592459893048
10.548412230215828
9.35791609798775
13.165267932489451
8.164975954814416
9.021020878243514
16.272147290640394
18.4370146953405
13.004454404145077
8.523043859649123
7.642453354231975
12.17640569105691
14.180529629629628
15.084170430107529
21.938618128654973
20.45759140893471
8.149635135135135
17.056822935779817
15.108444444444443
30.64492381930185
19.468227240773288
16.685806542056074
31.29110998003992
12.407814888123925
26.015349627791558
18.496665407554673
22.906139344262293
18.9103269058296
21.139827335640135
10.602555370177267
39.46489574468085
9.459001806710639
33.7045768115942
11.524443928493568
10.826212070874861
21.210883333333335
8.190884483627205
11.703684734645199
8.22121592775041
14.62561476941039
12.179078902953586
10.575073544973545
11.029068797953965
16.562831464174455
27.481069121140138
32.01608271119843
12.430600855397149
20.7513134529148
15.064250067476383
13.298314964028776
9.825852276867032
22.51849263803681
27.56230722291407
26.946093203883493
10.060644533618692
16.250046907216493
17.497442056074767
10.996533839835728
27.735176849642002
38.44351587301587
13.113346147704592
13.170254623217923
17.06932801932367
33.72668715244487
17.220790176322417
8.966784718331777
12.274816831683168
12.1917206185567
11.205664679911699
17.433521343873515
29.003802325581397
15.126222324159022
11.272728571428571
30.268041803278685
35.978977580071174
13.129706802721088
14.748031623931624
9.563249039812646
13.371921526418786
21.874612121212124
18.72943880903491
16.304058587672053
11.236656862745098
10.354233779264215
34.43492201834862
33.16474242424243
18.64607041198502
22.456802958579885
9.361289373814042
21.11025009242144
31.710765306122447
12.544968340718857
24.553134842249655
9.696547534246575
11.191520309050773
8.54826638722555
14.657354901960785
27.19506288659794
8.274228803088803
10.000907812253898
12.38689702878366
24.889151612903227
10.216535275915419
13.310771062271062
10.881567226890757
29.44374149377593
10.434532991101985
12.676006418219462
17.98862561983471
10.91569717884131
22.778927681660896
11.8612040625
28.62799295774648
14.191174048442905
32.62661166347992
9.437810503597124
11.451871153846152
9.68651754385965
29.290752631578947
8.19402832929782
9.702662671256455
46.27050049875311
8.0748761749651
35.591936044657096
19.074297064989516
7.412350440017011
7.314768686868686
11.21095822306238
9.677996846307385
21.970578740157478
6.632240771349863
9.269101103006582
19.1096859375
7.600672105332804
11.690591494435612
6.491428186092551
16.944372803347278
6.347950931677019
9.01327034965035
28.426712765957447
8.22251001886397
14.611257894736843
7.802278403755869
8.392874940898345
9.107949543147207
7.186327889634601
31.316480392156862
11.938318857901725
16.421
6.605127149321267
6.627750480526049
9.375748496420048
38.849715905743736
11.033713793103448
30.609570270270268
15.474392896174864
10.296636349206349
12.480055555555555
28.75627102137767
19.540935955056177
30.702627695560253
25.709142857142858
8.166012925170069
32.87163266563944
21.33849487179487
28.477739130434784
12.197604347826086
11.627812162162162
7.266510526315789
9.94162782778865
19.74001617647059
9.412244992526158
11.578323877745941
13.905826011560693
7.397911727290797
22.40458823529412
7.846017517776341
18.31002727272727
32.546684898710865
19.80327718631179
10.053129702970296
17.555660165975105
30.604382352941172
32.93340037174721
18.104011284046692
6.571059906103287
30.065025260960333
24.276089743589743
7.233041637010676
15.77181935483871
21.560832710280373
6.748602032988109
7.324142857142857
16.99486216216216
21.10164834834835
14.591442407057341
10.862157848970252
18.715703278688522
10.206824137931033
27.448813744075828
15.773437859007833
3.841677611940298
19.55464285714286
14.507887277353689
25.560008994708994
25.337421695760597
19.141954545454546
10.93321471861472
15.334358706467661
23.116121364985162
12.350429385964912
6.972108050314466
11.163462172284644
22.149100630914823
10.518153333333334
26.218185788113693
17.182544444444446
8.940001639344263
10.731104651162791
16.453486802030458
8.855125165562914
12.843086206896553
13.382350095602295
20.656462886597936
15.148135294117646
14.912587318840579
9.55023465648855
8.223103226354219
7.688047946790052
11.861777777777778
15.405928571428571
20.494685294117645
18.421287525987523
35.33405093696763
10.386887138263665
21.624081308411213
7.6798060060060065
22.304206590257877
14.514709523809524
27.81960676691729
13.519295278246206
10.519689029535865
27.38429348370927
9.400539215686274
16.979594994438266
12.709738863976083
15.130446938775512
11.185748132780084
15.590204712041883
19.515809090909087
13.650191056910568
9.990830521856346
7.6938249079754595
31.81311935483871
12.56283017641597
25.725254855643044
19.114509075043628
18.63253574144487
16.883342105263157
18.752380000000002
13.418316326530611
18.98395631067961
7.394196987801843
23.530681366459625
12.952309523809523
26.755226340326338
18.33980434782609
29.37923665943601
16.77773842364532
19.777129629629627
16.708844444444445
11.600745497630331
8.806944210526314
15.653085365853658
12.471979309021114
13.869578260869565
10.504479002169198
9.736418865248226
19.359582865329514
12.059548113207548
20.24201936758893
21.81730136054422
9.950858685132655
11.478512130637636
19.773936363636366
14.004619708029196
8.19535426065163
14.63853137254902
17.33232950819672
11.884066053169734
10.200475107665806
17.717290677966105
14.344117647058823
9.176755925277291
9.536895604395605
27.344595192307693
24.647722047244095
30.015500000000003
14.143771339563862
11.069317821782178
20.643809505703423
26.423036609336613
12.566428571428572
24.550249061662193
13.0425625
22.90975421686747
9.687163768115942
8.963472413793102
12.092268699186992
9.440288732394366
13.616287888707037
11.103613468449044
10.727525165562914
33.629206483300585
18.712995880149812
11.885645977011494
10.05867222222222
26.920924020887732
12.725388888888888
20.124441914191415
12.358781700554529
18.680783969465647
12.937811111111111
12.270004838709676
6.801209099756691
13.439587951807228
35.79664159292035
18.288729411764706
12.152987581699346
8.964500000000001
10.653725015479877
11.531883084577114
20.158939857651248
7.965334860883797
8.709339326599327
11.222981107814045
12.210076923076922
19.633809589041096
22.60480833333333
8.655750896057349
21.4130107266436
8.525534567901236
10.965
11.1675
12.316694827586206
14.239950306748467
13.507983636363637
22.800302272727272
18.080304063205418
13.469982747068675
20.378582352941173
18.9562020242915
34.63770139372822
11.154868439716312
12.504780357142858
17.112366666666667
20.865369372693728
22.316655029585803
11.392993739424703
16.34041111111111
15.062729702970296
21.939803746397693
20.225880505415162
33.812964027538726
9.29277536231884
10.844563461538462
7.518282608695652
18.32022420091324
30.2120296875
12.261305128205128
7.332426863572433
11.092467432150313
11.844897471783295
27.703519013237063
7.400104395604395
20.54288333333333
12.374320573355819
12.001670750988142
22.349718497109826
24.028075862068967
16.46396862745098
17.477575268817205
24.96851432225064
32.294508413001914
14.220593896713615
12.84172473372781
25.563114778325122
7.219885607940446
24.211783582089552
8.043026050420167
28.595616461916464
9.411025520833332
22.56692822085889
9.207844570994684
11.158138629283489
8.684046240378922
25.170489473684214
18.007031274131272
8.787820197044335
25.3592243523316
21.108725429553267
8.324439544047284
10.607970724637681
9.465209523809524
8.289670965940815
12.638281384248211
10.220923324808185
38.33062891566264
26.595569816272963
10.315895627859685
16.759591588785046
27.39146704288939
13.698710358565737
11.377352713178293
19.640443884892086
18.979532352941177
9.613549814126394
6.816602521008403
10.814443839541546
24.622467521367525
34.2744375
37.33119315960912
11.801592179930795
16.347123696682466
9.198580597014924
10.444296545768566
24.127881005586588
19.81196153846154
9.255937519379845
28.80698691796009
9.808601264222503
18.802727331887205
14.075016129032258
9.21227966101695
26.05802631578947
22.450670129870126
13.688095467422096
14.806346109921485
9.2842987435751
33.36298
10.700306717927965
9.806402262443438
16.993733503112622
14.500229166666667
8.303876209079887
13.516879411764705
39.5648007518797
18.56011616161616
14.565088304093567
20.944771186440676
12.04794986083499
10.130223809523809
9.48700970464135
17.44531923076923
12.084909523809523
12.935078081023454
9.036327748992516
11.7009893081761
8.191764829396327
8.215797800628392
8.04491323407775
20.846873041894355
16.674037934724453
19.99700478170478
11.418424882629107
15.177082672540381
33.95605943060498
9.683916407061266
7.850476463867466
16.27433861386139
7.837382807017543
8.4334412595793
8.320373526970954
9.119501967213115
9.02465238095238
30.658386430062627
11.354625
14.09437525222552
15.46619947643979
23.08267391304348
32.4120217221135
9.8353963615473
8.828398484848485
9.290368711656441
7.247748275862069
28.18865079559363
8.01802362012987
10.36153178807947
10.871176470588235
10.25949393939394
9.030228078817734
12.671505055292258
8.797129962546817
26.48927333333333
12.605365116279069
22.760590502793292
11.983615355805243
11.687683333333334
7.456627544097693
9.874801108936726
22.261042574257424
13.259275025176233
8.824194412331407
23.95158108108108
10.939788888888888
31.72168095238095
8.610566666666667
11.927309523809525
7.99740078291815
11.537369565217391
19.800274669187147
10.155982352941177
7.681178431372549
10.595776759061835
16.760802325581395
10.721233333333334
11.02894644367551
34.55052765957447
16.467815789473683
30.366639872068227
19.12942350230415
19.586687499999996
23.636122929936306
17.03332051282051
11.281379832285115
12.78397054388799
9.203326055045872
17.39960144927536
25.807865319426334
8.452645485232068
8.516634934086628
10.756350000000001
10.468776708229427
31.763864471057886
17.124397613882863
16.51385716945996
23.410270149253734
9.123370172194615
25.02828082191781
10.950786236138292
10.670557371048254
14.413345467224547
10.494564943820224
36.27173893805309
11.436439393939395
26.231003773584902
9.426192508591065
23.64364397759104
29.51243121019108
11.422182226980729
15.631047052518756
8.825
8.321976785394666
8.82735172413793
10.446012359550561
22.67781601208459
21.984314577259475
8.264282716049383
8.416104776119404
14.237172779369626
17.09991344537815
12.58110062305296
11.482880661577608
7.00457412755716
23.382685714285714
7.23205352112676
14.206297101449275
13.740338410596026
7.8382061175045425
17.46664214876033
20.58221044776119
10.538829411764706
18.482926785714284
12.372730379746836
11.126316305732484
13.74417927927928
17.55291174743025
32.0249
13.661175273368608
15.506553333333331
10.159130630630631
10.866203203004197
11.828921860019175
11.320107843137254
17.855962200956938
51.441104671857616
18.276984816753924
31.349448594377506
29.957787584650113
15.2623903453136
39.90669133126934
12.477866666666667
13.371521765913759
31.704107610993653
35.22518833922261
16.46305380678183
29.57536132723112
12.621900567644277
22.624392771084338
27.361694694960207
13.890362422634835
22.052277207062602
12.630293689986283
26.394945112781954
20.152256792873047
41.72790579710144
8.69199851851852
13.382730167597765
9.108764570361146
14.64007915913693
22.172382352941177
12.026286948853615
8.31540097982709
18.465407575757574
9.006276947040497
12.271116483516485
9.787785124631466
29.814150955414014
12.107024845995893
17.44467373737374
21.552637549981824
36.53728566978193
14.925026396917149
22.470057055214724
27.17560812064965
10.89275236255572
11.150460068846815
8.784627778801843
8.552253846153846
8.151415041322313
10.523953107344633
9.0391672630114
11.541720189979513
8.983699890500958
8.40467945402299
18.194611224738253
15.54561310684814
17.58534536082474
10.318282698961939
19.080660317460318
7.852451024343215
31.592361386138613
17.722534988179667
12.142025490196078
15.450892539454806
11.998810507011866
17.718406128550075
8.83172794117647
28.958304347826086
17.074316091954024
5.7912831683168315
31.24118041237113
8.855451479289941
23.70675673352435
10.539902725366876
9.559231674958541
9.78755529010239
7.675425902992776
11.468158939096266
11.14201923076923
23.903228374655647
19.219924945295404
10.159553349282296
39.102944522968194
17.031327272727275
21.105902298850573
11.665929786702737
13.975414900815009
17.29222101616628
27.859422144522142
11.503523569023567
21.501106230529594
12.800024697754749
40.858245193687225
22.27585
9.185344444444445
34.10258439716312
22.44860439882698
13.82276023668639
11.374914611872146
22.69162605042017
41.53643091922005
9.030876685547232
11.022573333333332
26.384094594594593
26.704583333333332
36.82409215686275
24.71736370967742
20.621610521327014
26.40375970149254
26.4264746835443
13.554920648967551
35.870266666666666
7.939135374732334
31.279688118811876
12.57545799086758
13.314017424242424
9.074797435897436
15.689949019607843
22.529711819595647
16.084599224806205
7.9512790585450235
15.967206220095694
12.750603557312253
16.368430625402965
28.288348747152618
13.003801960784312
22.457186345698503
12.638390909090909
33.5367752293578
9.976634911242604
14.067327210884354
10.583410638297872
24.722371960297764
8.726207142857143
11.329386821705427
7.50762802359882
41.57473236797274
24.998178589420654
8.807601307189543
22.178346102819233
15.66741491712707
17.862476623376622
13.330282674418603
10.74424039045553
7.814914285714286
25.25874020356234
12.934948979591836
28.577159433962265
11.843480722891565
13.0448
7.585517886178861
9.418813888888888
8.57582619047619
9.529158536585365
7.091133873343152
34.90650942760943
7.8619778163633836
20.046555516014237
8.955096403269755
8.201337601918464
14.895342512077294
8.999270992366412
17.160586274509804
14.763755958549222
10.431991300097751
12.138845299145299
24.667746511627904
12.088497269624574
12.431071034482759
7.304567903780069
41.00770959097319
19.186243065693432
10.271923931623931
15.130974111675128
7.58476949602122
6.637440798993394
7.660576958361599
14.263562440570523
15.02997619047619
11.671120155038759
22.837743537414966
8.611191452991452
9.594138900634249
15.587219756838907
17.966933333333333
7.800560194174757
9.741574871794871
7.5793997738579835
9.463851268057784
9.1815
14.70732846975089
14.448963604240282
41.316514484679665
16.618927088036116
7.415764371772806
12.397843568464731
25.60240520833333
14.494388888888889
16.88172227171492
21.987169736842105
10.506033029772329
9.863400411522633
28.737840659340655
12.999538875219683
9.153723945578232
8.585959847328244
11.059207344632767
12.741599665551838
7.702624701500712
10.437603076923075
13.008351655629138
7.4775601275917065
7.2640067961165045
6.186399405104586
10.595351522248244
10.856854679802955
12.850701604668126
8.657041062801932
7.80645107632094
10.083879124579123
13.767831921331316
7.83922
31.15238
27.717120689655175
13.403200578034683
10.675995867768595
9.842628104575164
13.015239146567717
8.458732327919567
8.778198457411133
11.183498449612403
12.589721455938696
14.350874025974026
11.35162503953611
16.7104
12.773108695652175
18.25260909090909
10.092886121297603
25.453117902813297
16.198764285714283
26.503793023255817
8.84955976331361
12.79829162479062
8.739583870967742
10.700297104045381
10.80923483386924
12.456988372093024
10.983494174757281
12.050148309178743
11.295893548387097
9.16189250161603
12.4481081255771
11.519671337172106
13.99981976047904
8.09689692989937
25.18460976253298
15.595872727272727
23.99258333333333
24.167565591397846
13.084992473118279
39.2752799426934
12.26881161048689
12.244155172413793
6.2900682926829266
19.183517624521073
16.2408
21.991610979228483
19.537329629629628
19.45839090909091
8.035972882805817
17.923025053533188
10.408761904761905
12.548922222222222
9.595356281407035
11.121764972595914
16.04278623853211
10.387359833795013
7.36819010989011
10.721794017094016
10.95314578313253
8.99871818181818
8.388598630136986
8.992526131444313
7.206631588785046
24.90618831168831
22.7670734939759
6.9579200000000005
10.87730414507772
8.16178281573499
15.21524382022472
15.320536994219653
13.065043396226416
12.745823723723722
17.594462561576357
15.898118957345972
23.93325105485232
14.686245652173913
25.12122
38.9606648241206
13.563341945773526
13.024948175182482
30.3545
13.984526590909091
14.30156148337596
24.7719734525447
29.887472708757635
16.37803846153846
27.68854495412844
25.055500000000002
34.930287610619466
22.36837301587301
27.381623076923077
15.19625770234987
22.656350746268657
10.43394
16.291959101654847
19.8162776119403
9.818714886731392
7.259996505576208
7.696840595552205
11.817686638830898
16.634366968325793
12.862302777777778
27.802381415929204
15.034744359949302
10.713385311871228
48.29974386174016
12.297008080808082
16.36553498349835
16.42771379310345
34.6387716981132
12.173214003189793
13.513161889250815
17.121603083700442
14.875621794871796
9.831735890410958
12.1696025
18.86551532416503
24.39037936507936
9.15872980030722
15.547203184713375
15.950051295336786
13.099764259927797
17.467229658792647
12.723428571428572
30.06363347547974
19.86247110609481
20.700306289308173
11.143438986175115
10.96805061728395
20.391754135338346
9.110158460119871
10.778272284644196
23.472735294117648
11.341889794565937
7.541162948551664
6.98710827790096
12.23685806552262
14.63884615835777
9.289434851485149
12.202851791907515
26.410791089108912
12.08501009174312
15.046747353760445
15.775223076923076
10.179134741784036
7.753794377880184
14.178121621621623
8.542198924731181
7.834725850340136
14.936352564102565
11.220308071748878
7.815732580645161
8.171985480572596
9.596333050047214
7.233557923497267
12.482962015503876
10.676089717925386
10.96589044397463
10.439585065987497
17.977023206751053
14.754272357723577
12.170816392443632
17.018095886889462
14.418170729872083
9.822125263157893
11.446586486486487
18.739607812499997
10.968277777777779
9.939745831992276
13.989674468085106
14.927975409836066
16.996769902912618
30.724315448851776
11.549142450765864
24.676860107816708
26.746818691588786
23.28697058823529
22.872964896755164
12.116456565096954
32.814747517730495
17.61680113519092
14.806454712207463
35.89842310286678
8.470300415224912
23.802696501457724
27.94393820224719
8.319614198339886
18.419689598108747
12.127712574031891
15.20967713437268
8.654286734693878
17.162916301703163
12.181695588235293
35.96595743944636
7.333370451770452
34.318285009140766
36.950219298245614
8.680169978665042
20.62714165232358
11.429127414330218
9.99842058287796
16.163329080932783
11.02150379266751
39.76463740458015
23.56751694915254
16.772535087719298
23.9955625698324
34.57238077601411
11.729856862745098
24.262235294117644
32.93545151515151
17.8094156626506
24.77241378446115
10.390327027027027
13.815424011299436
35.01663356643356
27.165833985330075
8.92850886297376
17.263372346786248
18.503935433070865
7.751904081632653
9.392964516129032
10.806569248291572
16.668823890063422
8.259297626841244
8.946803369763206
13.552089024390243
17.13634663212435
23.510111111111108
30.81171379310345
25.356060215053766
11.536619047619048
24.600445591939547
11.803246360153256
8.12349491217444
24.138578106508874
9.45518093645485
13.904548717948717
7.00617026657553
9.976634911242604
18.229396774193546
6.390521739130435
12.639616417910448
18.78725807860262
26.49984117647059
12.75265
9.962870053475935
22.296184592145018
7.605346511627907
8.223512541254125
30.11054637681159
11.235685756676558
8.130186821705426
10.20201213114754
11.198423624595469
8.123112127584998
26.52402891246684
7.757915022624434
7.022551851851851
7.759509309309309
13.554019191919192
22.759050140056026
12.209673033707865
7.917916610169492
7.747519607843137
25.02071417322835
10.151837949836423
18.942593121693122
10.384436543909349
25.39870906921241
6.497783969465649
7.296338993710692
11.719120435510888
14.688801385041552
11.490837931034484
16.92838039215686
17.48327596153846
10.396621373200443
7.366515533980582
8.63241304347826
21.89336011560694
12.090725438596492
13.428705597964376
13.41874089219331
14.534535680751175
7.869882013422819
9.844833333333334
10.559808474576272
15.116694594594595
7.220119672131148
8.05284716981132
6.989222807017544
9.310672067039105
5.9631573687994255
14.404345120405576
13.079073879142301
10.377509386281588
13.59421747655584
13.44791705345502
7.1983257644110274
23.209169230769234
12.135092307692307
