10.52829836859859
18.03759523809524
13.394271936056837
10.504709112709833
21.73891100917431
23.669775
21.065425153374235
16.57159203084833
15.402635828877004
10.178333871409029
10.371907936507936
7.804318713450292
12.256216885258187
10.307519439830461
15.807852162849873
11.939236092553363
12.349910350877193
13.658853284671533
9.143012740306288
9.160041545470474
9.88105442739079
30.337696741344196
9.52929132435097
10.125697879207008
9.96230618131868
18.741290101892282
13.860582684973302
8.486187907094168
21.488302392344497
9.628745919540231
10.346491162029459
11.929208096280087
27.250547619047623
8.659140677966102
9.151483594470047
11.041936947791164
11.785554008438819
16.14649785522788
11.738524691358025
10.303159493670886
14.51831554404145
7.681688571428571
14.358500000000001
15.576060975609755
8.800362962962962
12.214515789473685
14.8197
15.639722922636102
6.47556716981132
8.342226587301589
6.337033333333333
8.724119314641744
12.561194645669291
10.247278031088083
32.59328964143426
13.672279727685327
8.433970967741935
17.107468115942027
10.206488971962617
12.4524875
8.052957538035962
10.6811
15.368452914544426
21.132180996884735
7.55055391997103
23.161985714285713
10.723255174262734
22.407183185840708
10.041113273001509
8.053869458550016
8.075375656430797
22.2055303030303
12.535396219931272
8.85929061141698
26.260790537084397
9.853993082482505
9.18145
13.314029496402878
15.235333228840124
15.77007293640054
9.290037606837608
9.648165625
13.6352
19.222912144212522
23.028103438395412
11.374621042084168
13.477790538922156
28.342561883408074
15.25652210338681
14.621221035598705
10.220001406120762
15.906493533487298
14.270113793103448
14.428355944055944
8.186430536130535
8.95129540229885
10.236423353293413
6.637898639455782
8.953811221754115
11.496273333333333
10.7915802259887
8.534762429906543
17.339266812227073
7.078480952380952
17.31721884057971
6.604699999999999
28.90249911894273
12.981802127659574
8.455896994219653
7.863478942261038
19.2594978021978
11.389227272727272
12.411597196261683
7.026882488479263
17.17601004784689
18.13288018018018
10.486575044247788
8.73637060058309
24.21158954423592
8.175712727272728
17.832539215686275
14.88072643391521
10.7625
9.425342121212122
8.521968034188035
8.562400284900285
24.78266991150442
9.275483580194667
16.649786956521737
6.917843089430894
29.65993887587822
15.967206220095694
8.65577926267281
13.014840845070422
18.84837067669173
11.909465853658537
13.859968518518517
12.517766666666667
8.289240103270224
10.135655555555555
20.56099641693811
30.2420640776699
11.57481524822695
8.392865188834154
13.836472222222222
11.231305970149254
11.37958523206751
7.206681420765027
6.949200177377541
8.252658558558558
22.345999690402472
21.180936363636363
15.774936734693878
8.024782077922078
12.852564516129032
10.553996788482834
12.011342857142857
11.882962280701754
9.375077235772357
7.098192063492063
9.026887755102042
16.269280487804878
14.524854512635379
13.637331195840554
18.47647638376384
7.987026315789474
11.884158108108108
13.550561847389558
25.408380952380952
11.866765591397849
12.575271428571428
11.80856896551724
42.4341462585034
9.144040893470791
12.75841287128713
10.197928571428571
21.395167615658366
13.445260173160174
8.014273134328358
13.55751052631579
12.067140229885057
14.426579532163743
12.076867791592658
11.241811959287531
8.441597940503431
22.34934265129683
13.274883333333333
15.028950279329608
21.26592372881356
17.67412396313364
8.393258620689656
12.910777404921701
16.72269906542056
12.035067122416534
10.339659299781182
11.030045454545455
11.085476190476191
7.136472893772893
9.63950162601626
11.183619452054796
9.13208086619263
9.855147222222222
10.541985572139303
21.442711550151976
25.2081870523416
8.162263823227132
10.268026232741617
9.07875699520118
14.974328400597907
11.377444943820224
10.923326406662605
9.385967978723404
24.416894186046513
10.632668970814132
11.151219633867278
9.252128560912771
9.608455739058629
10.863659218939
27.881578070175436
8.812336363636364
24.100067952522252
9.830295871180843
20.302466101694918
11.994104301075268
23.484554437869825
10.620043859649122
13.103845794392523
8.069424939825957
8.647248387096774
7.816999346405229
6.509271162790698
10.39976488372093
18.820529118773948
25.186488451443573
6.83752632283065
19.98864035087719
8.519521951219511
10.771274531835207
12.813823404255318
11.769109523809524
8.268986744730679
7.584871136827774
17.686624271844657
8.175577083938425
12.292950955414012
21.569919584569732
13.38852748091603
9.180380398671096
10.425128205128205
29.076613800424624
6.308618
7.354338285291944
20.56099641693811
7.479178368794326
17.839235338345866
11.345010416666668
9.97505
14.347154545454545
6.5666215513009325
17.91531632653061
7.010000082987552
12.7275329004329
8.476667668097281
6.50605306122449
8.478065751633988
13.727248746518105
21.42351146496815
7.476158736059479
21.54978098159509
19.46277014925373
7.2288237679578105
15.665005263157894
12.050437313432836
9.2513
16.972287234042554
6.589240534759358
8.5860169550173
7.2771888888888885
10.700081818181818
20.826060383386583
12.95975988023952
13.760157142857143
9.868290476190477
23.043119241982502
16.013009589041097
17.76317027027027
9.821930012610341
12.190242056074766
6.843074248927039
13.945332377740304
12.700100330033003
14.536888059701493
10.163018875502008
9.5787
13.599618279569892
12.30099648241206
9.756064157706094
7.307102777777778
6.592407344632768
8.265121848739495
9.277622872928177
20.36803712374582
6.431971967171069
19.519483486238535
17.015922312373227
8.882374028629856
15.023357142857142
9.77414550625711
7.606968331417825
6.4298142857142855
14.582111111111109
9.483731578947369
9.153729399790945
9.61787291763611
7.934172392638036
10.228133333333332
16.592473684210525
13.3820973131822
8.780619523809523
16.306617307692306
7.264930922693267
6.859872353673723
10.285450253807106
7.605607164126817
11.755525
9.061290759075908
21.262921052631576
32.27182623274162
24.262235294117644
10.732424731182796
28.885323893805307
17.064823076923076
9.72960752688172
19.311775806451614
19.08598131868132
10.510072336448598
8.139748611111111
19.62916883116883
19.2631683127572
11.51283417721519
23.343214754098362
8.122777266387727
25.522672115384616
19.064966666666663
9.925251128818061
19.87519552238806
7.671048856548857
7.665514893617021
16.051069696969698
13.005738929440389
9.103444444444444
8.01904062165059
14.822465217391304
26.793141647597253
25.058936559139788
16.46445140186916
7.6099136986301374
11.552659307359306
25.226073333333332
13.094805128205127
10.417992857142856
9.036013821138212
9.092489743589743
11.026918528610354
11.609044715447155
8.599082716049383
8.990716666666666
12.585966531986532
32.904050929368026
26.67297591240876
28.432306451612902
11.724354606365159
18.270275464684012
15.358188311688311
12.470377033065237
26.926418385650223
16.042636322869953
8.67973352601156
13.920467908309455
20.72516581469648
21.54978098159509
8.71208904450669
7.87721067961165
20.240546735395192
21.35603865030675
19.51656962457338
24.842910256410256
8.22838088235294
17.597138016528923
12.340680725022105
10.185779532163743
22.26417195121951
10.456293457943925
22.75545202492212
15.18401436314363
21.884323197492165
11.649059848484848
31.5489064516129
7.787198635926993
12.60277949790795
18.865474412532635
12.197354780361756
22.98152857142857
20.890124999999998
10.102334488517744
25.141738297872337
10.269866332218506
15.325373156342183
11.14129305210918
11.53405026123302
18.2356423580786
10.753139814814814
25.35551881188119
18.89206155268022
12.621554014598539
17.00735659472422
23.266480547112465
7.449763908045977
16.669925531914892
8.010562745098039
23.17883658536585
25.5781038277512
18.128961776061775
20.25893660130719
20.98423205128205
10.942311872146117
22.36644777448071
24.337026373626372
9.012261403508772
10.7941594224924
7.108204888215233
20.20842949640288
7.43370197044335
23.315266279069768
14.806330508474577
20.08214516129032
12.255798245614034
19.305853359683795
21.29034200626959
19.849307067137808
8.125144444444445
9.603482716049383
13.31569846743295
22.495953631284912
7.426444478216819
23.546415625
22.665587179487183
18.734996265560167
8.579931154156577
23.839903191489363
9.621343018867925
17.16738031496063
15.000109478672986
21.449186238532114
11.776630337078652
12.982899999999999
17.102315384615384
26.38114536082474
9.229179289940829
17.01198495575221
19.484633807829184
24.034351933701657
13.924962032085562
21.876091082802546
9.893492156862745
8.66325890410959
14.35923428377461
25.689246666666662
17.022415981735158
16.607405263157894
13.94933680981595
20.42801460674157
21.20272580645161
12.050763962264151
8.0716
21.892004402515724
10.37062197309417
7.5953302808302805
8.238329189857762
18.616683783783785
9.29497543624161
13.669817283950616
4.281422222222222
18.642049206349206
8.126787394957983
16.751969527896996
9.956533070866142
15.459333333333332
10.786767007672633
8.79833054187192
9.114222222222221
17.1714298013245
9.338905072463769
13.041830041152263
9.767829032258064
7.78394203821656
20.8232472392638
9.638761942257219
9.801853110047848
16.29629541284404
8.98622561983471
9.90693680981595
7.58409523099851
12.257157268722468
11.61208817204301
23.248881818181815
12.098970772238514
8.168457908496732
13.677389156626505
7.637240055504162
10.132474358974358
7.567269230769231
8.95444496257916
7.4077388185654005
14.312106593406595
7.232148740190004
16.543155555555558
7.555838356164384
8.860226984126985
11.919657723577236
22.589027777777773
22.690382840236687
8.25906511226252
10.856732478632479
16.152895744680848
10.626753216550892
12.720601960784313
12.203907407407407
15.202337837837838
6.950089177489177
6.148863636363636
11.464058974358974
7.774570134874759
7.653497342192691
7.806501126760564
9.139271974522293
11.569277464788733
11.618133333333333
10.391111990407675
6.958211711711712
8.341856635514018
15.768636363636363
11.744590870488324
32.592649532710276
9.844818817109665
8.062272435144656
8.960098368883312
17.215489830508474
7.6561500768049155
12.071366666666666
10.492570558375634
19.810839568345322
10.198988888888888
20.14338085106383
8.743599099099098
13.428174221338635
11.478762962962962
20.286250871632326
7.763227123165851
7.771275784099197
8.215494256502781
10.109032733932734
7.870948266100496
8.03981436314363
14.684488663967612
19.1484859922179
11.351977358490565
8.063817763975155
9.328208474576272
16.858187257019438
20.737702675585282
17.220544444444442
8.486744051825678
7.731568322190386
8.177571794871795
9.039316738816739
15.966648743718594
11.760219093851132
11.211797297297299
8.056710320781033
10.674642592592592
11.61830790960452
10.241231873479318
20.99829661016949
21.450741379310344
12.031144155844155
8.957353746770025
9.728216944444444
12.96904229249012
10.563782291666666
16.445612328767123
10.427733333333332
13.461735294117647
8.259172727272727
9.312597692307692
9.952760162601626
16.0616282051282
10.793408542713568
13.520219444444445
23.587023880597016
9.345194901960785
7.527780341880342
12.171146305418718
14.913553107344633
22.923962721893496
22.401283333333332
13.787171337579617
10.108386084142396
8.3772509009009
8.341576470588235
12.650219540229886
12.75745223880597
7.462567563527653
7.505981481481481
16.023878260869566
18.391915384615384
9.973856040756914
11.35259934640523
14.487137398373983
16.50917678571429
10.000984848484848
23.730030919220056
8.07153712121212
7.980529090909092
13.64836951219512
20.51332142857143
7.477833333333334
8.876113793103448
12.774885992217898
14.68179947089947
11.174078947368422
8.76250430976431
9.581476211453744
8.644930769230768
8.338107207207207
11.198115533980582
15.918229032258065
7.984619712230216
8.884785714285714
12.809709427609427
8.562417886178862
17.135309523809525
12.75265
12.938798765432098
24.842910256410256
19.75219621993127
8.824039393939394
10.63093539823009
8.5722373253493
10.88692508250825
14.659314634146341
9.507873112338858
9.444891153238546
18.165033333333334
9.813729015544041
8.434237293729373
13.638742424242423
18.078120634920637
15.266447252747254
7.451822162162162
10.934242424242424
16.38471052631579
13.087003703703703
21.374079220779223
8.625853832978974
10.2649625
6.709683006535948
9.355642446043166
10.200185074626866
7.332212980769231
6.330276377952756
5.0592
10.300042070275405
9.466154593175853
14.220379569892474
11.379761669324827
13.367913405797102
8.41795074460682
10.64452294407159
9.680742708678975
12.180617582718074
11.06366319088319
8.171259552700452
13.156950265486724
11.717283823529412
8.284950580997949
11.325348717948717
25.315868690095847
24.55455038560411
7.347703375527427
13.129706802721088
17.4585
11.040151851851851
10.248615050167224
8.803529411764707
19.464257251908396
13.444935897435897
16.023397674418604
23.790231054131056
11.563676556776556
16.44127352245863
21.463966666666664
15.492655445544555
13.51673387978142
20.51332142857143
14.564714285714286
12.09374200913242
21.24514578313253
17.86968987341772
19.713686440677968
17.50882771084337
12.590073509933774
14.574215254237288
7.449080952380952
29.513333198380565
19.52589109947644
6.717766968325792
7.557579069767442
16.84522727272727
17.77973410852713
6.569050811485643
13.74704824016563
26.895589486552566
22.62679968652038
8.841175226337448
19.99124693877551
10.140982901554404
13.614703672316384
15.00608024691358
8.563438099196453
17.45705864978903
18.74378664259928
16.230265048543686
10.085798113207547
32.1629280961183
22.012014814814815
5.35514108814697
15.967206220095694
8.277084210526315
12.993920930232559
21.292706024096383
9.359258935361217
13.2893522875817
6.464289090909091
11.375230474040631
14.684908556149733
10.47256511627907
14.395485074626865
15.786996703296705
15.227322222222222
13.215107317073171
18.027602262443438
15.848707299270073
13.365565753424658
8.043104761904761
20.065360526315793
21.207246099290778
7.098192063492063
19.88275
11.802493984962405
13.626421582733814
8.003876323874932
10.469787687687688
8.93013819709702
7.411486705863139
6.171246827950071
29.052064523281594
14.794652024922119
18.26959557522124
20.912683116883116
20.547464309764308
8.267971732522795
21.74396058631922
11.981281518151816
8.055510240334378
5.135301449275363
22.53303559322034
30.402958939096266
24.637477049180326
15.481545454545454
24.38745995807128
10.969486505538772
19.31382274368231
8.777738379530916
10.394184080914687
8.440142857142858
20.994328571428568
10.390488775510203
22.764472222222217
19.810839568345322
17.075154545454545
18.05076923076923
12.144991228070175
8.375109195402299
7.180310053475935
25.796335922330094
26.838153598014884
24.049876595744678
8.50918918296893
8.955337905759162
7.162996518218623
6.761066129032258
6.931563387978142
10.399909318996416
10.318615866084425
8.037444693140793
9.265618604651163
6.958087301587302
8.200399421965319
8.68978109069354
23.750736437246964
7.00366142557652
8.46293354037267
18.77927323943662
7.8473471057884225
9.096193333333332
5.476637442922374
11.776683458646616
17.851199212598424
14.30707894736842
22.77717777777778
18.659348818897637
9.58354094488189
10.973748987108657
6.737612331316891
7.488495968992249
6.729544074074074
15.899679487179485
10.284670590631364
16.241403167420813
6.096744034440344
15.051210416666667
8.847121097046413
9.014428524281
13.470962962962963
12.050437313432836
26.178885354691076
7.225772727272727
9.185911475409837
17.361883690987124
6.786694336283185
6.748023076923077
7.225848059701493
8.445038983050846
6.605739712230216
9.483731578947369
15.266447252747254
6.266019999999999
8.015284988962472
18.472852755905514
7.801717543859649
14.838390265486725
10.437525646437994
19.362566666666666
13.063128571428571
9.345189932885905
20.851810344827584
23.110826627218934
9.123575949367089
15.766432608695654
10.180178478081059
11.174627536231885
6.681000275482093
8.6268125
21.886741558441557
20.12939710144927
8.60078428286411
10.86121951219512
9.219760827250608
12.385593706293706
10.197550306748466
10.77653786407767
15.804266071428572
14.111648387096773
7.251571317829457
7.214697849462366
14.993331372549019
11.80856896551724
14.896631843575419
6.0745678899082565
10.805059349593495
12.40455100671141
27.613544743935307
10.336560606060605
18.77160082644628
20.018884555984556
7.85546308539945
10.112947619047619
8.13471505376344
7.355329752066115
7.940279846429658
12.820261764705881
24.173378761061947
17.909
10.125008737864077
9.957284247538677
17.72387065462754
11.1675
12.24598178694158
20.223542335766425
15.857071428571428
7.637780233576643
9.607319723865878
17.79018101265823
11.901793693693692
9.852718621179815
8.799022772277228
12.290857057654074
6.816149357326478
11.332162875399362
10.942311872146117
11.030136994219653
14.074202325581394
24.233286351706035
23.11687142857143
19.21755294117647
16.884132653061222
7.388139727361247
13.829339344262296
10.598962086513994
7.5973985507246375
40.27217896995708
9.434252238805971
12.9543983805668
6.853249573459715
13.23649627749577
7.14530606060606
20.08836440677966
21.212398305084747
9.267649206349207
12.348664957264956
8.251928903654484
11.99505072463768
10.230655319148937
24.658304255319152
21.969519081272082
9.105681609195402
8.859037463126844
7.963643570379694
15.535767889908255
14.690772727272728
11.67271052631579
7.678712594171998
15.983954545454544
10.167116949152541
20.265844262295083
10.834659553695955
11.67470637254902
6.869271929824562
17.82789674796748
38.01043653846153
7.4945871382636655
10.479257575757575
10.863676250000001
10.887427586206897
19.165371042471044
10.164247603121517
19.697242446043163
17.17338
10.969998305084745
10.363431637995511
8.895643800178412
22.955720603907636
20.71529609120521
21.614801408450703
7.293395597484277
11.821056756756757
6.323946428571428
7.985925
17.24709587628866
10.000324915824915
14.013439682539682
16.416906282722515
9.099357594579335
7.097854443309499
17.537173504273504
11.114323696682465
23.435777323420076
16.33423612565445
16.339630555555555
21.179191373801913
8.095645716709075
7.968800987091876
10.682896420581654
11.287385596707818
12.365880141843972
14.02485990990991
8.058804377104376
27.028777437325907
8.970259954878737
13.98429941690962
15.345644700460829
17.369203508771932
20.75740896057348
9.582493767705383
18.566916666666664
7.413186725663717
13.435164968152867
8.536911027568923
8.39026
10.288240020263425
14.017941891891892
10.983478754578755
20.12048767123288
11.663316438356164
14.221140425531916
26.146489162561572
12.489220000000001
12.065833333333334
8.0100236673774
9.68332492211838
10.282872463768115
17.102315384615384
8.54165
18.84837067669173
6.529322727272727
7.283219576719577
6.424301886792453
8.808772061657033
10.209466336633664
16.987916666666667
13.403200578034683
7.221451351351352
18.7557552238806
9.877645238095239
7.699356168061917
7.905966063348417
6.604143137254902
18.443802249488755
5.692871438286296
10.977034200542006
12.4090311827957
9.270939846743294
6.987724154589372
7.1089910344827585
20.483776510067116
8.615237637867647
18.097738427947597
9.417686837011228
20.37203482428115
7.036595238095238
8.147564135021096
8.827738796992481
8.570366761565836
5.807082608695652
6.205128571428571
7.831260896860987
30.74419666011788
6.2464227513227515
9.973148101265823
7.4886212121212115
21.139827335640135
8.47314656862745
7.328155264632279
9.002343478260869
7.637126666666666
14.836052777777777
20.046555516014237
18.943892424242424
9.865748563049854
11.295409469696969
10.716583392226148
11.244729885057472
19.962649494949495
12.534589915966388
16.21188813559322
5.893626082130966
21.976904123711343
7.161551862464183
8.44612564102564
23.29131242937853
9.304323529411766
13.857908108108107
15.287254066985646
12.577208090614887
8.129411564625851
25.47904583333333
26.64902380952381
9.185091004784688
20.76939178082192
11.776683458646616
10.601901843317972
21.518775675675677
5.3295777269260105
15.822740206185566
6.546347112004018
9.148852941176472
8.632645454545454
17.68029344262295
13.254194117647058
15.92705
27.935166666666667
15.373040540540542
9.095583018867924
23.53791604278075
13.149264383561643
9.324213381294964
28.793590039840637
8.29826895522388
8.563969297284132
8.855908333333332
11.906912254901961
9.940726950354609
15.463760194174757
6.949967464114833
8.48048108108108
9.714846153846153
11.932964966949953
10.96705
7.518144118844119
10.45233244837758
14.130719354838709
7.345881771170006
22.19014437627812
11.505560550458716
17.503350943396228
8.719534982039239
18.804116143497758
8.779990196078431
12.823862679425838
12.93498787878788
12.753754421768708
14.915290532544379
14.076446814404433
9.514944534412955
15.842779069767442
14.199053874538745
9.12004188034188
16.701681818181818
22.053024041811845
11.185462962962962
16.279738202247188
20.977402236421725
12.110634210526316
18.823284313725487
9.789646468401488
11.390287782805428
15.208661963190183
18.432194230769227
14.328165168539325
15.259524083769632
16.79114107142857
8.75762
12.715690322580643
9.987331924882628
12.13260243902439
21.186187500000003
12.729113824884793
10.8071
13.810783333333335
32.89193366336634
9.826848895292986
14.053161702127658
7.89971532881249
15.21524382022472
10.557754583333333
18.677928125
19.259865124555162
11.3434223880597
22.329809090909094
7.11648021978022
9.218948089730109
19.81769349593496
13.849177777777777
18.831273033707866
19.403852238805968
25.849487012987012
12.544787022900763
13.095424358974357
13.054310778443112
16.19103333333333
8.981025654450262
20.291849999999997
10.875618614718615
18.94003394495413
23.302098850574716
26.562356074766356
11.420576923076922
8.00453908045977
9.183904210526315
12.38014776119403
22.734039350180502
18.378182729805015
8.827158385093167
27.056847494033413
19.20165897435897
10.882984615384615
14.514709523809524
10.216185561497326
14.902979207920792
14.17791219512195
15.556309523809524
9.110944444444444
20.40545671641791
18.57183333333333
13.512162256809338
15.195586390532545
8.772179532163744
6.565845378151261
9.852916438356164
9.90776274509804
10.25693076923077
7.605483783783784
13.297961538461538
11.78046834532374
9.957288950276244
7.442089010989011
7.577996136567835
10.821458333333332
12.861169387755101
7.350681198738171
18.868975889328063
22.943882320441986
10.28671935483871
13.962750602409638
13.852465644171778
13.734439393939393
7.147376729559748
11.362689830508476
15.371239393939394
8.56915582822086
8.748004402515724
15.09293076923077
15.581864251207728
10.260467420814479
6.856122222222222
14.52778366013072
12.588715384615384
14.984561386138614
24.811979452054793
10.009515384615383
8.89567628458498
8.29397326007326
17.495932411067194
11.527784615384615
6.368839393939394
12.559375
14.697835519125684
7.458566666666666
15.575782051282049
11.971913793103448
9.242777824267783
9.982354545454545
9.326519607843137
11.263857983193278
8.328993598233996
15.508306392694063
7.737710526315789
12.50528961038961
7.488207841409691
8.554080952380952
12.327950187265918
13.564976315789474
6.876309523809524
6.659754838709677
7.734702898550725
13.29082925170068
13.045568421052632
12.239747058823529
16.457515384615384
16.850978431372546
11.45361715210356
14.971622705314008
8.110527927927928
7.441543262411347
15.598782464454976
9.115394382022473
13.556729769392033
9.229951519119957
10.321875582839013
13.436876988155669
8.105840398860398
8.59316634828586
19.329071428571428
22.530748275862067
7.387464916041443
16.61841900826446
12.162835714285714
10.875250574712643
14.072817525773194
11.352365020576132
6.607968571428572
14.13594347826087
22.769407182320442
10.163333980582525
22.995882965299685
13.075999319727892
19.38684615384615
16.809340909090906
16.47951525423729
6.921309133562715
15.255801492537314
8.520058284480099
6.2577891605785
14.210901324503311
10.472228687572589
20.240408090614885
22.108600621118015
16.468896491228072
10.759335882908404
22.48527142857143
8.915963715783343
6.425629390681004
16.65443076923077
24.344187499999997
7.210587804878049
23.96587346938776
6.118769387755102
19.71829430051813
9.762041552511414
13.014258844765344
20.782846067415733
17.375436170212765
8.620897808219178
8.98771095890411
7.804234098360656
25.421504395604394
14.791859785522787
18.686783032490975
17.44277479674797
15.649261809045226
19.87797900355872
21.522205882352942
22.3345012012012
9.487519421965319
21.461344444444443
24.04643469387755
14.090972025723472
7.946940293040293
11.246355021834061
24.57097624020888
10.843548401826483
8.38142346656114
9.200484052287582
7.973452502274795
15.609907920792079
18.379454744525546
13.933848948948949
15.669095238095238
14.052410791366906
24.316173490813647
19.500726989619373
21.987501719197702
20.001586689419796
13.719475079872204
15.625090909090908
8.044870994152047
22.45451559888579
23.02229292604502
17.075580952380953
17.58485294117647
14.138068454258676
20.588445341614907
24.39906062992126
17.27089834710744
13.260048387096774
9.452012573839664
7.5798830508474575
14.071714705882352
9.7482
19.304381647940076
10.900477777777777
20.08739568106312
7.286254890219561
7.3369625391849524
13.205773758865249
9.385235714285715
7.045184251968504
7.711787410306588
10.68164716981132
13.285133333333333
15.020129850746269
11.179007086614174
11.30333779527559
20.663862866449513
7.12672875
14.554560465116278
6.673166666666667
6.976431460674157
10.31475
19.256715899581593
7.408772958801498
12.565798039215686
11.310923529411763
12.949
16.90509574468085
9.097282608695652
6.266727601809954
10.78124862385321
11.693833333333334
12.228285987261145
14.371464556962025
7.668654706831631
11.704151724137931
8.913071428571428
11.334546280991734
8.066256643356642
5.7912831683168315
17.123936286919832
9.558933707865169
15.553318181818181
12.87243245614035
11.40476862745098
8.21117786259542
9.634507692307693
8.050922933965994
10.216185561497326
7.642952380952381
9.870522222222222
17.251442574257425
7.336997865353038
14.397441666666666
7.4611629629629626
18.715703278688522
10.467723529411764
12.4985
8.636405732484075
2.6091863247863247
8.439572118959108
8.71480465116279
11.174955963302752
15.857071428571428
16.44535714285714
13.877814285714285
10.161342307692307
12.861169387755101
6.39484081632653
7.2934404643449415
8.69741623931624
11.427026470588235
12.284058904109589
14.445033333333333
8.035116047904191
15.790284905660377
13.1392
7.643404126984127
11.736055555555556
6.9932122123893805
13.099046788990826
9.266166666666667
8.512635779816513
7.732297701149425
7.375847708894878
11.916020925341746
9.105849206349205
14.834639600840335
8.720546376811594
12.431509523809524
8.656504329004328
7.091072067039105
7.169435593220339
7.082592399403875
8.541532792792793
10.212401385041552
10.875764055700609
6.51489746835443
8.492466197183099
8.761694444444444
7.259891604322526
7.760008227424749
10.030388888888888
6.869484615384615
22.542482172701952
23.939392783505156
9.684724468085106
8.24417619047619
7.3781249056603775
7.362159706959707
7.704730081300813
6.62533438308887
9.628963787375415
9.09835436893204
7.940258324890239
18.825166666666668
7.345326666666667
7.545558944658945
6.412541666666667
7.791528571428572
10.713677202072539
6.541480842911877
9.714661240310077
7.260473423423424
13.835425966850828
19.423183916083914
6.590520609884333
7.794877368421052
11.885801785714285
6.979026506024097
8.471152208835342
8.237064102564101
8.809115505617978
10.757561635220126
6.578650793650794
18.782944444444446
11.17390909090909
23.730030919220056
6.108213636363637
9.233836708860759
10.872755276381909
18.158518106995885
4.098677419354838
7.64036848436247
21.59404862385321
11.54037657992565
6.513238805970149
8.704776891615541
16.48619565217391
5.991628846153846
6.788587719298246
16.66264867256637
5.799569230769231
23.45763432835821
9.504691581342435
5.758531469979296
18.681109523809525
9.506925531914893
25.806394852941175
11.765861904761904
13.118826829268292
15.983954545454544
10.825984090070136
12.866033333333332
17.002614285714287
15.21445
17.53356993865031
5.577231857813548
4.813379545454545
7.153802127659574
7.988043302180685
8.500943715846994
7.506229292929293
15.054708695652174
15.74123043478261
6.925011520737327
7.015178908848969
12.165571186440678
14.748956140350877
14.788348076923075
16.413128326180257
19.20992568093385
7.852199705882353
7.947611004016064
6.0485664995822885
17.780524778761063
11.257184210526315
15.27597807486631
14.108428395061727
8.481024675324676
10.076563839203393
15.869532599118942
9.38151797752809
12.517766666666667
9.943266666666666
11.534535772357723
11.246355021834061
13.573447486033519
19.762520437956205
8.782283502824859
11.199090909090907
9.596070695970695
11.083258333333333
11.95165806451613
11.009681308411215
12.559375
9.62503492063492
7.041816312056738
10.483756402877697
11.827741025641025
9.424888755020081
6.928924016563147
9.954996103896104
13.217772972972973
8.541331578947368
2.553140476190476
15.219066336633663
6.833621167883211
14.722252083333332
13.531282417582418
7.890504109589041
7.658055769230769
13.58467192982456
14.566518367346939
13.537840540540541
8.928615789473685
9.345826916221034
9.24295821596244
17.8144125
17.33028149779736
11.299072043010753
10.970125
8.002547978142076
7.850679487179487
13.740382352941177
10.226432530120482
9.625116042780748
14.29270476190476
10.072969696969697
16.6164330472103
14.647079591836736
6.710152173913043
11.625502898550724
10.614337837837837
10.178575
7.218228948545861
6.94321568627451
3.0963102803738316
10.326729965156794
6.477269642857143
7.507897683397683
10.343026315789473
6.746914492753623
15.01608846153846
5.478609900990099
5.7949199902959725
11.258931007751936
16.412608474576274
13.535738216560508
14.98782602739726
5.576063636363637
17.549805263157893
6.054968965517241
14.225348351648352
9.369910204081632
14.557772916666666
7.010415503875969
9.668576288659793
17.095464928909955
7.808844458598726
14.994095652173913
5.8459875
13.880333333333333
12.621554014598539
14.523115384615384
6.538946511627907
9.192637931034483
13.168570588235294
12.129166666666666
14.261266863905325
3.3647412322274883
17.86664702549575
12.267131746031746
16.45859523809524
6.557923587223588
15.59837149321267
6.058280733944954
18.383308510638294
19.204536090225567
16.522075879396986
11.461133954451345
11.15124074074074
19.80565657894737
15.343398113207547
11.870360714285715
13.215107317073171
10.94305867768595
14.683723529411765
6.839435343383585
14.134005202312139
20.531952014652013
13.83499398907104
14.765344444444445
9.820132067510547
15.740555502392345
2.5118017391304344
16.042756459330143
13.307790395480225
8.710957142857144
42.782113536379015
9.04413664245359
12.175724778761062
7.229217554240631
10.809248618844853
30.475356913827653
12.369234782608695
9.902083333333334
15.11881345646438
18.285975757575756
17.619303791469193
17.121603083700442
16.468896491228072
24.183402824858753
9.819847311827957
10.698746783625731
11.434009163346614
12.192681512605043
14.69013654822335
19.628706020066886
17.365291596638656
22.223349006622513
6.491542259414226
14.92884345549738
19.796035616438353
22.40258996960486
10.38440909090909
16.747142372881356
13.133445222929936
25.351258839050132
17.540591509433963
8.566727083333333
13.304555813953488
22.358733333333333
14.02871052631579
15.078831986531986
26.712768512110728
22.477111111111107
29.238985572139306
24.612096460176993
22.997700000000002
26.420099999999998
22.592585572139306
7.098557777777778
19.36826442687747
13.573713259668507
12.171342105263157
13.37209746835443
8.590353787878788
7.194549612403101
7.8418206068268015
12.638820647773278
10.6100956284153
7.6050539390088945
12.32087037037037
7.936963257575757
15.008961538461538
7.009962047244095
12.859787573964498
10.961925
9.176966666666667
10.02584693877551
15.59614662576687
14.263336781609196
7.853025232067511
9.203583333333334
23.082556097560975
9.68595945945946
12.260976422764228
12.23924623655914
7.578335340768278
13.345012164296998
7.737583229813665
11.363868707482993
8.69741623931624
13.772509638554217
7.395768217054264
14.608997727272728
8.491160188933872
9.184776470588236
8.199714470284238
16.892340322580644
15.629094594594596
10.652108163265307
9.097483451536643
9.000741860465116
7.476173463035019
9.498787878787878
9.833833333333333
6.254612643678161
10.259110526315789
12.426444927536231
18.298672463768114
10.338948309178743
9.092085321100917
6.422328909551986
17.491184523809522
16.296082926829268
8.74911935483871
18.085277966101696
10.74015308056872
12.720453113553113
10.832405035971224
8.404016577540107
17.570923008849554
7.19816649380582
11.415495175438597
9.442566666666666
9.983345246690734
18.3041140969163
12.157698418972332
11.53950861244019
8.633782080924856
10.153254430379747
19.80327718631179
12.569192307692308
12.89452914979757
9.440683783783783
12.220109486166008
12.736890825688073
7.881632422360249
7.5199365079365075
9.289348979591837
8.737355844155843
11.323634265734265
13.814554335260116
6.326313347495132
7.763428571428571
10.284239544513458
10.010720924574208
18.797094366197186
8.9587
9.255295698924732
11.705126035502959
14.821177300613497
8.515416566866268
8.10350145137881
15.581864251207728
16.18425067264574
7.398619268197742
14.13870701754386
23.20021111111111
19.893
15.544647916666666
8.014474603174603
17.284578571428572
15.446629936305731
13.608371698113208
7.704257575757576
14.57238131868132
9.19974
15.39933870967742
11.001479591836734
8.415425603864733
19.265384615384612
6.677227272727273
16.83454761904762
10.130691958762885
11.65039156626506
7.899585562530179
13.026924427480916
10.935106698564594
7.061083333333333
10.78989510703364
12.656996551724138
9.753507594936709
24.975797297297298
8.441626627218934
13.888175167785235
17.9994515625
7.962752448021462
12.725650757575758
7.314768686868686
9.062159057971014
9.677996846307385
6.632240771349863
11.690591494435612
9.107949543147207
6.627750480526049
23.112887675070027
12.480055555555555
25.709142857142858
11.627812162162162
10.486616646927226
18.31002727272727
5.46631875
28.144592963752665
27.448813744075828
25.560008994708994
20.014044569288387
14.34920704225352
19.849842187500002
13.172253535353535
9.683003425229742
18.24341365313653
15.000109478672986
7.6571711297071126
7.7680077611940295
7.526007389162562
8.64485918367347
15.727144776119403
14.40283710691824
15.84605
14.843190445859873
6.755635519125683
17.597138016528923
19.303487234042553
16.718699126637553
8.591437546468402
15.031635135135135
15.418263730569947
14.27875806451613
9.857389655172414
6.82135618729097
17.957577862595418
5.061401899404908
7.808387080311577
7.452881148748159
7.51829540229885
5.753443974960876
13.0177
11.187625806451612
10.795465022421524
7.078113793103448
8.371896825396824
9.36922512315271
14.093846448087431
14.361166666666666
9.60323216374269
11.548409523809525
15.219066336633663
9.421770993377482
5.469726053639847
10.84663251231527
18.580402183406115
9.562518354190368
7.443836082474226
6.949584057971014
12.316694827586206
14.872259349593495
10.691066009852216
17.057853505535057
17.463255555555556
13.126038028169013
16.728970781893004
14.821858579881658
12.003833613445378
14.00801715210356
7.795984722222222
15.334358706467661
22.66686896551724
14.7015318537859
8.681697530864199
23.116121364985162
12.350429385964912
6.972108050314466
10.87127922077922
7.9202330210772836
25.001054241645242
10.518153333333334
26.218185788113693
11.137809523809524
8.940001639344263
7.0873591397849465
19.35948014184397
6.780335652173913
22.18846886227545
11.264749546044099
10.731104651162791
6.715035353535353
9.02412868852459
13.315229069767442
16.453486802030458
12.045829957805907
12.020058333333333
19.38684615384615
7.800702298850575
16.259373511811027
11.961815277777777
9.391366666666666
9.205308491620112
8.126620202289061
14.311054166666667
10.741237450980393
8.657166666666667
15.229265317919074
21.559274193548383
12.636847222222222
12.99514347826087
10.72993883185033
10.832153801169591
21.05881549295775
14.41814699140401
11.813197378277154
8.585880392156863
18.56119358974359
18.18394
10.577833333333333
11.861777777777778
10.600029004329004
17.378765020576132
7.727491688311688
5.784468950603232
8.838517543859648
7.740973298429319
8.53398
6.965221327014218
5.704486792452831
8.038543653618031
12.168273134328357
7.922616169544741
10.982225603864734
7.371477372262773
26.396992018779343
8.897163423423423
8.025605
11.080483404864092
7.570027272727273
7.602965476190477
9.233742857142857
6.798112619125862
8.976103361344538
8.560166091572661
8.689816424751719
11.047545238095239
8.911469772256728
7.005423529411765
11.482170588235295
15.732116243654822
7.564476255707762
11.929169306930694
7.344595238095238
7.450469626769626
10.818971966527197
11.825416666666667
10.7871359375
8.402399212598425
8.217217117117118
8.17585602484472
6.087156712132089
6.295083283383283
9.899257894736841
8.508543262411347
18.658076923076923
9.066585875706215
9.653570886075949
15.01491963190184
9.65016436781609
9.01138162168763
5.836879591836735
9.145191787439614
9.452190282131662
8.953897044334976
13.911944186046512
11.140669696969697
15.766244554455445
15.09293076923077
8.138546511627908
8.290066242038217
7.8481674619498145
7.100045238095238
7.841405307855627
7.945824678505817
9.334417665130568
12.027884615384615
8.731146153846154
8.23994406779661
8.539313888888888
30.55548661257607
8.647247679324895
7.105683333333333
18.49535714285714
11.674673913043478
10.02145592356688
9.545910279001468
10.087634782608696
10.601540740740742
8.349142857142857
19.156824637681158
14.412990476190474
7.254135714285715
11.656122222222221
8.240678205128205
19.65394827586207
6.821063090745732
7.319747311827957
17.1332902676399
13.172015634218289
10.164930864197531
13.583590683229813
7.317581398359948
7.9390989041095885
15.180357142857144
9.920157065462753
7.506529527896996
7.638420638820639
11.006820812182742
8.730550847457627
20.266037546468404
7.18120184501845
8.14245705882353
15.989662790697674
6.92277056798623
9.048672727272727
11.285457746478873
7.837850104821802
14.074402958579883
8.431387943262411
10.713543478260869
11.333627710843373
18.871086013986012
16.740821276595746
28.061833333333333
9.901312073490814
16.854212386706948
7.571900454545455
11.244383146067415
11.023379069767442
18.4947102189781
17.237590909090912
8.929113836477988
7.2072481422924906
13.849061904761903
7.682547552447553
19.316057295373668
11.89629393939394
7.923140740740741
7.485825619834711
10.519358119658119
8.355872881355932
13.348376923076923
21.383928013029312
17.106670212765955
11.800789605734767
18.144481196581197
22.553866172106822
10.500609803921568
9.198854098360655
6.883687301587301
17.625653846153845
13.497633333333333
18.598140650406503
7.982734042553192
7.420931266846361
17.062617412935325
12.440344866920151
11.532772727272727
24.636294005449592
13.554617647058825
8.956959701492536
8.637810714285715
13.31044716981132
11.206800401606426
6.744035267175573
7.8980750067916325
11.279176335877862
13.407668292682926
8.282061403508772
13.56566129032258
11.463958373205742
8.67603923076923
14.541562721893492
9.371707530224525
9.413294492254733
7.474455364806866
19.393953968253967
15.80038598130841
20.52329253731343
7.789575
8.091572440944882
15.1355
8.190384239631337
12.544787022900763
15.579798795180723
8.89077023809524
6.7415
8.445441666666667
14.750056435643565
6.540397557997558
7.646415151515152
5.601013725490196
11.934021863799284
20.865369372693728
7.859235531135531
9.839366666666667
8.444416666666667
11.544738095238095
10.176412537136066
15.7504321299639
29.93482642706131
15.63252987012987
8.754617412935325
14.171591139240507
17.38797264573991
10.374925903083701
25.170489473684214
8.324439544047284
11.354625
20.324931399317407
21.54876394557823
16.861632142857143
12.441893939393939
8.087440170940171
11.339554748603351
24.126762275449103
10.481103790412487
9.086829559748427
8.351931914893617
12.192604697986576
21.690623547400612
27.123291608391604
8.246801127214171
11.22602
20.535331205673756
13.008728571428572
10.340210144927536
20.151630935251795
18.288330350194553
17.85923913043478
9.111432492113565
11.15034126984127
7.027492792792793
20.358435531135527
8.897052083333334
16.0597
9.844394736842105
7.767839728884255
9.508996543909348
26.10667721518987
8.822799567099567
21.20071212121212
16.327656294536816
17.612493774319063
28.59585416666667
19.962649494949495
9.61502258064516
10.058244729344729
8.047123760092273
14.166501149425287
10.176261549100968
23.248881818181815
12.75244089347079
7.486645116279069
22.185730769230773
10.64513981693364
7.443436423841059
6.278784548104956
21.123863467492257
7.762145833333333
14.598254497354496
15.78223456221198
12.570844827586207
13.399737982195846
11.01323280839895
8.242943010752688
6.989437373737374
20.926731229235877
6.571265853658536
7.31080776203966
26.40058877805486
10.430927494033412
7.787409428950863
14.324834693877552
19.96147894736842
17.708696078431373
7.545110037878788
12.785855725190839
16.613517475728152
15.411507106598984
12.954435483870968
7.3405919540229885
7.587408819875776
20.069537037037037
10.100044071588366
7.76639696969697
13.447348484848485
12.260230798479087
7.340884339622642
23.577959365994232
12.024354185022027
5.752694796269023
21.535651515151514
9.774186021505377
10.707170731707317
10.302794977168949
14.2113
7.386715220293725
2.929063888888889
11.111388524590163
16.095526168224296
6.30875
11.214628205128205
10.585075342465753
8.653891186440678
18.184852427184467
16.24226011644833
34.214570212765956
13.983955590062111
29.35056896551724
14.152184784520669
20.681805565529622
12.80516017191977
10.585034969325154
18.93138695652174
12.2913343980344
25.107310126582277
10.33980551435021
22.352332352941175
12.313489054726368
22.41683214285714
7.315321288515406
10.205833333333333
12.805789451476793
10.25522907630522
17.963338759689922
7.068348328267477
11.716378601875533
11.548880295566502
13.128699326599326
6.067961788617886
8.242091256830602
23.01166923076923
20.10790082304527
17.121466007905138
12.946842196531792
22.44860439882698
4.223510574712643
11.083372324093816
11.005894091580503
9.38181268115942
14.48043613445378
11.930473431734317
9.732094871794871
6.8988283172561635
8.731301587301587
20.636709210526313
8.897562125902994
14.665302588996761
8.18918
9.531757427385891
17.46080625
6.873166856330014
9.3819
7.301183541553503
9.02681130063966
13.239190579710145
6.991152941176471
7.0573143805816345
8.316933333333333
9.745278088578088
6.559619116397621
15.13630989010989
16.230358004640372
15.792841144414169
6.368146153846153
8.91904946619217
12.370338157894738
6.9641190476190475
10.302092019950123
7.846409462112289
10.391111990407675
7.6365774049217
9.341058558558558
9.306347619047619
8.574288260869565
7.52852779587405
20.29150841423948
12.083764516129031
8.163259390862944
18.725221167883213
28.416799791231732
27.11698558558558
8.29211038961039
10.198250131233596
9.795296577540107
27.00361363636363
13.212318450184501
9.158922836095766
9.922694326241135
15.772564734299516
8.35522035225049
16.533785714285713
9.769931735889244
4.2615
12.142681818181819
25.47407899761336
8.52707543859649
8.756864835164835
16.11521743119266
28.333829914529915
9.143959047619047
6.74545990434436
8.120848675799088
20.072329702970293
30.37725991820041
11.916133862433862
22.491975409836066
8.159722418879056
7.75596401384083
7.681533333333333
10.472959259259259
13.316340366972478
21.813499999999998
29.43151234567901
15.89652508250825
21.457578124999998
28.705679831932777
8.898111612903225
9.608785545722714
11.991519402985075
17.464173469387752
18.10205806451613
14.800069811320755
8.703686225895318
15.716434463276835
7.991900938967136
8.45304632034632
10.970844329896906
11.158613242009132
12.150881081081081
15.765497660818713
13.174571428571427
14.519281818181819
7.325302935779817
7.250196048632219
15.21445
7.768348014226437
8.948883431952662
9.1911989010989
17.418169264069263
9.103302836879433
9.2378592039801
15.320536994219653
7.404958902275769
15.733775
17.382666666666665
11.406161788617887
7.321844342507646
14.630986274509803
20.991577777777778
12.016496825396827
9.389071962616821
6.0691325
27.21774220183486
9.966291463414635
13.048294152046784
11.247142869955157
10.568372268907563
21.198583333333332
16.18724705882353
14.438353012048191
16.19038427672956
16.96644736842105
17.005782352941175
10.75632196531792
18.238429004329006
18.204006306306304
15.865160240963855
12.12526338028169
16.650639534883723
12.304779674796746
16.344957416267945
9.034809401709401
13.448226742712295
16.126863636363638
16.470135443037975
16.62702817679558
10.932948387096774
6.447107301360058
13.174367484662577
33.79332580645161
14.241901169590642
13.924984848484849
12.223891304347825
18.779538461538458
10.53302685560054
11.984753048297703
33.412347957371225
2.6537881773399015
10.904707915936953
23.055391891891894
25.66703658536585
6.556052601880878
7.1008125
15.999096396396395
6.846224670109008
7.591234065934066
19.96810528052805
7.945086200194363
13.402435220125787
12.667775536480686
11.45355561694291
11.913980149812733
8.697319540229884
11.765391774891775
8.585959847328244
24.190898863636363
8.495514670380686
6.877418832391713
7.2897110032362455
7.327622513089005
20.29150841423948
18.12221254752852
10.035955771725032
6.096085096153846
21.162296319018402
22.167737209302324
7.7752417935702205
22.786239509536784
24.469823404255315
10.63192857142857
11.523204166666666
7.907014942528736
22.451029411764708
17.382666666666665
25.60240520833333
12.050437313432836
17.726868503937006
21.136565116279066
8.83442443148688
8.592914740368508
17.892083739837396
16.187600854700854
26.10305132275132
16.392844588744587
11.059207344632767
12.50900909090909
18.078120634920637
7.6619402833112
11.951268773234201
8.19138098765432
21.849495266272193
17.382666666666665
18.40224776119403
22.67675
16.412535403726707
19.752107843137253
22.756781690140848
5.897583560998587
18.006714710485134
13.943279487179487
11.379912121212122
9.926419298245614
8.343313541666667
7.908016483516484
11.433113333333333
14.067130326295585
25.463369662921345
12.704158823529411
27.184509972299168
8.761526004728132
23.801208045977013
8.213380365296803
10.153293984962406
14.98782602739726
21.805070860927152
9.595110681399632
10.379032323232323
12.513730769230769
23.59219867374005
7.834128813559322
7.702624701500712
10.172706896551725
18.456632299741603
14.977032132132132
9.003987791361043
16.724189451476793
12.385071428571429
13.24714
22.534387323943662
11.19772945736434
15.507534554973821
12.191330769230769
10.437603076923075
8.997188778054863
15.672874869109947
7.24016819221968
9.9177
14.195731578947369
7.360151249671139
6.343599224806201
24.804259139784946
20.07776323024055
7.476792307692308
15.022094269340974
9.035096319018404
16.87370921658986
12.907656910569106
7.5521756756756755
8.57746875
17.382000401606426
20.790135114503812
15.33187487437186
15.766432608695654
14.702518681318683
25.017960686015833
13.877814285714285
9.321493737769082
9.071745477014336
15.361287878787879
8.722707755102041
7.639704905239688
17.48587813765182
12.324094557823129
22.16946608187135
15.531739603960396
10.312318181818181
30.435879020979016
15.235115461346632
17.095464928909955
8.266488045977011
10.7373626746507
9.600404964539006
13.518379583333335
10.462986863270777
12.046714285714286
23.028103438395412
8.495161988304094
17.448458333333335
13.782202013422818
11.543966666666666
10.146665957446809
20.437115181518152
13.625714285714286
21.229628338762218
10.018837160883281
6.217133333333333
11.679611538461538
15.22553725490196
18.010350922509225
9.137429498327759
13.80709649122807
14.146893650793652
12.710852475247526
7.622600724637681
13.022546341463414
17.022415981735158
14.127216091954024
7.710383098591549
16.34147632398754
10.381277777777777
19.96147894736842
8.69385945945946
11.736055555555556
14.8855609929078
10.880966666666666
9.926419298245614
16.278794915254238
6.70365927216415
15.754652486187844
17.40221623931624
14.697835519125684
12.041741541038524
11.839678923766817
8.812210144927537
20.45692857142857
9.526079844961242
15.767884126984127
5.942925296442688
13.008351655629138
9.541766666666666
8.1961810720268
16.621122222222223
7.703738394415358
14.681464238410596
20.484187197231833
10.043720125786162
7.2640067961165045
13.285133333333333
5.9637198156682025
14.057222807017544
16.430313953488373
14.898566666666666
8.33075
10.848194230769229
12.513730769230769
26.988276693766934
18.307850000000002
6.186399405104586
14.172589655172414
9.813982993197278
15.395918867924529
13.512928571428573
10.856854679802955
15.898118957345972
11.896255752212388
11.091608620689655
17.104743946188343
17.42965193133047
23.079281424148604
7.1924896844778745
8.47768642714571
12.370292481203007
16.695536990595613
19.701774999999998
16.880955932203392
10.002009401709401
18.24123063583815
7.806299444444445
10.275823364485982
14.34920704225352
7.333823316292509
13.703128571428572
8.1074017019082
2.7700048484848487
7.504523542354235
7.392105405405405
16.325865022421524
9.252139156118144
9.177717101449275
11.012225562372187
12.831725477707005
18.069876699029123
15.422132167832167
17.275245098039214
18.419811864406782
7.502404303797468
15.270389265536723
15.138178378378377
15.648587562189055
10.318615866084425
19.157587719298245
8.11417221238938
10.976250588235295
7.738052651515152
15.492836054421769
20.200403488372096
6.717231868131869
7.9155535087719295
19.250796296296294
21.56383250773994
14.703597076023392
10.069488034188034
18.103922831050227
10.82075641025641
17.56384128440367
22.957314457831323
8.241965206001428
8.877827563569117
17.7065
11.632382352941177
6.687898128342246
13.503948780487805
20.48879923664122
9.941135849056604
14.515492670157068
19.24401570881226
9.76306129032258
16.56913829787234
15.507534554973821
7.477841202185793
11.8532906614786
22.487226345609066
8.35060007230658
11.376804402515724
7.513453522771506
14.707801657458562
11.292245273631842
10.121544155844155
9.692407050889024
6.823662959427208
15.54748269230769
7.423781764705883
9.616395582329318
8.711093687451886
22.082575
17.407175697211155
19.1713
24.292097820163484
11.832732558139535
15.962816417910448
11.693833333333334
8.197354838709677
37.47113896103896
6.165696072334506
22.354376190476188
8.791444141775203
14.004926334519572
11.527784615384615
14.046207975460122
9.820959574468084
6.872545723421263
10.212909929078014
7.928420238095238
25.522851295336785
26.547746464646465
19.132892156862745
19.85514535315985
9.220429824561403
22.80298965517241
15.353023671497583
20.787623344947733
23.584667359050442
9.188554041297934
9.519725276461294
14.269634310850439
9.495424929971989
16.69617450980392
17.578414942528735
8.300361662679425
10.900366666666667
17.55487922077922
22.145498360655736
16.013728301886793
9.512284313725491
8.861120593368238
10.575453610223642
11.461258208955224
15.490568341708542
8.922092169873922
16.59972222222222
11.828520634920634
10.108391484184915
9.54677969924812
11.551357142857142
6.386859105851413
9.836291666666668
12.50900909090909
15.94304201183432
13.473720689655172
9.428302985074627
16.709423076923073
14.01947172774869
16.421957819905213
13.49575751633987
17.74897307692308
9.416333333333332
12.197901418439717
10.850136363636363
12.993587179487179
9.909364257028113
10.932948387096774
17.789033858267715
15.31702057416268
10.738212621359223
8.876930534351146
8.060788288288288
8.197354838709677
12.197901418439717
12.5907487394958
12.05999243697479
11.70885925925926
11.28468224852071
18.97180108303249
14.971921052631577
12.014066197183098
7.1457936585365855
7.960219749216302
7.787961808367072
7.977439213806328
9.233875438596492
6.74567702749739
14.187351162790698
12.40565081967213
13.607243195266273
10.891513592233009
7.784388721804511
14.84701282051282
9.818406796116504
8.116454820936639
9.894884375
10.348309523809524
7.111658974358974
11.275883783783783
7.355736771300449
11.949282608695652
11.532772727272727
11.24081475409836
14.037038095238094
13.487148192771084
8.65296572769953
11.80856896551724
12.431509523809524
14.821858579881658
26.746818691588786
9.45518093645485
12.430982105263158
6.284013227016885
17.21310432900433
8.410420054139408
9.438049644670052
11.035144015444015
7.183982718651212
10.30163043478261
13.9187
14.233088235294117
10.262443661971831
12.121259712230216
17.369405769230767
5.883364270432178
11.464574863387977
22.89760059880239
8.416421524523587
14.536719241982507
8.942525344352617
8.71990284900285
8.19568923857868
10.920449295774647
10.41940093457944
17.61373238866397
11.078693721973094
13.097509210526315
20.182431707317072
10.624834585250593
6.048865811965811
9.149850703363914
18.316930769230765
9.552594372294372
7.62577225501771
16.70391742738589
24.30394262295082
10.268312803273897
18.42240266159696
18.856172573839665
21.989643195266275
8.030511650485437
10.783911506849314
22.449442296918768
17.039478723404255
11.301309848484848
8.982741459578484
10.05878131868132
9.419647752332486
11.263991943127962
7.455970401493931
9.143462962962962
22.846185714285717
31.292478260869565
25.246561538461542
6.87762967032967
19.24749432624113
9.789992370572207
10.265783647154034
24.300537209302327
15.688076237623763
18.566916666666664
8.25595294117647
10.44322782369146
9.27946518448439
12.642024738675959
17.14474935064935
16.949359330143544
23.219978260869567
13.237121768707484
10.856048717948717
12.610642857142857
7.389018518518518
7.3868833333333335
10.181879967159277
28.442590821256033
6.768383876428269
11.629002564102564
8.539521329507412
20.262418394648826
18.095435682819385
18.078294444444445
9.757326086956521
25.398506451612903
17.40221623931624
11.895405263157894
7.7404730158730155
9.371774198047419
10.946355172413792
5.12654611203182
18.18394
7.921417741935484
3.839232258064516
19.31382274368231
7.082301990049752
17.451533333333334
15.57209802955665
9.54498122605364
8.981625630810093
21.284875
12.360558914728681
15.146083216783216
20.611980398671093
9.380875
8.46741976166832
13.060879310344829
10.300457358490565
24.186999716713878
12.914849572649572
22.114626443768998
9.261845412311265
9.073338756613756
26.10519602122016
10.229788739495799
14.888763265306123
7.381011421911422
9.06373180707186
7.878870535714285
8.476049085794656
9.25763492063492
9.259744444444443
21.661529411764704
29.71681929824561
18.379273094170404
16.49998775510204
8.602435714285715
15.052369444444443
9.903632094175961
13.858909164818922
8.809837797356828
10.738212621359223
11.054676377952756
9.936835849056603
11.224130769230769
20.275957740585774
8.661227272727272
7.6878125
7.900357707043914
9.865003813038129
13.759111604095564
6.8418596059113295
8.909368817204301
9.856489473684212
8.274889416342413
20.342608737864076
9.298679507133592
12.351564429530201
6.256637704918033
23.118590544412605
16.605499694189604
6.454607086614173
9.862911280628758
10.25949393939394
15.95834074074074
10.538324520547945
9.529658974358973
20.9739987654321
6.837769534050179
4.837443902439024
23.222639837398376
8.64946043613707
12.566359760956175
9.143036871508379
8.409768914549653
17.475090593047035
11.936462264150943
19.687274912891986
8.520490410327339
20.635008978328173
14.604732432432433
8.524895024875622
8.499948778054863
24.21001182795699
6.850641414141414
21.924716326530614
21.334218749999998
19.724449295774647
19.794524836601305
13.197831386861314
15.519729629629628
17.675723893805312
9.378954545454546
13.19934966442953
16.116580788177338
12.864153246753247
12.284058904109589
21.185444107744104
12.588055882352942
20.367352482269503
23.392845977011497
7.214075736961451
23.235822324159024
7.044852941176471
15.130910309278349
18.210846887966802
17.981131906614785
12.968863636363636
9.832892871287129
12.989804983388703
18.513943776824036
17.853028301886795
25.691429186602875
10.141985714285713
17.77827272727273
18.72964887218045
12.132118106995884
7.158611685116851
10.249066071428572
9.213818392434987
6.875486894586894
12.202927906976743
20.49901506849315
