7.38983949666153
8.200813621262458
6.9887522280599335
6.339285379159847
6.152614285714286
5.105641700404858
5.53924267631103
7.361180200501253
6.704185271317829
7.040732281842819
6.674307183513248
6.529298713027771
7.238661943909786
7.737277229213725
8.931225496183206
8.149152298850575
8.2782762541806
7.359800770712909
7.701161272923409
7.911385253144262
7.35113413469675
6.494253831472469
7.363059283317631
8.000741934304664
7.456072751814746
7.852619476846943
7.183483515037594
7.586173562393469
4.897540130023641
8.530387853107344
8.319293693693695
6.699276254180602
6.966061664238303
7.6784935340022304
8.639523045822102
8.763204857142856
8.346969776995305
7.457587719298246
7.270320394307351
7.063897777777779
5.545025541125542
6.400763199500728
7.323863439323569
5.956529432303117
6.771313466097677
5.13968961038961
5.490477311401021
7.5061345855400905
5.867099450247389
8.28951185770751
6.293491405342625
5.865409653092006
7.9362980715981015
6.928327350054525
8.202460339204174
5.947840291906236
7.3873606586258305
7.429202096436059
6.562325372236426
6.597382272176605
6.637102292327795
7.873831916996048
11.508650900163667
5.950216564417177
6.7025674443266166
6.364774623701505
7.54356548994632
6.157590424042816
6.872434977869245
7.178291917045052
6.395383890577508
6.362802233941258
5.855564866774511
5.92635730161299
7.3871859448758945
8.72408535727607
6.219477835723598
6.909373602931554
7.826764786192684
7.13831834160758
8.623672159167137
7.0095822988505745
8.144817072450937
6.678837978403258
6.2842979888268165
5.6066829702970296
7.3854433551198255
6.752116954628459
12.553706492146597
7.571733149366418
7.321264227642277
5.766035675675676
6.859321249385145
7.823963676580089
7.509258290033066
8.501560417335472
6.77721415443901
6.489310337030258
8.720168814656876
7.9464634552529185
6.979414917127072
8.024144283324038
6.508021338175416
6.445925850340136
8.256252634886131
5.453929534050179
6.871106280193237
6.498566666666666
7.3869516201117325
7.034885164394547
6.274591134104281
6.438711904761905
7.664246821215314
6.43218253968254
7.365268088467614
7.587366066066066
9.768001754385963
8.544739017046282
6.165586367218282
7.6591370419943114
5.437499215686275
5.5147301438399
7.278008788501027
7.27466931657502
6.784609929078014
7.020252380952381
8.464108430413518
8.947804625199362
6.822932654395659
6.127818410080607
9.041485051670271
6.165072812234494
6.51286
6.669886896874791
6.330291941391941
5.383349523809524
10.728913181602653
6.921038461538462
5.9278958993710695
6.39725267458057
6.0105634920634925
10.297453350759556
6.021893523316062
5.702544766017038
5.358793759512937
7.499826050420168
6.20982993197279
5.950096650418698
6.664706257475606
8.048028045977011
6.950309520047403
8.165856037151704
6.754213628899835
5.538690476190476
5.795300173498156
6.19578405463222
7.45022463768116
7.407632903225807
6.464357645968489
5.789104790734404
6.482290090699879
6.817796682464455
8.13131171192617
6.921665820574805
5.7144642857142856
6.175560282294086
5.077694071045234
5.769005266955267
5.120928034875922
6.2727870712401055
7.5864407955596675
5.260248579124579
6.440439811066128
6.107713486396095
11.450970705754614
5.560178575207194
7.897031111111112
8.802603008217222
6.138805797101449
7.413228888888889
6.865572300469484
6.542461904761905
7.9415025695235
6.785557292008908
6.245699099099099
5.6644207912457905
7.376317435897436
6.6935106005509635
7.213066812445333
7.364671461187214
6.466464721327127
7.149680298865511
6.613711211224981
6.256218349696948
7.935015384615385
7.453402834541858
6.96641298245614
6.195486986986987
7.192353968253968
8.746505871822414
8.029308968609865
8.019212184571018
6.606672091503269
5.666952907874421
7.625548674365296
6.574419148936171
7.708392852982032
6.213408735933834
8.993087255090341
7.522602352562037
8.325024815724817
8.004950622386811
7.815884649264153
7.757814893617022
7.276557852973966
7.54176830168273
8.89041797939515
7.753843137134053
5.854036603328915
7.701320361247947
7.970933493435799
7.959202464788732
6.219763800305655
6.327144232804233
7.208815707011359
6.546218765044479
6.9834193035012175
6.6039588805751785
6.173891665621735
7.1683769638183215
6.220758495128861
7.467488398860398
6.602810813684409
6.813143037390367
6.89337643059864
6.353042784163474
0.928064162275483
6.9786236853002075
6.2941515
6.61790267734795
6.674152075351214
6.787266304347826
8.051982931110135
7.270569688114341
7.009075657894737
5.393166200194363
7.434044159544159
6.688828834718812
6.725023383506466
6.277334935897436
6.231225366019748
6.1885338801776495
5.908351932594124
7.339254547827222
5.254385018450185
6.575658728892434
6.2471606396063954
5.709665844559586
5.218047619047619
6.392833206349206
5.210124352608663
8.148485330327727
7.035670542398778
6.290616666666667
6.294828598484848
5.393415773508594
6.5123807453416145
6.482942287525912
5.979578490637772
6.771512629399586
6.227311952861953
6.185101278538813
6.055131807745293
6.1152725241442365
5.8391730769230765
5.312566955871354
5.54378813559322
6.3960150501672235
6.516047217010632
5.781866076195098
5.320125668449197
5.85761956043956
7.617910341408132
6.611988156288156
5.702992307692307
5.471913142485361
9.20326862745098
7.356305185185185
5.889927338935575
7.092070317195326
6.528212215445122
6.754816902145474
6.586498148308385
7.047418050517708
6.466765998972779
7.855165812807883
6.840657871674492
6.309479709560307
6.179296873371547
7.043434657836645
6.216384648493543
5.994239357935793
5.045839828498449
9.37183018753781
5.3168233533949305
6.67800571485464
6.853371254162042
5.676686610089581
6.644351067096576
6.414986517091309
6.200170329024678
6.323650769230769
9.055273426500495
8.02877341772152
6.459137562940583
5.825227156101228
7.667812953367876
7.255938163771711
7.62310351621168
6.611152766639936
7.325535496678011
6.917643666404406
6.222042518127884
6.9199488896302945
7.142572116119175
5.87305075927309
7.6210806185567
7.742194235588973
7.962389458689459
8.86657472826087
6.995735072463768
6.146653157648526
5.144412050462849
7.6209005006257815
6.203389819967267
7.9250807228915665
5.203156134706134
4.852081931905018
7.710572931726908
6.27293324590164
5.74826212731668
6.870361575532901
5.473591749021431
6.7569936100131756
6.3258548213654056
7.093978388278389
7.652676017764619
4.919843895619757
5.28117280334728
6.723329625607963
4.735771632071632
7.323974264705883
6.371298920377868
5.6831993721973095
7.102007051722269
6.445868613314107
6.488263615597977
6.494712369722327
7.168126405680292
5.938966485507247
8.161222819443651
8.251329605518098
7.028528169014084
7.03854717948718
5.287317227796358
6.070686096993712
5.221181481481482
7.221355698098138
6.671537299465241
6.826375244755245
5.970242447026657
5.674127124004135
5.583491061869787
6.317497348022821
6.786659372386144
5.408189298245614
5.472502312684366
6.044555382775119
5.798079342723005
5.932090678300028
5.96387946197158
6.016309462908099
5.825519664268585
6.409449225589226
5.834303149257042
5.554559537658464
6.0957864160401005
5.410917267071204
6.155316326530612
6.638244674071779
6.389645211930926
6.49465396700707
5.72447871293711
7.425287878787879
6.515979249583589
6.573470415814588
5.543579099647854
7.48280792079208
7.185269943502824
7.394844777327935
9.821529759328481
6.620623456790123
6.114405466698496
5.66332738368015
5.934289455833209
7.025295962043207
5.819249808042029
6.535285430985109
6.69963492623881
6.821421176221705
7.39191560283688
7.684978434482437
5.8465273786407765
6.006665656565657
6.56617005396599
7.334753938791295
7.542789868588385
6.241880281690141
5.592043693693694
6.803516711590297
7.439514285714286
5.454704968650184
5.79750354488279
5.5529912379421225
6.025214624129516
6.222359469026548
6.2534902150065825
6.8425155146420575
6.866177697067528
8.67450387237524
6.319047916666667
6.878755607428156
6.0247049054301405
6.817913330011213
7.9125768467249085
5.315450371640938
5.867224259385665
7.463691713648879
6.057082084409991
6.399033737618758
6.097146315037504
6.332699567099567
7.375547728075754
5.402720454132607
6.105845191915662
5.154105476513905
5.9351605423227785
7.4767175666564505
5.7870754128967405
5.8410419200954085
7.07689747706422
5.190657854406131
5.325381859692818
5.818156560563084
7.959599052647927
6.627422131147541
5.571882352941176
7.784396679197995
5.82849
6.30187922077922
6.332383571901584
6.617921403002618
5.375053598157743
7.02621247706422
6.673849741315594
5.675817030100335
6.760495397807446
7.686448428383211
6.766673153961136
6.075009635753036
6.4654809181636725
7.81216
6.553771518308564
8.505959458858825
5.013347311827957
6.735989433992221
5.436704630468814
6.79307561728395
7.466606802721088
6.40006649792913
6.866382142857143
6.319008606719928
4.887254312354312
6.72813727426918
6.67992896481387
5.782069010043042
7.336968660968662
7.190085398981324
6.40831518142828
6.842763095238095
7.674868783068783
6.361413075876752
6.784834152334152
7.439168119249172
7.1888617312072896
6.972946638522731
5.294523687687688
6.102111034482759
5.217354650645305
5.981950478612452
6.570488959563834
6.536591763405196
7.060445999382144
7.191201893131744
6.0509753812636164
6.32438356771335
6.9784960871498445
5.774519426676143
6.111122958579882
7.603061363636364
5.86659352559901
5.969936993185104
8.441275039246467
6.746972701354241
5.913705145252204
6.305422126929674
6.511646254826255
6.349358195376585
6.374506282469493
6.430837643207855
5.309532777097367
6.394795460337687
7.1665
8.527951239669422
7.436428022492971
7.798643580375783
8.271652882205515
6.136428364389234
6.759070032051282
6.873170159127481
5.579900966183574
6.318263157894737
5.525403787878788
6.4409335046640015
7.693790342679128
5.782519897084049
5.175694885844749
8.149167037510335
6.51445632183908
6.1967926343594435
6.856546479638009
5.409191447368421
7.024358703119524
6.487387782858255
8.746070982552801
7.256507391957658
7.001394500561168
6.0998930173722385
7.3342085016205445
7.06148231292517
4.919897945077526
6.566091653625456
5.2582129004329
6.743550928381962
6.198959259259259
5.623340389069013
6.5340245014245015
5.155272716705998
6.871485714285715
6.401938167217761
6.772262810313617
9.961277157178662
7.464093814002091
7.393997794117647
8.966975802450573
7.0425
6.718133830306316
7.746104025576869
8.381178260869566
5.900969323896443
6.389630308529945
5.928280990024469
6.681751359338062
6.303270582505357
7.2647211880329525
7.41732724800065
6.720570588235295
7.171890180283851
7.161124316109422
6.711606122448979
5.840275508509755
7.280949884998723
6.262185185185185
6.8939666666666675
7.685408821548822
6.962878972053938
6.291710788804071
7.467790210999654
7.203710819018696
9.114017203456402
6.177172421524665
8.192883898305084
5.597197580817812
6.683433333333333
6.795089090909091
7.067974396135266
6.970075879396985
6.596486956521739
7.07963748801534
10.762388351648353
6.276917539244058
6.153780859010271
7.71100550935551
6.893543719806764
6.725126630186958
7.4838341291233474
6.547065303808443
7.349382242990654
6.558009347220976
7.237071428571428
6.769445018726593
6.869389961389962
6.204614736842105
5.872913012642615
7.438312015018774
5.49628481215028
6.796803809995052
8.195005147679325
8.976335978195033
5.954054390742002
7.8646633986928105
6.428470890410959
5.66978823429829
7.003927739597651
6.165712545787546
7.166809461899603
6.313986157253599
6.858842689026185
6.959268302435478
5.900398576337752
6.953683294080703
6.36408503850385
7.333093939393939
6.56350607750209
6.766974094604583
6.7434988083416085
7.355095833333333
5.820318779342722
7.35478041627247
6.139730220955096
6.390651924721984
7.262825581395349
6.320229217002238
5.537465434150395
6.029864596794802
5.904241111798255
6.308539037577724
8.38624700854701
6.491338449612403
6.4295932160957445
7.153159519665855
7.218093515704155
6.567986369687661
7.556072771641408
5.721222242792912
6.513773313782991
6.15643509127789
6.129436430921053
6.829673234608529
6.492338410596027
7.735716928571429
7.430676785714287
8.215663636363637
6.841309615384615
8.227279123194222
7.628245738295318
6.384272413793104
6.539884215784216
7.4182704021754695
7.497994505494505
5.453354257193189
0.6089610389610389
8.326677995175556
7.759799224806202
5.553307965860597
9.643192905660378
7.828459418827565
7.350230041152264
10.534783408842433
9.60638476818787
11.95799352125483
9.187888303390547
6.081685223100033
6.963706698153714
5.645825223767928
7.005806556317083
6.625655690645052
10.283927859368045
5.740578703631394
6.898844089112469
6.498037642384106
7.413030306306306
6.379926719576719
7.088741045751634
4.711587445887446
7.163033823529412
7.502062626262626
8.061058660165358
7.04910097103633
5.477911552148919
6.637217093191695
7.152566653346653
6.1505190613199066
6.162316680867178
7.258964212377332
5.035350943968918
6.7756344640139154
5.264883382789318
8.603695621890548
5.628170690633869
5.649268608923885
5.744748847926267
9.336016594930655
6.017761020776875
5.5640295803797795
4.953724765854007
6.114578330658106
7.27607465648855
6.491618571428571
5.607869671558351
6.142969841269841
6.265984253578732
7.2758693112574635
7.464633202823142
7.082481573273129
6.144106674641148
6.060898506069094
6.329233632824199
5.508299075500771
6.869271537834619
6.281794683127572
5.771859974747475
6.558041479497218
5.53386590070922
5.827391777937194
4.7084226945816585
5.589588405797102
6.330797953216375
7.883545584045583
5.159048412310699
5.53337637662711
6.691845361420901
6.358826292947558
5.396906617647058
6.561647252747253
6.139245816350995
7.051323388581952
6.574405679513184
7.283982609625668
5.155604273504274
5.719572190070058
7.588566823992133
9.508940579710146
6.77245086652478
5.1048201238390085
5.731567643467644
7.7490398683701125
5.67335641025641
8.627595894428152
8.98594369747899
7.414810271777004
7.452695057369815
5.601181344798317
8.24548575028637
6.1747837552742615
5.526773822975518
7.144498828666839
7.354772020476724
7.806838942665674
6.281993443754313
6.275649337748344
6.773640718760303
7.105026984126984
7.5580213216542855
5.9800300613496935
4.924766666666667
5.493606984302862
5.705610077519379
7.041791265597149
5.201321621621622
4.86838551751279
6.150568919206087
6.105676465479809
6.032474384385139
7.771992785809065
7.013767607630072
8.635944676909666
6.204031986531986
5.678152197730533
6.622157764457764
5.577465721997301
5.768013579987388
5.704970615095353
6.536244240216371
6.255250821649329
5.926764433811803
7.290649286620655
6.031273448773448
7.537572141361524
5.690493201942302
6.4458771672771675
6.579117985125084
6.393584121372809
6.376642570198811
6.999728417496119
5.898908555033907
4.911490909090909
6.498959343653251
6.600559318181818
5.975492765481779
11.90021919340792
6.210453113553114
5.020850052246604
5.300522978969709
5.653505787627552
5.584439855475264
5.095450778354336
5.774686403427081
5.881890627763042
5.4918896185115695
7.258836993436816
6.7053336155447605
6.983516036634642
5.570733704292528
5.04230641025641
7.438290634582403
5.256462250054933
6.877304898584002
8.483763671452833
5.8418854080629306
5.496678397593656
6.081697505668934
7.062075455309611
7.4116585565883
5.076296689865897
6.178599999999999
5.001126383526383
5.147652941176471
6.684000803212851
6.375013163823624
5.169379885057471
5.968652325581395
6.663884873949581
7.622599117276167
5.761301621073962
6.255947619047619
6.747642956521739
5.621047985347985
6.136881818181818
6.298214526588845
6.991600648907104
7.011908563476771
7.207983720930233
6.755334444068943
4.915841987829614
6.2473101307189545
7.027220213630558
6.874689074693423
7.254229568106312
7.17475552891819
9.279269045468233
7.046824014336917
5.137513843351548
4.979720779220779
7.162062843872812
6.915396522444902
7.750731754161332
5.075799148563698
7.118113096070104
5.905234353741497
6.870623260073261
6.178878795180723
5.197896696165191
9.287620901235918
6.980480086580087
5.536993333333333
5.649859112249253
5.14617027027027
6.711121637041914
5.451032087840052
9.238284514435696
5.706743239113827
9.64380199257008
5.54590347970174
7.279658494623656
7.5971328877005355
6.616684126984127
10.401993411297902
6.198560975609756
6.681376887447893
7.603741980167458
6.544262514199167
13.333367351385
6.526908163265306
5.353169230769231
8.929562075561932
7.1247375341784736
5.839418847006652
8.055585964912282
7.215907936507937
6.079961012311902
7.57209010989011
7.359263462949377
6.812747773279352
6.874891843832877
9.038540966010734
6.818102657128257
6.620697281553398
6.7892692431077695
8.763113084112149
6.196883105390185
7.280040074906367
8.231710695187166
5.9160851127031275
6.285303361344538
6.377604229390681
5.348277536661863
7.055552631578948
8.303794023904384
6.241649613770452
6.526949275362318
6.116462528529299
6.827763110890598
5.07113225290116
6.545603561643835
7.287610558137909
4.914033367139959
6.005795744680851
7.203131571081636
6.8097061302682
4.95672104519774
7.818947368421052
6.945619939863903
6.10007760279965
8.858008610792194
8.503146616233899
5.954747245564892
7.309441678293801
7.895067955216644
5.428411111111111
9.708841485864564
7.526903668302764
6.632580622941001
5.726453550615152
6.280007188584274
5.806965053078557
10.31204058287796
7.653167896777644
5.942430967169477
6.22659475500345
17.707598322851155
7.06486345245559
9.223732269197583
8.954337593984961
5.891144995408633
6.9123605379639095
5.839573783549783
6.481512762288014
5.40253391626921
7.104962458981462
9.61862694240433
9.188754685494224
9.509597359659312
6.076939126478617
8.045965191932336
7.045505015290519
11.924861954212888
5.201661410018553
7.135518633540373
8.383901400560225
9.311561870503597
5.422994844253491
7.61089331143625
9.430081105169341
5.442715065681445
6.52506877339793
6.485404128440368
10.55088695652174
7.494793877551021
7.354570565036026
6.27302789968652
8.212194278955245
6.809700982800983
6.14962118226601
6.044973066064371
5.820985255692422
9.607395615275813
6.186428070175439
9.724867479674797
8.349176661951908
6.019901731601731
5.2412407268170425
6.815525513156082
7.436861736770692
8.031067998668
7.298296070381232
6.5671293289419514
6.402081333997014
7.050936655211913
6.466624233490566
10.32067234769688
7.177555490754555
8.545783037974683
6.302633768793288
6.7734086746210895
5.5386805411629245
6.538356140350877
7.05336748091603
6.312047619047619
6.7341575757575765
6.903934008528784
7.9155528508771935
5.438069800833719
7.25894176923077
6.230796296296296
5.521554208730767
6.9847465753424665
6.028826408772464
7.949398639858073
5.816698317152103
5.744980645161291
9.655808950962136
5.512050049514755
5.995232944038929
6.653279951755561
6.372187955560561
7.183087820331732
5.868287503940483
6.870506827773193
5.867164499746064
7.816264142678348
8.52645282051282
8.456808691834944
5.786554806850856
6.3395541353383456
6.3536383609854195
7.671754654654655
7.203871623931624
7.248692497406019
5.517012978056426
7.234141904761905
6.2633608437706005
6.719244256889377
7.704747222222222
5.0376404537908135
5.567032093023256
6.346519425287356
6.123108974358974
5.685953862508859
7.6142544332211
6.488670253427504
7.518328946160404
8.553863636363637
6.985694488128631
5.870351894750094
6.950409963588216
8.38179019607843
6.830086259858863
6.399203703703704
8.96025
6.117560868192581
7.694022446767325
6.419181608783864
5.970687172046195
5.0205364961787184
5.121174009107776
5.9285687975646875
8.03665409006906
6.851617764659583
5.0292214369649155
6.292036006314127
8.323747762237762
6.998622933268937
5.575661685823754
5.38844872611465
7.723234738513097
6.990773504273505
6.451363525545493
7.738847084318361
6.912366362126246
5.924225217391305
8.546283413523721
7.599018141328193
5.198595702962036
6.668501190056762
6.322337837837837
8.689006709956711
5.9132609090909085
6.164737911646586
7.988499479674797
6.300890066755674
8.382613183760684
6.895800946969697
7.0627457241794644
5.676812064746847
6.524718390804598
9.10177619047619
16.648258513766372
6.163030285714285
8.394181994459835
5.203029714447272
8.033161965491374
6.5118589260094275
5.881204346648612
6.552708594075928
5.404145906432748
6.982915094339623
6.7072185764276675
6.391430919817646
5.6717916672905595
5.326036046511628
6.150760582772975
6.365824969162996
11.8269914799743
6.901169905533063
7.513931070148489
7.914148027241099
8.356248571428571
6.279591282917899
8.366060891767344
6.930216282320056
6.165094736842105
7.227571212121212
5.690111956521739
8.567707301587301
5.667086461691049
4.880060071301248
7.888242751117484
6.3159222222222215
8.360556593425667
10.79608619201726
8.192930710466005
5.99517677238806
5.033678885630499
6.652517961685824
6.964415151515151
1.0122267795305886
8.06143716475096
8.7012954437589
6.096002263856362
6.389729538131042
6.31094513457557
6.252419553571428
7.193945982142857
8.196127397260273
8.596469120682539
5.847984329832588
7.942284578365963
6.354277030812325
6.052042239929172
18.188228752800597
7.513549180692107
5.411987179487179
7.338782939632546
7.147862973352034
9.15919838046894
6.457334573673615
6.079889041095891
5.152283451251945
7.077460539183296
6.239547314867156
8.367072953200646
8.340713358819157
7.3975569511025885
6.078321747664285
6.739958401237752
7.227961538461539
6.433206324110672
6.6829783312473925
5.363385724114207
9.71190711059641
7.540753686231945
6.178454837034152
8.806485114045618
8.69759019607843
6.6428384328892705
5.9673166918049265
5.476236627140975
6.906275454142667
7.169839576365663
10.007455555555557
9.559373158914727
1.072024175824176
6.858261904761905
6.882709345794392
6.244448275862069
6.97966850998464
5.6883121625306785
6.312945260246417
7.847393103448276
6.649492692939245
5.699440128649183
6.0419443290043295
7.785154150925119
9.508793669467789
7.721131729055259
7.43433850931677
6.856066768978923
4.9524132220795885
6.951347368421052
6.668862066525124
6.711188192267503
6.254624984802431
10.629601851851852
5.583982282282282
6.444522222222222
6.728247186147186
6.008870731707317
8.811476171352076
6.524136615384616
6.347938573021182
6.825092065663475
5.6508174014345105
6.324666822929517
6.292355462184874
6.498728235294117
6.304745012919897
5.755935723598435
6.375474193548387
6.171903174603175
4.7310816132441005
6.80770606060606
6.7141573454913885
5.886472384219554
5.455526877192982
6.03912954020036
7.612426076439284
5.602397076023392
5.747728571428571
7.231171066997518
5.563744444444445
6.284519648789749
5.808684024577573
5.5398573832482505
6.944345283018868
6.098893294030951
5.305783116883117
6.181345286478227
6.961635632183908
6.646463711001642
5.335565242905243
6.84915306122449
5.735061344537815
7.107292673992674
6.1269967741935485
6.4892409523809516
5.319281620149762
5.871760481099656
5.4364309315157415
5.8161706075533655
6.557173493975903
6.2911822048829595
6.652222750285808
6.201535822510822
4.686792103487064
6.395727997489014
6.64506479374111
6.165995824486908
6.193896245306633
5.384008979723205
7.243588765550239
6.989418258675079
5.314521509433963
6.4632047917599635
4.764529556650246
5.679736230110159
5.127199346405229
8.194369403796891
8.324027450166113
7.836371680376028
7.4173964636265435
7.7110256489732665
8.239830858960763
5.980929824561404
5.929111953034096
7.061071308016878
5.092596133309863
7.8498022664455505
7.531340109208241
5.056245191071637
5.910269512195121
5.386117647058824
5.658784444444445
5.406963769741146
5.679497684080261
7.755832398753894
6.367633333333333
7.047867475292004
6.3934530889691965
5.469933445566779
6.586960394366197
5.939036863783466
5.829023484488387
5.8021066700524795
7.227734008364516
6.3425361581920905
5.628328747623208
6.767347416413374
5.80091492167249
8.294103461855482
5.66059670411985
8.83348465340973
6.192666190075693
4.75723280510745
8.928864308156342
5.704970615095353
5.0480161102756895
6.124275420520625
4.84388179357022
5.648287392739274
6.723571026156942
8.126458150851583
6.320551740934512
7.0999192921160565
5.877386855962829
5.974496947791165
7.926209305668882
6.1588298760068785
5.5919352974992815
5.866039335382814
6.404260433604336
6.560842059420117
5.317351340996169
6.399027485380117
6.608209991928975
5.912667512312213
5.154327274067522
6.952627821316614
5.529020625610948
6.2567772390733225
6.199238194874335
6.654188050314466
6.306914207650273
6.724680126712514
6.331125812194037
6.235455402930403
5.289967655419602
6.3193942274052475
5.826782251082252
7.71636028708134
5.913941950342657
5.737749022164277
5.256586829987106
6.091944931119746
6.549561682242991
5.396587961880788
5.176659770114942
5.203185876239962
8.161541474948198
5.226418272425249
5.606485263856621
6.847545502645502
5.220556083220263
5.98770764275576
5.910269512195121
6.135740026891452
7.685604258780745
5.214561794019933
4.755769536239933
7.854543424536629
6.755056423215773
7.651439786109108
5.666900808080808
6.454369678763118
6.939010609019061
6.801456896551724
7.835023969991391
5.13939619047619
6.673993837535014
6.115093939393939
5.5613462941554275
5.508731420373027
5.527030916030534
5.559306366047745
5.947436752136752
6.338710847730011
6.7843888888888895
5.43366
0.7534719291307443
0.99619945799458
7.660020247407678
5.221003428379738
8.211025025960542
5.0830512024665975
6.421235211267605
5.624284113006788
6.562171497584541
4.93814004062092
6.072423640960809
6.588784126984127
4.955474264705883
7.032485093167702
7.400188372093023
6.569807142857143
5.889938865248227
6.01356962962963
5.194175738529227
5.07539364548495
5.931070135214579
5.773614524014955
5.212486473429951
5.781725465838509
6.936309523809524
5.593853535353535
4.806871050454921
7.116035442412259
6.141829609929078
5.90304123931624
5.338426704841228
7.76556194809572
6.449520014798372
7.8353496332136725
6.788683620689655
7.043618651026392
5.322267080231597
7.363066017626563
5.38298352966374
5.017914534055286
5.7255189773038015
0.7932940460669275
0.8456237104072399
6.039749850924269
9.993436781609196
6.28927342681858
5.880829394495413
6.145074245768948
5.7130646962233165
6.253118795634764
6.509609794031105
5.290389961389962
5.6271144144144145
7.680297235023041
7.051029183340744
5.819084990253411
8.164553830227742
7.009433333333334
5.793305418719212
6.492488542388543
8.115821413721413
5.721326235278191
6.340481733321131
6.323401711647162
6.940125272331155
7.28735698005698
6.53775725490196
11.424798133497196
6.853261869158878
5.701590469798658
8.36329564990066
5.531522463768116
5.641133491881253
6.208160410557185
6.91929298245614
6.433617520215633
5.247079745547074
6.155365985525755
5.757889830508475
6.550427902717749
4.779582549019608
6.8892197325063
6.35889389454209
6.230800146555936
5.446734772085518
5.463275047837735
5.808572153575941
6.0595159972299175
6.070618877828054
6.75122299699207
7.62366918767507
6.091680956393512
9.074667244927962
6.345879677191531
5.491030395913155
5.3337645278725825
5.81956862745098
6.0340588635061
4.775970894308943
6.3054963174189345
6.630447674418605
5.626382363433668
5.599264444444445
6.816183558958931
5.697689417989418
5.946339189189189
6.089066643427067
5.631584011916584
5.04316037962038
5.643599143033837
7.738682429906542
5.598854545454545
5.944386445049955
7.688411904761905
5.850418421052631
6.044311834876786
6.342542354393908
6.635032147885908
5.320393661257606
6.065382306009522
6.52761282051282
6.527775177304964
0.9735680147058824
7.4382107453132145
6.094100887573965
5.51483748002604
6.3640911335578
6.580620158700171
5.850947583887111
5.051480582464176
5.734298102239058
6.0868667461452866
5.799569230769231
7.47541489212828
5.735495571095571
5.3562250367991435
5.754649470899471
7.466966041945561
12.806106060606062
6.145769230769231
5.854551162790697
5.620664661654136
8.67148179787828
6.12566129032258
6.614253026491046
5.9436817114472795
10.112810839113287
5.51460606060606
4.88802412177986
6.582626429731192
6.856546479638009
7.155153968253968
6.604439924707747
7.702703404092561
8.461200877192983
6.503425902705213
6.479146025907564
6.883680248962656
8.371750169491525
5.171733488372093
5.579057477178424
7.048361630756232
7.866422604133204
7.687383482142858
5.459233982683983
7.354187522603978
7.23793615098352
6.800691721216788
6.617523705633344
5.4715
9.067102364066194
5.210309966358285
5.698360837887067
6.870843451143451
7.386439230769231
6.395192307692308
6.176981358281358
5.414298008534851
6.869079659112193
7.48751123388582
4.856903162055336
5.799281087470449
9.32795879765396
6.591315384615385
6.4785489495798325
5.335954545454546
0.9111988854834214
6.48201724137931
8.289709883449884
7.082445922561107
7.703142363712026
6.197227272727273
8.562377119059285
6.853369247101094
6.2978587692307695
4.936242857142857
5.981116240126383
5.8392835814889335
6.140655164064457
5.362248395378691
4.921666666666667
5.8288948979591835
9.238284514435696
5.566618483615335
6.973290697674418
7.7221315958895635
6.945151386772325
7.346398547527119
5.878391015674779
6.778798305084745
8.197417828054299
5.785917638554217
7.763175088735965
6.517667647058824
6.061819322033898
6.816716298311231
5.717949314233465
5.179726959822013
7.1779984047767575
5.766418416852857
5.93402358974359
6.027816119174943
5.400413504556752
6.608827342747111
5.228928093645485
6.819984930567461
4.781934265734265
4.852489765765766
9.479053198343305
5.823239393939394
6.71739833129833
6.469516124098755
6.847861462882096
5.387877108983128
5.022924039133473
5.0704332565686165
5.57894257659073
5.4502578231292516
6.435766926938093
8.230723255813954
5.433533014354067
6.084388053033578
5.469950717703349
5.9265035043804755
7.635064480165932
5.688931919191919
5.099303118908383
5.727049140667761
7.333461048243002
6.979764260826283
6.6569026501316575
5.584463829787234
6.051319770408163
6.594011732711733
5.270511054709532
6.136540211640211
6.222750775283499
7.233274752217006
5.477061465201465
6.424020449929699
4.91859080841639
4.789070558817134
6.838230303030302
6.6674958960328325
6.204614736842105
5.526097741389046
4.727101097525753
7.253183235058602
6.652795852187029
7.389846031746032
6.742022791327913
5.0544948985507245
5.473757521914238
5.493713067800403
6.93649939148073
5.803234539969834
5.739461904761905
5.295722641509434
6.64316862745098
6.271900415003991
7.613214043252121
5.516804497354498
5.947747898675877
6.57118886770873
6.142521262458471
4.951790196078431
6.276947811116576
5.380558695652174
7.574748802946593
13.933733186176145
7.130659399267399
7.197521245421246
6.412472224327397
10.626849590576349
6.274978836182063
6.158911219038368
7.477584121453459
6.273314877897878
5.740046278573123
7.8150133494493685
6.438297054615838
5.68848864311654
7.211123675013363
4.819915037593985
10.313944444444445
5.8410419200954085
6.846041740226987
5.600716007130124
5.456354924489192
6.194937775110044
7.745512830763373
6.2915273261847116
5.945350645994832
5.797192810810811
6.763852941176471
5.528042094107673
5.72184239683437
6.010398130511463
7.2494787798408495
7.414505883771401
6.718888803088803
6.436525466893039
7.965521437578815
7.392522333231386
5.720836112156306
12.815183058775677
14.037306772486772
19.554895663956643
19.257871264367814
19.730988888888888
19.746645454545458
19.545166348701645
6.306541145833333
7.411747360482655
5.204452297165201
8.057150340136054
6.1758901234567904
7.688705419626414
6.183090981771667
7.2095251249668735
7.148306773618539
8.604142938412071
7.0323021626817255
6.1530657971014495
5.595083333333333
5.9790914427860695
6.358821678321679
5.042813621262458
7.20803048145225
7.806344827586207
7.611125079365079
8.143929822485207
6.279361255340125
6.0297458181818175
8.223062719881746
7.4165689957039795
7.922839712918661
8.741384530587524
8.16091007230117
7.331500606498195
7.071181986808453
7.695534510937267
8.250033333333334
6.426924796747967
6.291519704560052
7.032467164179105
6.457663435459567
7.035994889047959
7.1722697099892585
7.544909090909091
5.153018412242946
7.026839634426381
9.961793704850361
8.498985189112762
7.503306345475911
5.436632107279694
6.51432657856094
6.305227912087911
5.489222222222222
7.587877257525084
6.217949468742278
5.19332149481724
7.522315299411561
7.178187449392713
5.8486967816091955
8.853995737233864
8.787156597774246
6.2941515
7.011954898870501
6.084641269841271
6.595340174577196
7.991263450292398
6.699404835924007
6.8213598047914825
6.72135811965812
6.944253098261486
6.8464145177664975
6.055472565829761
7.567474176245211
6.5337902542668065
7.053422986175115
8.394800925616147
6.704980769230769
7.32491616704896
10.02603220580381
7.395993048128343
6.354708641005498
6.691294424161965
7.985811111111111
6.843811942959001
7.742958006718926
7.482290166372339
5.6618651121292505
8.310505772109455
5.971187860228837
6.324524361880359
6.404803544061302
5.655688177651335
6.117374932746393
12.258124893314369
7.093499172870141
7.3719422041726395
8.014903162055337
7.406841589267286
7.897100542089367
7.823026993295513
5.897852470799641
5.843960869565217
5.34080092226614
9.038128813559322
8.64294679585399
6.585245400085579
6.532132603285216
5.574525412425412
6.830377402597403
8.213925396825397
6.393992682926829
5.758239746300211
6.07615045045045
6.7129228682170545
8.499073845657087
5.494431815594764
6.505049682242991
6.927778015037594
6.618715438596491
6.963421775898521
6.8590542568542565
9.909763393726866
7.86815260989011
7.095000497512438
6.429745478036176
6.976297427937915
7.830948928571429
7.385285935302392
6.4921055308641975
7.274226513173511
7.035611111111111
7.161816403568977
5.822301973401974
7.00579703569268
6.767004092659391
5.768143892339545
7.918070679703517
5.232970452780189
6.083330275101242
11.212002564102566
5.8308583258054805
5.795469072682753
6.104513058001822
5.583825460145744
5.511722222222222
8.60628167752443
9.724541252592068
5.3378285209490155
5.178602765181826
5.494382590895535
7.2000916212262265
7.358844588744589
7.304477634943673
8.110731205673758
7.891732963752666
8.728356432748537
9.46391648181276
5.325047962811047
5.107180417651694
5.396558952543014
5.589816647058823
7.790025689597873
6.837545789473684
6.381316422466423
6.978712345679012
6.556885594942425
7.841772727272727
6.359511553273427
6.140279827495159
5.835863602251408
5.727789655172414
7.444427272727273
6.422185380116959
6.460575544388609
7.464625203252033
6.454123463268367
7.196103673094583
5.509723458646617
5.355588206853058
7.735893038348083
6.746808108108108
6.0495416387337055
5.706717650303364
8.767071428571429
5.685290625
6.141798958818959
7.0425
8.284044391440643
7.3738643070787635
5.701076595744681
5.396321238594448
7.4257431615652845
7.191804761904762
5.816698317152103
8.507458974358975
5.859928571428572
5.118973389355743
7.8474723622782445
8.589428370860928
6.846506923506421
6.1882341161121985
7.056022352941176
9.540287036780015
4.919819829424307
10.862515555211719
6.973196469622332
7.128248304093567
5.434434920634921
7.145762549407115
0.7111496766607879
14.00801715210356
7.596583141762451
5.879564745919513
5.959751047676891
5.767296354598177
6.677837510761744
6.978963768115943
7.849571614569606
6.4942916329284746
6.6731869592875315
6.38078184518805
6.179813718782073
6.409014170040486
7.541529621516369
6.434167888138862
6.4890524291497975
5.707182011935209
5.817712832781254
6.460250416281221
6.247893817878029
7.56948663191212
5.948891163766506
6.130868253968254
6.511471823498139
5.283042857142857
7.225446714671467
6.687124232365145
7.162535910957424
7.063515094339623
7.2194085655314755
16.15056914817466
7.777232469258891
8.084757655330751
7.97550519125683
7.591877392977393
5.431873984745414
7.1537687073109035
5.392357108721625
7.0475722946632615
6.790175356466877
7.161383127431769
5.481842651657286
8.502101285529886
7.082968994219653
7.579096154127367
6.384188686785173
9.49908918918919
6.129060178571429
12.188347733166415
6.330430357142857
6.3673785714285716
5.218207338254451
7.30887020715631
5.9427040540540546
6.752353445850915
5.937934389926183
7.651068282138794
5.929525641025641
7.536438785270206
6.329220124926801
4.75141976647206
6.252824347454
6.583642142068458
7.561843036741921
6.5454854917668
1.0667884057971015
5.860305707128038
7.341475155279504
7.17595767524401
7.82208
6.601861341222881
6.217325122807018
7.209551737451737
6.29869006849315
6.4905682157676345
7.81832176344086
8.609605156674068
10.700670512820514
8.694140962718263
6.387282326007326
6.8330406688241645
6.432349284191289
5.7713
7.591300746878282
6.94364954954955
6.924630303030304
5.698805571847507
6.615539999999999
5.1406278981342295
5.809304406364749
6.306652380952381
7.035814337650534
6.108573833767464
5.958981522956327
6.746945421245421
5.9915740685911665
6.29955580088318
7.656814157973175
6.286051782838739
7.707509250398724
6.220933504273504
8.349736255760979
5.428057494407159
8.766393643198906
9.096285554796083
6.989684200056835
5.8504182266009845
5.517236321711861
6.379442654163114
6.6605791397849465
6.100514150555327
4.8546822671156
7.428798257038881
6.754771593326614
5.705704312668464
8.019741919191919
6.440068768135057
6.28966339869281
7.832
6.710797049180328
6.655119297200715
6.534278417875676
6.617245755693582
6.188964077669903
7.040236774569845
6.348199686520376
9.304564197530865
6.356284242424243
6.028750124069479
5.9648936813186815
5.446528070175439
6.01400192502533
6.641487414500684
6.010781505728314
5.026384625850341
7.095044889851932
5.880939932885906
6.083959870945239
5.70804643295355
7.53537864268748
9.931519597002982
8.009486678141135
6.345829413899474
5.537506159292035
5.639391486240685
5.269163713937424
6.03848103684933
5.784880638280416
6.841839612460142
6.714222563835331
7.384492607973422
7.525769643422636
6.134848435696494
8.153785012639943
5.957618222953517
5.732587659200703
7.429461616161616
7.553234426229508
6.849410904584882
6.340507707910751
6.827568174061433
5.708779786096256
5.762331173026449
5.188477011494253
8.197370969301428
6.44241275862069
8.350496376894156
9.136926149112426
7.958083814374646
7.554608108108108
7.4696146067415725
5.510592251982269
16.807846105574015
6.021451466091023
5.267307441860465
6.117845395886544
7.103703546260514
6.12363699468916
7.470794955209808
6.022577148846961
6.469231848709791
5.732956402737048
7.165925761124122
5.821715593803786
6.726932125088842
6.162704111040474
5.574198055555556
7.089214743589744
6.362443950117964
8.442936960600374
6.890340560044942
6.318877083333334
5.237549321416749
6.564567973856209
6.993823171004549
7.21829061728395
6.1650406862745095
7.694966804692892
6.453328122350486
6.804263069245165
7.020593437596887
5.712133333333333
6.8616744297719094
7.147775975975977
6.193503352540597
5.5652560397185
5.985162869142933
6.195709112709832
5.617861198801199
6.150232436274045
7.32157810760668
6.436333106134372
7.080920096111839
7.729894675925927
6.930957560651379
8.612796864735742
7.637624626121635
5.190278127820165
7.575836987916299
5.949412203112203
7.819303710575139
7.045756776556777
5.4469719636930165
5.7676173290938
6.728404273504273
6.666811111111111
8.017567322592548
5.7451247958989935
5.193587567567567
7.705972108843538
5.406398499061914
6.093467255312781
7.483056363636363
4.72317734521576
11.332595947315097
7.885667287784679
7.337792392469003
6.879055087265676
7.951273114754098
8.61021496720334
9.258971282051284
9.34102142857143
7.012809830379265
8.580608071597434
7.6116721568627455
6.885874486383182
6.932195983662355
8.649624562039387
8.648696618911174
8.125786509235446
7.899917418748322
6.263204169875674
7.522734551495017
6.392016632860041
7.5997941176470585
6.1659612903225804
7.429834780266297
8.125444612944792
6.096270494864612
6.637938970832872
7.897727616221563
5.384577170198223
6.070431048906048
6.382594324853229
8.41716513983704
5.590274107142857
7.118083118888317
8.661036231884058
6.647483569405098
7.067041081871345
6.3037015141682895
7.056270909959398
5.688001003846515
6.484376579148405
7.225364957264957
7.422190476190476
6.808649401337273
5.612489063741854
5.819241182626897
6.513587686832741
6.519659624413145
7.084547817598661
5.594671930549813
5.559746138807429
6.429947550269045
5.448350131617432
5.350775953859805
5.860185468185607
7.123152107279694
6.277364657215316
6.199378934624697
7.1110118644067795
6.754762879193911
6.3338057799442895
6.069908273579702
6.836011779448621
6.64089954895404
5.773144252176207
6.1527194805194805
5.645080145278451
5.7594542309432715
5.751821126888355
5.808592970946579
5.710798291925466
6.065923529411765
5.51748567251462
5.272793423674771
5.326442688679245
6.172158617157491
6.5806079213343285
5.405444069264069
6.164897085435182
7.044434793187348
6.948502176527176
6.3696461986661985
5.209344065387349
5.564392586776412
5.68403299293862
7.36849774482167
6.863537037037037
6.879125718799369
6.297333654188948
5.751598412698413
5.574378666519969
6.630239690189329
7.190715992003998
5.691877445669095
6.0095233523611835
5.776661904761904
6.269296647974293
5.745917711754602
6.961265619914412
4.986992789968651
5.252453326403327
5.767089053254438
6.318901059322034
4.7390934065934065
6.044805257963704
6.349828809251493
5.811551531531531
5.083375462727118
5.6293474393531
5.997011880448319
5.421019804878049
7.467411278195489
6.577498042143686
6.926862333575405
8.487675699440448
9.103187839771103
6.6920240103774375
10.422560970648068
8.236610670714246
8.401975625146063
7.347355457227138
8.90559048328144
6.96713089915549
6.967337525998905
7.668316925814639
6.043485714285715
7.682767614385238
9.367235294117648
7.772871723426213
6.335060109254908
6.76440599410416
6.318025606469003
5.628372694183592
8.620426642335765
5.624899943454905
6.278831700450451
5.692706181818181
7.14432028708134
6.256800283822138
6.218094914728683
6.865906178073894
7.341400432900433
8.676725670498085
5.198292780802581
9.261277777777778
6.154324164669392
4.921375673795861
6.933898610795383
7.302551541784597
6.920251534391534
6.140720228256592
5.68802463768116
6.375711447440837
6.466458490566038
6.723977260273973
6.147059139784946
6.77573695976155
6.699418614718615
5.69461161387632
5.348433659932845
6.869213995584989
6.708839525620133
5.81761000999001
6.121674566055931
7.272015176852412
7.721752424136729
6.222614285714286
5.729245137157108
7.041104683489318
5.5151666666666666
5.6012387321063395
6.728841018766756
6.151299525101765
7.240538606965174
5.33577801242236
6.049436858974358
5.440116579947384
6.359877818339852
5.87966330321076
6.811654571083366
6.362124488454269
5.755995631578948
6.922789473684211
6.410747673031026
5.577660835303388
6.7751274110575626
5.5068104843744266
5.8091662004662
6.3652973727422
5.839281637010676
5.279678545023366
5.6559654841093865
6.100059147485081
6.509895987584223
6.629819033576492
5.791687660426233
7.169613078291815
6.690501562901651
5.890108415224914
6.096860127774592
6.927918028792913
6.683161358313817
5.217354650645305
5.002834836065574
8.018529584200344
5.323171849334466
6.984271428571429
5.9562671881267555
5.8956208968609864
5.713840072745516
7.320265350052247
6.6282095914354375
8.127492156862745
5.476416138763198
6.647621122403889
7.86709455782313
7.857101795222881
7.057053995157386
7.394043243243244
7.850470241545895
9.854327943485089
8.460647126436783
19.715216417910447
19.645405526397035
6.338482124265579
6.044432532583695
5.717977232742667
6.948977584204414
6.318800771622711
5.879363003663004
5.881976305220883
6.257900976800977
7.471993319194062
7.18118325203252
7.464574725274725
6.864915329768271
7.815202127659575
6.633099887196842
6.335330917874396
5.2601016618728025
7.780932873563219
6.7607233766233765
6.455989502762431
6.736159159663866
6.126693262411347
6.095910384615385
6.6423487280949685
5.49520888030888
5.16477027027027
6.546378902953586
7.3037274125874125
6.372808898944193
7.351599058380414
7.050015151515152
5.173048178137652
6.19634939271255
5.8915633650793655
6.0096576968272615
7.657217883390495
7.3120925624403235
6.268909943181818
7.379436814780883
5.748254144144145
6.050595704150606
6.385722331806974
9.18263369602176
7.306700907385298
8.154553328872534
9.996339766081872
10.04888962194218
6.6789557227388
8.917455146903404
8.136147911657316
7.593284225352113
7.111745224793828
7.2968925738396635
7.720360159489633
8.241411627906977
5.851820235620235
6.6363748743035735
6.542913008130081
6.555056384379114
6.82582414086605
9.65571621180524
8.58795426356589
9.231567317073171
8.152067567567567
5.587121188630491
6.321539793281653
5.719500929152149
17.318092144072608
6.378271770334928
9.801399122807018
7.082137423728814
6.4676660377358495
7.0222662995078515
5.598577103157017
5.9778564214827785
4.76386974262398
5.768575174143216
5.3600992481203
5.914939553429027
6.423736020505376
5.685267774047922
5.665459649122807
6.688825708061001
5.929042026708562
5.518501057641459
5.768947608490373
6.951278321440707
7.456336339357251
5.985792201518288
5.907230108359133
5.476338719532443
5.929243969465649
6.5251773987206825
7.297234126984128
6.029364864097651
6.075130617977528
5.942146793940651
5.703744321137506
5.655779725609756
5.811644683257919
6.437632761578044
5.984545877349431
5.682579240162823
5.657561038961039
5.148792629426526
5.2717
6.46290111627907
5.58513321385902
7.445342857142857
5.856790243902439
6.217460795153796
5.9128795312220435
7.121482697201017
6.018331217838766
5.771322634193627
6.769871361563517
6.2323733468410385
6.062525603864734
6.186439854139854
5.221060855416086
7.877978507179537
5.476374711864407
7.232077624309392
7.283528263572316
6.23376035794888
6.879404972504973
5.8470880557398806
6.324731471339906
5.695717355107268
6.362133416875523
5.798226782608696
5.524416346916125
4.762674308042983
7.62142474916388
5.7849564344746165
5.714562053859039
7.955257469761359
7.700220649277235
5.511778213507625
7.70429244463743
6.936066917293234
6.561228162124388
8.109599619771863
8.156719112248304
8.27461229919252
6.582805418719212
9.852051327971402
8.051476837154615
7.0324459459459465
6.285036836049857
9.152344235380927
8.358073473684211
7.323923603106991
7.2665598297872345
4.692806387109299
6.540966666666666
5.288309561289745
5.4549391025641025
6.651996524475993
7.182176190476191
9.322024258239795
7.160630464407388
8.207952380952381
5.701282764227642
6.103127586206897
7.4843674742580255
5.423180712307083
5.317990492713394
6.570059251559252
6.610746956521739
9.99570045351474
6.910008842175509
6.824207245039225
6.528984644194756
8.647300236791477
6.272064185110665
7.11219451809921
5.459719047619048
6.886481254506129
6.196012762706966
6.6690677527151205
11.050514772727272
5.605616167664671
6.797619294425087
5.032699209486166
5.795092624113476
4.8672937705998685
5.692143994811932
8.401577345593129
6.063201055806938
7.298518492176387
6.186851644943323
6.73257333826795
6.372204111498258
8.91058029525032
7.4946168732608145
7.846426325581396
7.4767601568627455
5.763633879781421
5.800334632034632
5.553266666666667
5.78289420289855
6.203913938007073
7.009775337186898
9.815203535714286
5.766368610194353
7.2033460829493094
7.089256876262926
9.795253005797987
7.126375388601037
12.189551410424064
6.4329108945398215
5.665909583009583
6.2428680751173715
6.262442857142857
6.236686274316185
6.909038203266788
7.149005627705628
6.226556410256411
6.059115708274895
7.447113191363502
6.475477692307692
7.376247157190635
5.4651554195804195
6.998378658280922
5.67727532967033
5.1011745819398
6.7078664220511905
7.233814996395098
8.421722672064778
8.305523298506005
5.015057867494824
5.494697619047619
6.857336860559202
6.103712330587298
5.020597959183673
6.081714123623641
6.545259139784947
5.624359508644222
5.577817074663403
5.846511347517731
8.452410957324107
6.944845250431779
7.5031050125313286
5.097587209302326
5.58588510882016
7.237819360176503
6.276069318791347
6.08648324844369
5.872700118161408
4.966438961669093
5.50830022296544
7.1712303279886935
8.415561904761905
6.828646721457924
5.606034330418776
6.138271459814106
7.091151430483521
5.528214860681114
6.032179307359307
4.989815647193585
8.100506944444444
6.825549414715718
6.228719638242894
5.272167085953878
5.5474630725863285
4.891152829382874
6.0894870129870124
6.426531624698171
6.793920300019481
0.9594159954622802
4.903084920634921
6.552535040431267
9.112521187214611
6.2497495564005074
5.940083019361591
6.099441073657928
6.2203129131912265
7.966533115468409
7.122379832167832
8.16579651179621
5.973503671970624
6.805091304347826
6.070231406495922
6.788726200135226
6.580357290937107
7.565389718058904
7.215984421074338
6.302368713450292
6.2332977207977205
9.302303116531164
5.252542307692307
5.771310408357075
6.7761010925899985
10.264726264343391
6.950718344083404
9.559208882783883
7.871675342465754
5.989421250218264
8.766464685771744
6.649058999383028
4.9056030303030305
5.9289116968325795
6.401148870752129
6.003073657433578
7.729562857142858
7.1266729875283445
6.2078966314236546
5.659375282374572
8.66378990825688
8.903660729068331
5.324858991656311
7.573943717728055
6.530573536913215
7.06169781420765
8.428098248263364
6.416767317644761
7.094811489361701
5.776033763614361
6.5774452991453
7.0278707799033
6.928822288299935
8.611975401993355
12.080521878845891
5.713564318102547
6.288245639534884
6.557018681318681
6.064863636363636
7.225393392945852
6.898339818362423
7.7997336283185845
6.598121636498359
7.364212418300653
7.123096785527398
7.642406198413983
8.969937735849058
7.404801667098559
5.872975524475525
7.05017206192822
6.302497801099451
8.056416666666667
9.285261711711712
5.6947763505402165
6.8921209800056324
8.204291290600747
5.4489117647058825
6.637253949238579
7.352485102201259
6.239356863569476
5.562072596685082
6.970910573870574
6.670341581458759
7.2657584184020685
6.473290212765958
6.867834045258073
7.249604789891273
8.6367012523576
6.39048711123564
5.951246430976431
6.60905950668037
6.785568227946917
5.796705869193315
5.281678882750153
5.515150905675567
6.014818401937045
6.745694848824188
7.013026586588481
6.639266956521739
6.094993752066116
4.680893670886076
7.319301751929635
6.152431065759637
8.009212780577187
8.579512155021634
7.492022905682484
6.956075757575758
6.859867653276956
6.880423967704729
5.831658865248227
7.323598522167487
6.396789212827988
6.991182088469905
7.417574529265801
7.048305816135084
7.0847127659574465
6.227473097692686
6.160505194805195
5.686927169811321
7.173264864864866
7.4385769803296125
6.368985260115608
6.561038555691555
6.408670560559215
6.069000411522634
7.088557142857143
0.735926388888889
7.552180586080587
9.422319727725357
6.5944587119348315
10.581353357753358
6.160962611872146
7.320479831932774
6.27784731934732
8.062267701863355
5.459184057971014
6.526093984962406
8.944005611461709
8.29724464171123
6.182579536679537
8.4747767493852
6.711451111111112
6.9779410484927915
5.088714784053156
7.490926253585772
7.228391428571428
8.164744155844156
8.315574712643677
7.349551871657754
7.705299905704856
5.216226610265087
6.620836855838226
6.649081871994081
7.975028903654485
5.489584252386002
5.755682936507936
9.477914143401797
5.886198550724638
6.2986544792749966
5.587121188630491
5.972049357396774
10.572450985915493
6.357479588785047
7.898502941176471
5.67555973456715
4.920078850135372
5.9433036675539785
7.4587543589743595
6.768536920133907
10.589437184873951
7.664665394990366
5.855407268170426
6.063182081492391
5.644834421768707
7.141333720930232
7.749333333333333
6.366920677361854
7.518628831168831
6.984404437229438
6.752211823436679
6.3589364409353175
6.98493995621237
5.934321245421246
6.489324645205953
7.594126248092435
5.685802147099132
5.563744444444445
6.82793081232493
7.398057165641376
5.828403697525716
6.191
6.3989150375939845
6.7055099265076015
6.769198305084746
6.740163520871143
5.8915633650793655
6.231438513896766
5.984931266149871
6.816440229885058
5.329056862745098
5.885644970508529
7.192088785843726
6.030667802533857
7.774647989024961
9.653865741265346
5.686574777448071
6.323401711647162
7.670043390656644
8.017973173031589
5.3650785304248
6.678270056497175
5.274940437993379
7.196926493506494
8.476841089987326
6.51684611872146
5.943102777777778
7.77685189301527
6.018291460440986
10.308418377867515
7.073782988505747
8.462992425320056
6.7297847457627125
5.5861763670064875
7.37763654263682
6.987078713968959
6.211745784185234
5.82512495198184
6.194828005637773
6.0354798612772065
6.2499958345891855
6.593874324324325
9.781383649046848
6.071915354421612
6.685423411091833
6.859881232150143
7.461093782103271
7.448566235508002
5.446394092734574
9.86256737012987
9.451773520249223
6.05327519379845
7.8597521134593995
5.942934885386819
6.121295867026056
9.352278246753247
5.49294928204506
6.050620948616601
9.074037149758453
8.410234587458746
6.237973556231003
8.569379025361682
6.718764132809087
6.03611857578735
7.669617730496453
6.334461518550475
9.067069738730979
9.739136690521907
5.61757829059829
5.920479783240815
5.044189978678038
10.423760867086806
5.807150242043464
6.312313263065437
7.391003859649123
6.50621962264151
7.147150444376341
7.838178606219558
9.674727536970934
6.337181232492997
7.2223851851851855
6.771803625028862
6.653895175438596
6.16694776119403
6.4515588625985885
5.822999227284839
7.556429250759235
7.477109523809524
8.552795689287239
7.061462485790072
7.123335661285754
8.601511407913236
6.128190429958391
7.570146326203987
7.978652313710524
8.297210299787551
7.601814583333334
6.456999811512253
5.994231873479318
6.622247360482655
6.2019478853046595
7.4085212454212455
5.214776217228464
6.52017722007722
5.597324491593863
4.978646198830409
6.24307179869311
6.55087657004831
5.700396374889478
6.300557750647428
8.111662484624846
5.589824283559578
6.135130303030303
6.630973503759399
8.724194823945671
6.459063125265393
6.078236185383244
7.857041681574239
6.489890909090909
6.676693312434692
7.216504812030076
7.606885241090147
6.34472380952381
5.2386582190059805
6.5950848142827825
7.980814531685931
7.191047268729918
6.045138623124448
5.513190223960184
8.522014130434783
7.266148478005176
7.3423700712982924
7.271214905149051
5.989833333333333
5.419735294117647
7.58059077532541
7.868057625948931
7.323891206578285
6.2987763687293095
4.898667537626587
6.014807895306078
6.875095848595849
7.018360646599778
6.06551221719457
5.433406882591093
5.111905192107995
6.44097619047619
17.550880327868853
6.893232883490779
7.243236557300575
7.4813645106623365
6.043375985663083
6.861782920469361
6.552402683861973
8.036032370838802
8.854864748354217
6.304241320710794
5.74845802238806
5.748848872180451
5.5785896999690685
6.162397607869439
6.5061589230827614
4.722736740558292
5.466943985726893
8.24504156660949
7.748180266304093
6.157455005159958
5.299956576003767
6.291759218787443
5.495712898653437
5.80365900116144
5.014341142857143
5.484218411394934
4.9434185690904835
6.863098984369848
0.9866383526383528
6.874239429039429
5.802847311827957
5.99617694117647
5.986938523902712
6.374894557823129
5.156315278622087
7.823339682539682
6.639050711628181
7.134107520460075
6.344137270341207
5.988672502066255
7.779796151191803
5.9289288461538465
6.214367528685422
5.2199547955321695
7.014519429652117
5.575183492063491
6.988153479647824
7.367359652302875
6.2546734808775
6.6728199095022624
5.930888101866172
5.761387178933736
7.097060000000001
6.371656331168831
6.910100247895471
6.849902136752137
6.7856302868748415
7.670714978362625
5.56754827586207
6.225067580701145
6.997032344763671
5.91515602322206
5.4363046460177
6.396624963503649
6.2952245859872615
7.650178545543886
5.292198885918004
5.468044208037825
6.448792289214508
7.3512672517616915
6.252953146853146
6.779569374641422
5.656172718179545
5.2994993013100435
5.541580652680652
5.537826230983502
5.299966485753053
6.700418985582768
