0.5063793659210205
0.40592414140701294
0.7071316242218018
0.17801626026630402
0.2194099873304367
0.2403784692287445
0.6632254719734192
0.14265523850917816
0.8255615234375
0.37047338485717773
0.352382630109787
0.37371283769607544
0.31897470355033875
0.30766773223876953
0.3434496521949768
0.1657603532075882
0.40749308466911316
0.3998408615589142
0.18229205906391144
0.23465529084205627
0.20792070031166077
0.20770160853862762
0.3479940891265869
0.31008368730545044
0.18893499672412872
0.24006517231464386
0.4247000217437744
0.33212944865226746
0.24034669995307922
0.4244545102119446
0.40571343898773193
0.13509279489517212
0.23923957347869873
0.1267445683479309
0.1987973153591156
0.21764278411865234
0.19512736797332764
0.29608798027038574
0.282527357339859
0.6969853639602661
0.15447670221328735
0.22363528609275818
0.19998252391815186
0.49972909688949585
0.25755754113197327
0.27567219734191895
0.21354809403419495
0.3443380296230316
0.3637557923793793
0.4601996839046478
0.3386792838573456
0.25394386053085327
0.33306795358657837
0.3445315957069397
0.25406238436698914
0.3229830265045166
0.29842904210090637
0.29828783869743347
0.20656664669513702
0.301918625831604
0.6276798844337463
0.10465425997972488
0.19844987988471985
0.36874154210090637
0.25723639130592346
0.268398642539978
0.24543964862823486
0.36654427647590637
0.20639841258525848
0.22735662758350372
0.18407441675662994
0.28135621547698975
0.21626611053943634
0.43045246601104736
0.32424575090408325
0.15438096225261688
0.4101440906524658
0.278727263212204
0.732672393321991
0.2239759862422943
0.3413536250591278
0.27740344405174255
0.23083919286727905
0.30602410435676575
0.2636488378047943
0.35025572776794434
0.24716325104236603
0.14225515723228455
0.5485382080078125
0.18215051293373108
0.1962268352508545
0.2749585211277008
0.20236779749393463
0.31625866889953613
0.12573860585689545
0.27089786529541016
0.25886619091033936
0.3124111294746399
0.30244094133377075
0.3566175699234009
0.45491933822631836
0.21388520300388336
0.5270567536354065
0.20537254214286804
0.4297497272491455
0.5114802718162537
0.21004712581634521
0.17883437871932983
0.16073206067085266
0.2239597588777542
0.4464048445224762
0.4211415946483612
0.42523592710494995
0.204112246632576
0.25667864084243774
0.5552815794944763
0.40609097480773926
0.24077607691287994
0.31153374910354614
0.16789959371089935
0.353566974401474
0.4480738341808319
0.42888930439949036
0.5415037870407104
0.4644055962562561
0.49072790145874023
0.281460702419281
0.34185078740119934
0.29410749673843384
0.36692506074905396
0.4278583228588104
0.28658586740493774
0.20407666265964508
0.17327165603637695
0.2196471393108368
0.30491337180137634
0.39443856477737427
0.19140508770942688
0.30213040113449097
0.40645867586135864
0.5214834809303284
0.24416694045066833
0.24882426857948303
0.2745751142501831
0.21493327617645264
0.12867824733257294
0.376974493265152
0.1605147272348404
0.33916017413139343
0.14895300567150116
0.3156791031360626
0.40963101387023926
0.3215033710002899
0.5963013172149658
0.24500834941864014
0.3980562388896942
0.2616803050041199
0.14676670730113983
0.1372707039117813
0.431255578994751
0.1350986808538437
0.3996233642101288
0.33791685104370117
0.18898621201515198
