0.5199675559997559
0.2579679787158966
0.2616325914859772
0.21320639550685883
0.3119388520717621
0.31207454204559326
0.34717056155204773
0.2886810302734375
0.688787579536438
0.32494187355041504
0.3288799226284027
0.267719566822052
0.4384329915046692
0.38271403312683105
0.2130032330751419
0.30301305651664734
0.3355456292629242
0.3744138479232788
0.2331867665052414
0.21091778576374054
0.4524215757846832
0.334719181060791
0.2894706726074219
0.38552555441856384
0.31701746582984924
0.3613649010658264
0.4581013023853302
0.5118513107299805
0.38372498750686646
0.43884536623954773
0.3690882623195648
0.2943378984928131
0.23595888912677765
0.2940475344657898
0.3526647090911865
0.24476411938667297
0.43892163038253784
0.3407585620880127
0.21362732350826263
0.28145626187324524
0.3204497992992401
0.5670207142829895
0.24560879170894623
0.3805731534957886
0.3257797062397003
0.5987733602523804
0.40169355273246765
0.3203462064266205
0.5608437061309814
0.31368324160575867
0.3126014471054077
0.4033857583999634
0.5090436935424805
0.307540625333786
0.29537156224250793
0.46864473819732666
0.24039341509342194
0.723142147064209
0.1965361386537552
0.21706117689609528
0.16755755245685577
0.470001220703125
0.26328468322753906
0.7121999859809875
0.45820167660713196
0.264470636844635
0.662319540977478
0.3512783646583557
0.4733426868915558
0.2941769063472748
0.41108450293540955
0.5827841758728027
0.24413585662841797
0.8458462357521057
0.33521273732185364
0.7009640336036682
0.34575435519218445
0.2679133415222168
0.337739497423172
0.39615577459335327
0.22431090474128723
0.3156203627586365
0.6407805681228638
0.4955831468105316
0.45407718420028687
0.13897152245044708
0.4920310974121094
0.3232722580432892
0.1732841581106186
0.5487003922462463
0.6667407751083374
0.3030937910079956
0.47362595796585083
0.22279831767082214
0.27847033739089966
0.39969074726104736
0.2262611836194992
0.3989252746105194
0.5032835602760315
0.4756329357624054
0.2148071974515915
0.7238696217536926
0.24912512302398682
0.7324413061141968
0.22841596603393555
0.3931713402271271
0.4153691530227661
0.2422141432762146
0.4820834994316101
0.6702554821968079
0.3047177493572235
0.2702121436595917
0.20593224465847015
0.7332417368888855
0.3524138629436493
0.36895665526390076
0.29666274785995483
0.5497360825538635
0.7010542154312134
0.195622056722641
0.5252974033355713
0.291596919298172
0.4812687337398529
0.39568501710891724
0.5639273524284363
0.3243619203567505
0.29831990599632263
0.20046599209308624
0.2039598673582077
0.1952582746744156
0.27918127179145813
0.45144158601760864
0.31950053572654724
0.3498111665248871
0.28478649258613586
0.6915786266326904
0.648918867111206
0.5203425884246826
0.32287588715553284
0.6098002791404724
0.36875322461128235
0.7576881051063538
0.45481523871421814
0.17161262035369873
0.28683674335479736
0.233901247382164
0.44065043330192566
0.26096391677856445
0.16539718210697174
0.2845589816570282
0.2261890470981598
0.6982213258743286
0.20746082067489624
0.3407103717327118
0.28492119908332825
0.3159242868423462
0.41211989521980286
0.298336923122406
0.2976197600364685
0.4701516628265381
0.1805782914161682
0.17801626026630402
0.278787761926651
0.16546770930290222
0.28562483191490173
0.4088200330734253
0.37912222743034363
0.07640001177787781
0.3693956732749939
0.26295390725135803
0.1215885803103447
0.7388353943824768
0.453352153301239
0.27949416637420654
0.45935899019241333
0.5987990498542786
0.3019697964191437
0.39156362414360046
0.27000224590301514
0.7054818272590637
0.527475893497467
0.13765251636505127
0.20935828983783722
0.37540504336357117
0.42167672514915466
0.5321019291877747
0.2323002964258194
0.6498655676841736
0.41961556673049927
0.38978609442710876
0.4033779501914978
0.35257649421691895
0.3903992474079132
0.6494408249855042
0.28040122985839844
0.4253028333187103
0.48250144720077515
0.47634872794151306
0.276741623878479
0.3151220381259918
0.49687278270721436
0.310698926448822
0.4193401336669922
0.13967078924179077
0.2249070703983307
0.18972888588905334
0.4795750677585602
0.2325269728899002
0.18227995932102203
0.34939122200012207
0.6143978238105774
0.19355544447898865
0.3397526741027832
0.14215250313282013
0.44804492592811584
0.24746821820735931
0.2540302574634552
0.4303946793079376
0.36807864904403687
0.735446572303772
0.23270781338214874
0.37901368737220764
0.330352246761322
0.20956817269325256
0.16886167228221893
0.15895961225032806
0.3204782009124756
0.2313753068447113
0.3552050292491913
0.2670940160751343
0.6517317891120911
0.5758377313613892
0.5523545145988464
0.17539583146572113
0.22304794192314148
0.42764171957969666
0.21255484223365784
0.19314633309841156
0.3288120925426483
0.1460939347743988
0.5000717043876648
0.7016040086746216
0.36245304346084595
0.44023609161376953
0.41869112849235535
0.23163245618343353
0.2790844142436981
0.1931222528219223
0.3534855246543884
0.34141549468040466
0.44590458273887634
0.2898307144641876
0.23864604532718658
0.31745362281799316
0.2896398901939392
0.2529754638671875
0.1748892217874527
0.1816445142030716
0.15668515861034393
0.34432458877563477
0.39177006483078003
0.2349906861782074
0.23274706304073334
0.2238863855600357
0.2402161806821823
0.2261030673980713
0.21147309243679047
0.20965953171253204
0.2665890157222748
0.445436954498291
0.7462564706802368
0.11445406824350357
0.26840388774871826
0.1138593927025795
0.429423987865448
0.5303438305854797
0.23046639561653137
0.40462592244148254
0.49621862173080444
0.4204048216342926
0.2839180529117584
0.5343654751777649
0.2611916661262512
0.2913230359554291
0.4268106520175934
0.1395307034254074
0.2743254601955414
0.36754733324050903
0.382041871547699
0.28672462701797485
0.6066219806671143
0.35238227248191833
0.304118812084198
0.6137415170669556
0.5405706167221069
0.37804117798805237
0.7136934399604797
0.20854422450065613
0.6195911765098572
0.16591911017894745
0.44856563210487366
0.5302271842956543
0.3302878737449646
0.48291391134262085
0.4500994384288788
0.29947933554649353
0.19047465920448303
0.2941727042198181
0.34108078479766846
0.506009578704834
0.31104713678359985
0.3303174078464508
0.28338658809661865
0.4515461325645447
0.2761245369911194
0.6707500219345093
0.3196469843387604
0.49643030762672424
0.5635164976119995
0.266371488571167
0.4350638687610626
0.35105305910110474
0.15686479210853577
0.08072704076766968
0.34050196409225464
0.4230535924434662
0.4681190252304077
0.5123586058616638
0.5339692234992981
0.5004740953445435
0.2649400234222412
0.20598596334457397
0.1492980569601059
0.505487322807312
0.23596756160259247
0.6668171882629395
0.27862823009490967
0.328631192445755
0.7264262437820435
0.2715081572532654
0.5408519506454468
0.7834872007369995
0.38710451126098633
0.8245889544487
0.5760180950164795
0.3094596266746521
0.3733517825603485
0.20919734239578247
0.4558882713317871
0.23613154888153076
0.3515723645687103
0.44878843426704407
0.37816324830055237
0.3387085795402527
0.32948923110961914
0.36270222067832947
0.3537362217903137
0.17173023521900177
0.30900564789772034
0.31131500005722046
0.2828591465950012
0.43624764680862427
0.17240332067012787
0.35623815655708313
0.26094645261764526
0.2517370581626892
0.22985167801380157
0.42758339643478394
0.2427181601524353
0.148214653134346
0.6922076344490051
0.4912424385547638
0.32070913910865784
0.3023340404033661
0.44022369384765625
0.23921708762645721
0.17483824491500854
0.7751308679580688
0.28554418683052063
0.22517657279968262
0.3719767928123474
0.21444424986839294
0.19414860010147095
0.36334484815597534
0.39238739013671875
0.40007585287094116
0.5361731648445129
0.24586820602416992
0.21436837315559387
0.20387446880340576
0.20187953114509583
0.2690524458885193
0.5551781058311462
0.40346866846084595
0.22994758188724518
0.38908085227012634
0.5572832822799683
0.06498818099498749
0.2399890273809433
0.46985629200935364
0.3046274781227112
0.4223652780056
0.6298460960388184
0.14534330368041992
0.7206573486328125
0.17366263270378113
0.4311246871948242
0.2889946401119232
0.46248534321784973
0.5089420676231384
0.4004737436771393
0.37879136204719543
0.6095932722091675
0.3346775770187378
0.5486987233161926
0.2659037113189697
0.3688403069972992
0.4350970983505249
0.3657081723213196
0.5686014294624329
0.48826053738594055
0.5130993127822876
0.2048649936914444
0.24144335091114044
0.22423318028450012
0.31967318058013916
0.49370843172073364
0.34228670597076416
0.4257729649543762
0.2744043469429016
0.4090716242790222
0.44684961438179016
0.2740054428577423
0.5482656359672546
0.3056141436100006
0.3752787709236145
0.6305950284004211
0.26717305183410645
0.5533117055892944
0.40174922347068787
0.23221059143543243
0.48873257637023926
0.281659871339798
0.2595655918121338
0.4778103530406952
0.4179683029651642
0.5409641265869141
0.2906895577907562
0.2755834460258484
0.570061445236206
0.3231053054332733
0.3067461848258972
0.2598201632499695
0.5603671669960022
0.21373647451400757
0.21052712202072144
0.2702498733997345
0.27280953526496887
0.6939166784286499
0.3722572922706604
0.8086270689964294
0.4043694734573364
0.3701111376285553
0.3343411684036255
0.35069984197616577
0.5830902457237244
0.3825191855430603
0.6665384769439697
0.42940080165863037
0.27105712890625
0.26269304752349854
0.49709784984588623
0.4093816578388214
0.3306920528411865
0.5919904708862305
0.4520249664783478
0.592027485370636
0.6220184564590454
0.5098404884338379
0.23029354214668274
0.25547146797180176
0.6819782257080078
0.23321770131587982
0.32009273767471313
0.4706253409385681
0.3431774973869324
0.2312055379152298
0.2576006352901459
0.23889397084712982
0.28883978724479675
0.28356853127479553
0.35253870487213135
0.24824979901313782
0.11410128325223923
0.32520341873168945
0.4252234399318695
0.4554941952228546
0.46442320942878723
0.2958242893218994
0.44297167658805847
0.24897055327892303
0.27904483675956726
0.6190304756164551
0.3034311532974243
0.40907278656959534
0.376226544380188
0.7320515513420105
0.446847140789032
0.2653566896915436
0.23088893294334412
0.4341979920864105
0.3099256157875061
0.4690191447734833
0.4125160276889801
0.5352336168289185
0.2588968873023987
0.23549868166446686
0.21931728720664978
0.17901527881622314
0.4622158110141754
0.3236861228942871
0.2576621472835541
0.22900117933750153
0.4908619523048401
0.19382891058921814
0.3514360189437866
0.5463688969612122
0.28784769773483276
0.21075040102005005
0.35333704948425293
0.29679831862449646
0.5521206855773926
0.1858583688735962
0.6100492477416992
0.36568695306777954
0.7700638175010681
0.2338743358850479
0.4593350887298584
0.2261265069246292
0.34531357884407043
0.29740697145462036
0.14485202729701996
0.3201463520526886
0.5105306506156921
0.17749859392642975
0.31295666098594666
0.15622437000274658
0.2982530891895294
0.36764243245124817
0.42163458466529846
0.43725165724754333
0.25055262446403503
0.455910861492157
0.43597424030303955
0.5025590062141418
0.2274789959192276
0.2777276635169983
0.4546959698200226
0.48676377534866333
0.23011982440948486
0.30429089069366455
0.18402090668678284
0.38400763273239136
0.4393123388290405
0.24861162900924683
0.7880012392997742
0.6890243887901306
0.27434730529785156
0.5161309838294983
0.23780696094036102
0.3167359530925751
0.23031213879585266
0.3829258978366852
0.27784213423728943
0.17454352974891663
0.3993724286556244
0.3247595429420471
0.542253315448761
0.2868851125240326
0.3039121627807617
0.13279666006565094
0.43928295373916626
0.20445536077022552
0.2843143045902252
0.36652907729148865
0.4572922885417938
0.5609021782875061
0.1710885763168335
0.3205869197845459
0.19236989319324493
0.3810596764087677
0.2719639539718628
0.39253929257392883
0.3649897277355194
0.6977352499961853
0.2122361660003662
0.41148197650909424
0.3760071098804474
0.08118090778589249
0.48474711179733276
0.1598568558692932
0.6415252089500427
0.07786918431520462
0.2322438657283783
0.390727698802948
0.8194402456283569
0.15890581905841827
0.07191680371761322
0.2546972930431366
0.45289942622184753
0.23230817914009094
0.6523293256759644
0.07641815394163132
0.4348312318325043
0.5273856520652771
0.39398595690727234
0.7784022688865662
0.06960738450288773
0.13040289282798767
0.25937455892562866
0.5678566098213196
0.1680428385734558
0.5097576975822449
0.33673590421676636
0.35206669569015503
0.3305118680000305
0.7258130311965942
0.4203973114490509
0.5170444846153259
0.3851403295993805
0.4503873586654663
0.388950914144516
0.4719505310058594
0.47839638590812683
0.1957787126302719
0.34555065631866455
0.4301365613937378
0.48724430799484253
0.43451127409935
0.6087464690208435
0.5778608918190002
0.3248659670352936
0.3006760776042938
0.2367551475763321
0.20565496385097504
0.5696262121200562
0.6634148955345154
0.13862787187099457
0.5710631012916565
0.5190973877906799
0.51390540599823
0.4525456726551056
0.06935617327690125
0.6220937371253967
0.15066595375537872
0.6927646994590759
0.14073622226715088
0.5398600101470947
0.06935617327690125
0.1861538589000702
0.32862114906311035
0.22402599453926086
0.3387065529823303
0.3794603943824768
0.49258437752723694
0.5714853405952454
0.18293000757694244
0.3288528621196747
0.27080434560775757
0.43595412373542786
0.3318203091621399
0.2800615429878235
0.35354238748550415
0.40643373131752014
0.3603877127170563
0.31840530037879944
0.4439518451690674
0.18359416723251343
0.4255307912826538
0.39621981978416443
0.24355222284793854
0.4104768633842468
0.42370232939720154
0.29202449321746826
0.31018099188804626
0.5720901489257812
0.4338764250278473
0.4320569336414337
0.6062251329421997
0.44038501381874084
0.2175736278295517
0.47650179266929626
0.4690762460231781
0.2479446828365326
0.31016644835472107
0.3629051744937897
0.611250638961792
0.27618229389190674
0.23357002437114716
0.46994155645370483
0.29802462458610535
0.5049790740013123
0.5131486058235168
0.4334382712841034
0.3203067481517792
0.40414077043533325
0.7112457752227783
0.3145216107368469
0.4792841374874115
0.7206945419311523
0.5505750179290771
0.7682177424430847
0.34408241510391235
0.25964224338531494
0.3373279571533203
0.6981242299079895
0.4227401316165924
0.2658170759677887
0.6816672682762146
0.4065130054950714
0.43606874346733093
0.24567560851573944
0.15145745873451233
0.32616162300109863
0.3787848949432373
0.45904386043548584
0.47949060797691345
0.4542200565338135
0.530978262424469
0.2195238173007965
0.3354713022708893
0.32834556698799133
0.34626439213752747
0.23155678808689117
0.32870936393737793
0.5290392637252808
0.40201815962791443
0.577709972858429
0.4944778382778168
0.3468366265296936
0.346333771944046
0.5887253284454346
0.4529363811016083
0.3233245313167572
0.290658563375473
0.32288047671318054
0.31372663378715515
0.22079014778137207
0.5123577117919922
0.617163896560669
0.31937581300735474
0.3275006115436554
0.416448712348938
0.24326594173908234
0.2825772166252136
0.37863999605178833
0.29468029737472534
0.22328893840312958
0.3266594707965851
0.3743104338645935
0.45433738827705383
0.1663995385169983
0.36386165022850037
0.49088671803474426
0.5970239639282227
0.6512338519096375
0.27439209818840027
0.5854617953300476
0.31887301802635193
0.4161938726902008
0.37206128239631653
0.42751938104629517
0.4036377966403961
0.28005415201187134
0.2718959152698517
0.47562065720558167
0.35688942670822144
0.5732364058494568
0.5396137237548828
0.3858613073825836
0.3211462199687958
0.30021926760673523
0.3195798695087433
0.3368440568447113
0.5455739498138428
0.42725807428359985
0.24507273733615875
0.26750466227531433
0.35126879811286926
0.38199737668037415
0.6153191924095154
0.27058929204940796
0.3345458507537842
0.37700581550598145
0.7131515145301819
0.35303863883018494
0.3254183828830719
0.30309295654296875
0.5571781396865845
0.8138061761856079
0.6441865563392639
0.4469936788082123
0.4123750627040863
0.5990279316902161
0.8568423390388489
0.44328296184539795
0.38007059693336487
0.23971371352672577
0.795352578163147
0.34057727456092834
0.8057284951210022
0.3030187487602234
0.23433206975460052
0.19501128792762756
0.3426607847213745
0.30035293102264404
0.4074373245239258
0.22380430996418
0.3505663275718689
0.2321653813123703
0.3270632028579712
0.3399677574634552
0.2188636213541031
0.20357534289360046
0.5503663420677185
0.3744347393512726
0.35193413496017456
0.37694844603538513
0.2402026653289795
0.4394168257713318
0.17399843037128448
0.28273695707321167
0.3315622806549072
0.28210142254829407
0.35038578510284424
0.22905203700065613
0.4014172852039337
0.4297741651535034
0.3445383608341217
0.2921360433101654
0.24820463359355927
0.2972743809223175
0.2875964939594269
0.2939615547657013
0.46449747681617737
0.5386796593666077
0.31111380457878113
0.2555951476097107
0.23877063393592834
0.23806621134281158
0.34660813212394714
0.2598235011100769
0.398161381483078
0.2584954500198364
0.19154304265975952
0.5075169801712036
0.4129980802536011
0.3191258907318115
0.38933196663856506
0.4265091121196747
0.19351978600025177
0.5792131423950195
0.34074828028678894
0.11252050846815109
0.4093804657459259
0.2507065534591675
0.22790645062923431
0.24095942080020905
0.8319862484931946
0.23975861072540283
0.2372586876153946
0.36880338191986084
0.5912976264953613
0.4662289619445801
0.3578450679779053
0.2054876834154129
0.2827720046043396
0.1615937352180481
0.7716328501701355
0.29660165309906006
0.25979071855545044
0.32098835706710815
0.2685942053794861
0.5558710098266602
0.5470819473266602
0.4771054685115814
0.12336232513189316
0.3114440143108368
0.2907273769378662
0.6864586472511292
0.2621442675590515
0.29977118968963623
0.6430962085723877
0.47773468494415283
0.3155921697616577
0.41335776448249817
0.12653526663780212
0.3730213940143585
0.3226648271083832
0.3594423234462738
0.27760443091392517
0.1425180733203888
0.2261306494474411
0.4084727466106415
0.5692108869552612
0.331704318523407
0.2334679663181305
0.30072078108787537
0.25780221819877625
0.3435502350330353
0.478266179561615
0.21724797785282135
0.522857129573822
0.31257301568984985
0.2544281780719757
0.22510354220867157
0.437391996383667
0.2997935116291046
0.21441081166267395
0.3018421232700348
0.4924611449241638
0.2819793224334717
0.21082669496536255
0.24586161971092224
0.2699621617794037
0.25661328434944153
0.6310142874717712
0.22686262428760529
0.17957574129104614
0.4634525179862976
0.3949717581272125
0.3748320937156677
0.4858531355857849
0.4031759798526764
0.3020676076412201
0.2989759147167206
0.3765464723110199
0.4116889536380768
0.6312916874885559
0.3011261820793152
0.30673378705978394
0.34712842106819153
0.2759881615638733
0.34167805314064026
0.16577079892158508
0.29295676946640015
0.47321340441703796
0.16387905180454254
0.3857613205909729
0.4343244731426239
0.2815430164337158
0.21060244739055634
0.1798764318227768
0.29359859228134155
0.3957937955856323
0.3263775110244751
0.723408579826355
0.5690285563468933
0.5824156403541565
0.3921029269695282
0.30669495463371277
0.337522029876709
0.40751153230667114
0.6735453009605408
0.22528791427612305
0.2677130103111267
0.404985636472702
0.42942753434181213
0.6345447301864624
0.6563323140144348
0.33553579449653625
0.4013689458370209
0.33749157190322876
0.3978903293609619
0.5237508416175842
0.6055681109428406
0.45351290702819824
0.42702481150627136
0.539318859577179
0.32698237895965576
0.5519410967826843
0.4786774814128876
0.5749562382698059
0.17915546894073486
0.38456961512565613
0.4656267464160919
0.45324277877807617
0.1324988752603531
0.4377402365207672
0.6332334280014038
0.22563523054122925
0.28680965304374695
0.5636323094367981
0.4047591984272003
0.2608117163181305
0.3036494255065918
0.5258733630180359
0.4321995675563812
0.40150851011276245
0.3193153440952301
0.27391910552978516
0.5189316272735596
0.46567243337631226
0.29731208086013794
0.2900743782520294
0.4667193591594696
0.7489005923271179
0.16397389769554138
0.426014244556427
0.44656670093536377
0.4493669867515564
0.2719520330429077
0.3371942341327667
0.3104494512081146
0.47374120354652405
0.1530800312757492
0.19546540081501007
0.44421789050102234
0.3114243149757385
0.2543506920337677
0.3016921281814575
0.5744983553886414
0.34304675459861755
0.20502302050590515
0.655331552028656
0.23717160522937775
0.3762168288230896
0.3173057436943054
0.25407519936561584
0.13147461414337158
0.7335438132286072
0.5966112017631531
0.4537868797779083
0.17556291818618774
0.17804811894893646
0.814886212348938
0.3049624264240265
0.1667547971010208
0.16706685721874237
0.5435869097709656
0.21126241981983185
0.22900041937828064
0.3918054699897766
0.4298332929611206
0.40041565895080566
0.5729092955589294
0.4364643096923828
0.5755928158760071
0.3142474293708801
0.523445188999176
0.44431158900260925
0.5744584202766418
0.6515049338340759
0.18285641074180603
0.6559489965438843
0.2894412577152252
0.2994917929172516
0.746403694152832
0.29280179738998413
0.4347967803478241
0.31440749764442444
0.746182918548584
0.560928225517273
0.35088661313056946
0.39168819785118103
0.44079679250717163
0.187913179397583
0.2519369423389435
0.6863045692443848
0.11036305129528046
0.30833783745765686
0.7762507200241089
0.6255510449409485
0.17519530653953552
0.3824857175350189
0.245048388838768
0.29787132143974304
0.09509415924549103
0.6228547096252441
0.44869503378868103
0.48597392439842224
0.8698411583900452
0.35768115520477295
0.3265942931175232
0.307257741689682
0.7402305603027344
0.5231686234474182
0.5451384782791138
0.3342380225658417
0.28742003440856934
0.2943057715892792
0.16443853080272675
0.7696325778961182
0.15325042605400085
0.11148775368928909
0.5218703150749207
0.4246465265750885
0.09176270663738251
0.2577989399433136
0.3603706359863281
0.07525503635406494
0.16748487949371338
0.38190460205078125
0.20351573824882507
0.24866947531700134
0.19352255761623383
0.07525503635406494
0.09096691012382507
0.15908904373645782
0.24254699051380157
0.4141450524330139
0.7081806659698486
0.20331290364265442
0.2642539441585541
0.35078468918800354
0.458316445350647
0.24130526185035706
0.3463408052921295
0.21016570925712585
0.1551395058631897
0.3690842092037201
0.43153661489486694
0.263649582862854
0.2646752893924713
0.34274542331695557
0.12637284398078918
0.26082292199134827
0.3893168568611145
0.3197954595088959
0.20585337281227112
0.18217773735523224
0.1388232409954071
0.5156520009040833
0.351004958152771
0.48339104652404785
0.24328464269638062
0.7959619760513306
0.38846081495285034
0.1857471466064453
0.1467456966638565
0.3174886107444763
0.362854927778244
0.14205707609653473
0.27939608693122864
0.06667377799749374
0.14686281979084015
0.6025147438049316
0.3588857650756836
0.18702620267868042
0.4893714189529419
0.35873058438301086
0.4655800461769104
0.48489612340927124
0.3506092131137848
0.2929743826389313
0.47175854444503784
0.3253318965435028
0.3195782005786896
0.3734803795814514
0.3170100748538971
0.20223656296730042
0.43240195512771606
0.18756867945194244
0.4506991505622864
0.41374194622039795
0.3297830820083618
0.252672016620636
0.39749619364738464
0.36329638957977295
0.3617701232433319
0.45239731669425964
0.3294185698032379
0.5586254596710205
0.21888640522956848
0.20726381242275238
0.5809161067008972
0.35755476355552673
0.5047838687896729
0.4535923898220062
0.17418412864208221
0.3151502311229706
0.39166393876075745
0.5054844617843628
0.28753283619880676
0.45697107911109924
0.36902499198913574
0.4469761550426483
0.5322607159614563
0.2858097553253174
0.35036054253578186
0.3428110182285309
0.32600879669189453
0.4665338695049286
0.41881489753723145
0.3131684958934784
0.4553011357784271
0.4224037528038025
0.2774929404258728
0.35067111253738403
0.2943444848060608
0.2699962258338928
0.22962675988674164
0.6232574582099915
0.5038369297981262
0.41065579652786255
0.5499677658081055
0.37499335408210754
0.3697768747806549
0.24665243923664093
0.22731740772724152
0.2916845679283142
0.3503535985946655
0.2606159746646881
0.30540794134140015
0.2344847470521927
0.444717675447464
0.2884930670261383
0.23480890691280365
0.33503979444503784
0.3908338248729706
0.41224467754364014
0.2932312488555908
0.3238532543182373
0.22215469181537628
0.29073262214660645
0.3545588552951813
0.29462191462516785
0.30902165174484253
0.4205085337162018
0.3914245367050171
0.32006344199180603
0.2768517732620239
0.4549921751022339
0.43378177285194397
0.3887750208377838
0.39472225308418274
0.31740936636924744
0.4043417274951935
0.5181615352630615
0.32565969228744507
0.5114728212356567
0.2790624499320984
0.20287175476551056
0.6425923109054565
0.42156827449798584
0.2651941180229187
0.2908998727798462
0.28606465458869934
0.26332077383995056
0.22268113493919373
0.33746781945228577
0.5668805241584778
0.2558763325214386
0.5907706022262573
0.3418906033039093
0.575678825378418
0.2776845097541809
0.24367138743400574
0.28740638494491577
0.17809271812438965
0.22133682668209076
0.33577513694763184
0.4901029169559479
0.492977499961853
0.347721666097641
0.2106655240058899
0.2268461138010025
0.38204360008239746
0.30722615122795105
0.29930010437965393
0.2477375566959381
0.3722965717315674
0.2248736023902893
0.2125510573387146
0.39077407121658325
0.39728426933288574
0.33666735887527466
0.3655814230442047
0.723392903804779
0.22848577797412872
0.3117349445819855
0.3594529926776886
0.3394918143749237
0.31350576877593994
0.21418511867523193
0.23224002122879028
0.2953331768512726
0.8195325136184692
0.22339700162410736
0.4272783398628235
0.26217347383499146
0.23883695900440216
0.2939436435699463
0.6741591691970825
0.23949585855007172
0.33275067806243896
0.16818055510520935
0.24287264049053192
0.23025663197040558
0.24502204358577728
0.15534014999866486
0.2938196659088135
0.2950509786605835
0.24300040304660797
0.22891218960285187
0.23454411327838898
0.1350361853837967
0.41434067487716675
0.28386273980140686
0.29179680347442627
0.6398471593856812
0.7319108247756958
0.47107818722724915
0.28332656621932983
0.7073109745979309
0.2290835678577423
0.5408698320388794
0.4295863211154938
0.14246223866939545
0.29608529806137085
0.3385588228702545
0.402898371219635
0.1684877723455429
0.30154579877853394
0.3370276689529419
0.5379929542541504
0.3233790099620819
0.29952749609947205
0.6332019567489624
0.2641132175922394
0.39048877358436584
0.5147153735160828
0.29931676387786865
0.800377607345581
0.27578553557395935
0.23156942427158356
0.2553877830505371
0.7820191383361816
0.42726144194602966
0.4059736430644989
0.34312474727630615
0.6552467346191406
0.3191840350627899
0.18947231769561768
0.2743155360221863
0.5396841168403625
0.7161760926246643
0.16612960398197174
0.3096354603767395
0.5728233456611633
0.26893097162246704
0.2775331437587738
0.3341427147388458
0.5295194983482361
0.30626180768013
0.421130895614624
0.39511531591415405
0.4836181700229645
0.376869797706604
0.5931214690208435
0.7509153485298157
0.29091906547546387
0.814160943031311
0.564245343208313
0.3971620202064514
0.37863844633102417
0.5018931031227112
0.30676308274269104
0.30076321959495544
0.35845431685447693
0.32429903745651245
0.4599590003490448
0.3508087694644928
0.30800244212150574
0.22113347053527832
0.7578206658363342
0.2467954158782959
0.25791746377944946
0.3793487250804901
0.3481801152229309
0.43783053755760193
0.22832050919532776
0.6376197934150696
0.287982702255249
0.24319861829280853
0.24894334375858307
0.6292194128036499
0.2951967418193817
0.5274022221565247
0.38126298785209656
0.2408389151096344
0.35013487935066223
0.2975007891654968
0.329761803150177
0.253169983625412
0.34887975454330444
0.3765008747577667
0.24165211617946625
0.30200111865997314
0.8554122447967529
0.5140510201454163
0.5457025766372681
0.4424111247062683
0.1838550716638565
0.23574422299861908
0.26669740676879883
0.3901790380477905
0.27458080649375916
0.19646486639976501
0.3245435655117035
0.3426385819911957
0.2990102469921112
0.3613322973251343
0.17716436088085175
0.27489039301872253
0.37680989503860474
0.24731409549713135
0.2828276455402374
0.25221705436706543
0.4668077826499939
0.2760865390300751
0.5239730477333069
0.5659787654876709
0.37681901454925537
0.5350322723388672
0.352382630109787
0.43967390060424805
0.402452677488327
0.4690484404563904
0.30399975180625916
0.31264030933380127
0.5599271655082703
0.5245888233184814
0.4592699706554413
0.3546866178512573
0.32705557346343994
0.21537350118160248
0.49922478199005127
0.35463574528694153
0.4886704683303833
0.3770245313644409
0.6389003992080688
0.4567734897136688
0.3273204267024994
0.4322830140590668
0.6406083106994629
0.3261667490005493
0.2757842242717743
0.32392165064811707
0.33765801787376404
0.4133228063583374
0.6469444632530212
0.3903554081916809
0.2608429491519928
0.3398687541484833
0.22468435764312744
0.5276735424995422
0.415761262178421
0.2534278631210327
0.41097092628479004
0.7208112478256226
0.35125732421875
0.16940434277057648
0.3338946998119354
0.5436946749687195
0.7335228323936462
0.23550337553024292
0.7376514673233032
0.44619020819664
0.14625045657157898
0.5541926622390747
0.16589149832725525
0.33895063400268555
0.4138766825199127
0.5942110419273376
0.3583790063858032
0.6039711833000183
0.6261510848999023
0.376090407371521
0.44657382369041443
0.2910647392272949
0.32352229952812195
0.39295652508735657
0.5054222345352173
0.21102462708950043
0.4051426351070404
0.4186873435974121
0.4307008981704712
0.5809955596923828
0.4663473963737488
0.7075193524360657
0.4827771484851837
0.2638656198978424
0.5853303670883179
0.42643678188323975
0.4014568626880646
0.21584679186344147
0.6397940516471863
0.31905433535575867
0.1984885036945343
0.23183472454547882
0.2640255391597748
0.21213817596435547
0.26016637682914734
0.4022843837738037
0.103630430996418
0.3334806263446808
0.18037071824073792
0.274487167596817
0.21451210975646973
0.1960049718618393
0.3694784939289093
0.4385245144367218
0.8299989700317383
0.42363226413726807
0.3091157376766205
0.24086029827594757
0.18978142738342285
0.579462468624115
0.322866290807724
0.15908904373645782
0.3591621220111847
0.5211358070373535
0.17421798408031464
0.6919127702713013
0.6880195140838623
0.4187701940536499
0.26047852635383606
0.6362908482551575
0.201217383146286
0.49482619762420654
0.2334568053483963
0.7765969634056091
0.24370788037776947
0.5860602259635925
0.2392192929983139
0.4631568193435669
0.3726869225502014
0.2298349291086197
0.42143872380256653
0.34892192482948303
0.2855965793132782
0.6924177408218384
0.5200178623199463
0.3061337172985077
0.808342456817627
0.297720342874527
0.24959279596805573
0.3896380364894867
0.32445788383483887
0.4822961986064911
0.28816574811935425
0.29401132464408875
0.2887224853038788
0.3349100947380066
0.25880396366119385
0.4344174265861511
0.30458205938339233
0.2692719101905823
0.3085583746433258
0.47404739260673523
0.3519380986690521
0.7909277081489563
0.7338161468505859
0.4296465218067169
0.3737000823020935
0.262148380279541
0.2621569335460663
0.17296740412712097
0.16615568101406097
0.280581533908844
0.400077223777771
0.3869791030883789
0.4045073390007019
0.49243438243865967
0.6147735714912415
0.2909417450428009
0.4553503096103668
0.16143375635147095
0.20425961911678314
0.36546966433525085
0.7114484906196594
0.31159916520118713
0.5436885952949524
0.7178871035575867
0.28459432721138
0.199014350771904
0.13848327100276947
0.17835669219493866
0.08903992921113968
0.1909124106168747
0.2954004406929016
0.2633994221687317
0.1826723963022232
0.12824736535549164
0.2907797694206238
0.463899165391922
0.38774070143699646
0.45936354994773865
0.31291186809539795
0.3261469304561615
0.5878841280937195
0.3476286828517914
0.37468600273132324
0.4237993061542511
0.42034217715263367
0.36292627453804016
0.3697376549243927
0.5579020977020264
0.5119373202323914
0.39597126841545105
0.5042123198509216
0.5293747186660767
0.33852091431617737
0.4246557354927063
0.2683877944946289
0.25593727827072144
0.4935811161994934
0.23161925375461578
0.6090763211250305
0.4626482427120209
0.4195510149002075
0.6602844595909119
0.3700007200241089
0.2629958689212799
0.8404593467712402
0.34322333335876465
0.5734461545944214
0.46008777618408203
0.35192856192588806
0.38196510076522827
0.3381118178367615
0.24165178835391998
0.4280453324317932
0.3030654191970825
0.2177256941795349
0.27823978662490845
0.15739411115646362
0.22935712337493896
0.36117494106292725
0.17790918052196503
0.2305697500705719
0.5172411799430847
0.33252114057540894
0.24934133887290955
0.1416776031255722
0.1721503585577011
0.3476234972476959
0.26602333784103394
0.8185264468193054
0.3974594175815582
0.2941052317619324
0.22553327679634094
0.31822669506073
0.2775793671607971
0.3688283860683441
0.27425897121429443
0.2048368602991104
0.24791617691516876
0.23754900693893433
0.5031567811965942
0.39986827969551086
0.40522876381874084
0.2675514817237854
0.6469596028327942
0.45929545164108276
0.4250480532646179
0.3051685392856598
0.5260264277458191
0.17400850355625153
0.30612650513648987
0.38827383518218994
0.3320511281490326
0.2447667270898819
0.397411972284317
0.2494988590478897
0.25067946314811707
0.27138787508010864
0.6059163808822632
0.43451133370399475
0.17067864537239075
0.6289008855819702
0.3249218463897705
0.17328673601150513
0.16902591288089752
0.21615268290042877
0.7073675990104675
0.2690500319004059
0.5472142696380615
0.12828288972377777
0.14297296106815338
0.4677731990814209
0.23966777324676514
0.34753504395484924
0.2411055862903595
0.34759584069252014
0.5787243247032166
0.5601758360862732
0.23766465485095978
0.3040899932384491
0.2263794243335724
0.4008180499076843
0.21039614081382751
0.2227524369955063
0.1812915951013565
0.17139239609241486
0.3507177531719208
0.23894251883029938
0.24583420157432556
0.146852046251297
0.5683963298797607
0.3289419412612915
0.3872451186180115
0.32632336020469666
0.2666628360748291
0.3035720884799957
0.3425425589084625
0.19723142683506012
0.22503109276294708
0.3496943414211273
0.17963656783103943
0.28453171253204346
0.37930577993392944
0.16701604425907135
0.23057891428470612
0.2759955823421478
0.2335866093635559
0.19961711764335632
0.29602450132369995
0.20290428400039673
0.35404670238494873
0.26436594128608704
0.40821772813796997
0.21660971641540527
0.28969788551330566
0.5231902599334717
0.28855711221694946
0.5348165035247803
0.14921332895755768
0.36554187536239624
0.3602099120616913
0.27383488416671753
0.09591180831193924
0.5623441338539124
0.3287588655948639
0.2970043420791626
0.161185622215271
0.2584974467754364
0.21625685691833496
0.681026816368103
0.447746604681015
0.576704204082489
0.3959274888038635
0.06344524025917053
0.2143404483795166
0.44355708360671997
0.26481392979621887
0.21144063770771027
0.13959208130836487
0.41751736402511597
0.17076237499713898
0.1316169947385788
0.26190730929374695
0.29692375659942627
0.24390000104904175
0.2575472593307495
0.24130110442638397
0.5023812055587769
0.16503210365772247
0.14481410384178162
0.41096630692481995
0.14897920191287994
0.37708765268325806
0.2569543719291687
0.40075168013572693
0.22166982293128967
0.31360408663749695
0.29868629574775696
0.1413975954055786
0.20140106976032257
0.27363261580467224
0.22629377245903015
0.16132347285747528
0.48003798723220825
0.1426502764225006
0.4132821261882782
0.1466953307390213
0.12384788691997528
0.29271531105041504
0.06254315376281738
0.20884980261325836
0.28848400712013245
0.2376941740512848
0.3348821997642517
0.3396628499031067
0.21537010371685028
0.25435149669647217
0.2738441228866577
0.31147438287734985
0.26325854659080505
0.27998510003089905
0.22711224853992462
0.27643775939941406
0.41766229271888733
0.4915600121021271
0.3202677071094513
0.3280288279056549
0.46689677238464355
0.25902310013771057
0.2469918578863144
0.40508589148521423
0.20856240391731262
0.7749569416046143
0.1934691220521927
0.14064568281173706
0.18515503406524658
0.2639206647872925
0.3583950698375702
0.18464697897434235
0.2245919555425644
0.24799735844135284
0.30523696541786194
0.2834947109222412
0.28413358330726624
0.25679850578308105
0.2802797257900238
0.16151154041290283
0.2777699828147888
0.2223052680492401
0.2898982763290405
0.5038268566131592
0.29930976033210754
0.35578620433807373
0.2563723921775818
0.4143253266811371
0.3476331830024719
0.23474474251270294
0.3693839907646179
0.27536627650260925
0.08415325731039047
0.4342663288116455
0.14855800569057465
0.1511632651090622
0.2926101088523865
0.20981574058532715
0.19946423172950745
0.3803829550743103
0.35117393732070923
0.24794839322566986
0.336014062166214
0.17646461725234985
0.3907134234905243
0.2714649736881256
0.14863045513629913
0.40955859422683716
0.4449605345726013
0.16771303117275238
0.6983277797698975
0.1430612951517105
0.6612043380737305
0.49839431047439575
0.30026936531066895
0.7699146866798401
0.34382209181785583
0.35862240195274353
0.5209649205207825
0.1524442583322525
0.1493837833404541
0.2675805687904358
0.35058578848838806
0.29768800735473633
0.7534856200218201
0.2724902033805847
0.2804268002510071
0.5121837258338928
0.3336833119392395
0.28171199560165405
0.25776275992393494
0.477561891078949
0.1980741024017334
0.2700346112251282
0.1880895346403122
0.18532630801200867
0.19709618389606476
0.4540543854236603
0.31318002939224243
0.2262835055589676
0.28947168588638306
0.19570116698741913
0.2838173806667328
0.3001525104045868
0.24848279356956482
0.2893126308917999
0.29621389508247375
0.36322522163391113
0.2880129814147949
0.19571532309055328
0.2565945088863373
0.1939418911933899
0.3964034616947174
0.37225887179374695
0.2742738723754883
0.2015550583600998
0.1849934607744217
0.6272909045219421
0.5333881974220276
0.3024906516075134
0.40612396597862244
0.44629764556884766
0.624574601650238
0.7409731149673462
0.6876417398452759
0.3208778500556946
0.29936841130256653
0.33588504791259766
0.35764411091804504
0.6736609935760498
0.24100898206233978
0.41297662258148193
0.4275572896003723
0.4522247314453125
0.4642018973827362
0.39173224568367004
0.3339250981807709
0.36532261967658997
0.4472362697124481
0.3227943181991577
0.386710524559021
0.3090224862098694
0.2319975197315216
0.2018757462501526
0.5147395133972168
0.22257249057292938
0.24739490449428558
0.2830110788345337
0.3935368061065674
0.4470674395561218
0.2662057876586914
0.4020749032497406
0.2521323263645172
0.5370213985443115
0.454300194978714
0.6993675231933594
0.35000160336494446
0.32599690556526184
0.43122169375419617
0.698853611946106
0.23762032389640808
0.38870564103126526
0.43575888872146606
0.5921123027801514
0.4878954291343689
0.394671767950058
0.26087701320648193
0.46828943490982056
0.46623969078063965
0.3247995972633362
0.4798024594783783
0.41115981340408325
0.19881680607795715
0.3705325424671173
0.564467191696167
0.40378040075302124
0.3531133532524109
0.6168456673622131
0.427257239818573
0.4470040798187256
0.4231160283088684
0.3053821325302124
0.4435310661792755
0.3487568795681
0.43388277292251587
0.34048041701316833
0.2896958291530609
0.6267502903938293
0.40991392731666565
0.3873031735420227
0.432932585477829
0.2264251559972763
0.7023259997367859
0.6724962592124939
0.40974366664886475
0.4006247818470001
0.2825622260570526
0.5327404141426086
0.3752301037311554
0.4131881892681122
0.41394123435020447
0.20824077725410461
0.3410780727863312
0.4436560869216919
0.7757536172866821
0.37031832337379456
0.285436749458313
0.2625010311603546
0.33306774497032166
0.5992379188537598
0.29036182165145874
0.2442081719636917
0.3100496530532837
0.26461556553840637
0.33963778614997864
0.2496216893196106
0.3442586660385132
0.34503546357154846
0.21858270466327667
0.4295237064361572
0.2450340837240219
0.47154295444488525
0.5312957763671875
0.6536740064620972
0.3727261424064636
0.5612248778343201
0.4750867187976837
0.43515852093696594
0.5137816667556763
0.456868439912796
0.6216166019439697
0.29838770627975464
0.33582472801208496
0.38853251934051514
0.4157539904117584
0.39003533124923706
0.2754223346710205
0.34042444825172424
0.2923034429550171
0.3966381251811981
0.5219355821609497
0.21148766577243805
0.2799195349216461
0.2353471964597702
0.4987127184867859
0.6035149693489075
0.47204282879829407
0.4773061275482178
0.41270026564598083
0.4176855683326721
0.19791606068611145
0.44489049911499023
0.37865886092185974
0.23910897970199585
0.5676333904266357
0.3147991895675659
0.21112623810768127
0.19638672471046448
0.15111759305000305
0.6984846591949463
0.3228779733181
0.2753462493419647
0.4642947316169739
0.28196874260902405
0.28023600578308105
0.7005466818809509
0.3698168992996216
0.32507193088531494
0.1869160681962967
0.4396263062953949
0.496322363615036
0.3938755691051483
0.2739308476448059
0.3084803521633148
0.40366968512535095
0.23096299171447754
0.2545231282711029
0.46820902824401855
0.7057251930236816
0.38354992866516113
0.3676792085170746
0.413673460483551
0.45357897877693176
0.21349665522575378
0.5832393765449524
0.4557509422302246
0.48750802874565125
0.29761168360710144
0.3226936459541321
0.4716092348098755
0.3412189185619354
0.285390168428421
0.20154494047164917
0.4396383762359619
0.2517135441303253
0.39081621170043945
0.36593589186668396
0.2597317695617676
0.4007520079612732
0.3400125205516815
0.459837406873703
0.1985580027103424
0.4719603657722473
0.44388774037361145
0.32350558042526245
0.2789074778556824
0.5890434384346008
0.4102347195148468
0.30057263374328613
0.5446914434432983
0.4067060649394989
0.4658935070037842
0.3130791187286377
0.31270092725753784
0.25001031160354614
0.4329359233379364
0.4879756271839142
0.5580416917800903
0.4774346649646759
0.26439154148101807
0.3550833761692047
0.5999637246131897
0.7244677543640137
0.29459133744239807
0.2925739288330078
0.37242740392684937
0.3125367760658264
0.7311001420021057
0.3110378086566925
0.36986109614372253
0.2587064802646637
0.5056339502334595
0.38677287101745605
0.23674795031547546
0.626592755317688
0.5799166560173035
0.585843563079834
0.43364575505256653
0.33042797446250916
0.2200019508600235
0.26762673258781433
0.2438749372959137
0.788398265838623
0.5154777765274048
0.4696727395057678
0.2647971510887146
0.23384903371334076
0.2924582064151764
0.4487363398075104
0.5433003902435303
0.7970206141471863
0.43395647406578064
0.4308929145336151
0.524031400680542
0.7182705402374268
0.4330084025859833
0.33340877294540405
0.2493451088666916
0.889225959777832
0.25774478912353516
0.3859694004058838
0.23923440277576447
0.2948521077632904
0.6566752195358276
0.21559907495975494
0.3742840588092804
0.485070139169693
0.6338222622871399
0.2222512662410736
0.5068645477294922
0.6120702624320984
0.5681937336921692
0.4500287175178528
0.36035269498825073
0.20008547604084015
0.28325793147087097
0.6326000094413757
0.493278831243515
0.44869163632392883
0.5546145439147949
0.23991574347019196
0.609545886516571
0.38835880160331726
0.2633206844329834
0.2516052722930908
0.2790184020996094
0.5861940383911133
0.28288817405700684
0.5354041457176208
0.25878337025642395
0.5824489593505859
0.32436349987983704
0.6310539245605469
0.5636999607086182
0.3763774335384369
0.3875417709350586
0.3013696074485779
0.31452712416648865
0.4707576036453247
0.27998360991477966
0.46710747480392456
0.38591474294662476
0.6058156490325928
0.5462372899055481
0.4618937075138092
0.4826187491416931
0.16351692378520966
0.3044832944869995
0.30587804317474365
0.2778699994087219
0.49222755432128906
0.5585153102874756
0.2561361789703369
0.2608582079410553
0.21160855889320374
0.30387595295906067
0.1862795501947403
0.3944564461708069
0.2380097508430481
0.42235326766967773
0.519157886505127
0.2359757125377655
0.6801000237464905
0.328021764755249
0.5333186984062195
0.18254734575748444
0.31153643131256104
0.32506024837493896
0.38923129439353943
0.3367539048194885
0.3779793083667755
0.5086506605148315
0.28626757860183716
0.44942110776901245
0.2025233507156372
0.41620761156082153
0.22102701663970947
0.3224896192550659
0.24442267417907715
0.24174243211746216
0.2847136855125427
0.4679248631000519
0.5070815086364746
0.5413806438446045
0.5061164498329163
0.23788204789161682
0.3779379427433014
0.2959904968738556
0.5809988379478455
0.4944121837615967
0.501408040523529
0.2659164071083069
0.3963431715965271
0.43478962779045105
0.36306023597717285
0.3752302825450897
0.3867301940917969
0.5188338160514832
0.3193695545196533
0.296681672334671
0.41528233885765076
0.37682420015335083
0.42311933636665344
0.32479000091552734
0.4650168716907501
0.37003424763679504
0.5778030157089233
0.426730215549469
0.36791032552719116
0.32062068581581116
0.273336261510849
0.3365829586982727
0.28764232993125916
0.4378659725189209
0.667434573173523
0.2597794234752655
0.4853062033653259
0.45851632952690125
0.45218709111213684
0.5831050276756287
0.40071046352386475
0.3624035120010376
0.4124319851398468
0.3584989607334137
0.6956369280815125
0.38957780599594116
0.5090126395225525
0.2968330383300781
0.6901967525482178
0.24037477374076843
0.16613256931304932
0.37022665143013
0.6394025087356567
0.1837845891714096
0.41491320729255676
0.43985384702682495
0.32050201296806335
0.2720053791999817
0.2273835688829422
0.7924304008483887
0.5393620729446411
0.5018777847290039
0.2677082419395447
0.803367018699646
0.24317912757396698
0.5486647486686707
0.6787143349647522
0.2510989010334015
0.25381386280059814
0.19525310397148132
0.3325211703777313
0.2584059238433838
0.1533254235982895
0.21368670463562012
0.23685216903686523
0.12561261653900146
0.6231287717819214
0.3734402656555176
0.3244864344596863
0.3004995882511139
0.45884791016578674
0.4374830424785614
0.3999521732330322
0.5787932276725769
0.4345398247241974
0.4429183006286621
0.3699032664299011
0.2923588156700134
0.3616794943809509
0.2773679196834564
0.4108019769191742
0.4633314907550812
0.5008544921875
0.34886252880096436
0.28938162326812744
0.528914749622345
0.19488845765590668
0.2730882167816162
0.4361294209957123
0.2572045922279358
0.39239269495010376
0.42356330156326294
0.5192317962646484
0.40175238251686096
0.3275979161262512
0.46675437688827515
0.2662327289581299
0.24412988126277924
0.3829124867916107
0.5717740654945374
0.34889906644821167
0.2857215106487274
0.26109185814857483
0.5865427851676941
0.22692669928073883
0.24006085097789764
0.38040482997894287
0.722741425037384
0.3873412311077118
0.3540879189968109
0.3633771538734436
0.16947679221630096
0.5690211057662964
0.32929784059524536
0.43093767762184143
0.26290181279182434
0.36301860213279724
0.27324068546295166
0.4660971462726593
0.17350196838378906
0.5689355731010437
0.4080585241317749
0.36791929602622986
0.41372254490852356
0.5207663774490356
0.2838958501815796
0.29015669226646423
0.6790594458580017
0.4686061143875122
0.2613445222377777
0.28251969814300537
0.23860155045986176
0.28712138533592224
0.4730692505836487
0.4742564558982849
0.4312402606010437
0.3321227729320526
0.3562259376049042
0.730819582939148
0.5824093818664551
0.1973370760679245
0.3379320800304413
0.6682302951812744
0.3114659786224365
0.2537008225917816
0.5034981966018677
0.43768182396888733
0.23120525479316711
0.32747599482536316
0.37365686893463135
0.38063210248947144
0.36344507336616516
0.305881142616272
0.22453613579273224
0.24785150587558746
0.6087287068367004
0.39106547832489014
0.40327441692352295
0.32759660482406616
0.24128305912017822
0.26398488879203796
0.3235936462879181
0.2437823861837387
0.23725396394729614
0.2902984321117401
0.23642520606517792
0.3162711560726166
0.5046191811561584
0.6393991708755493
0.45203372836112976
0.18563370406627655
0.47360724210739136
0.3887059986591339
0.2748752236366272
0.4373530149459839
0.3823404014110565
0.6455093026161194
0.29405447840690613
0.3040291965007782
0.4945303797721863
0.4360089898109436
0.6063287854194641
0.34259283542633057
0.4674950838088989
0.543536365032196
0.24634502828121185
0.6681880354881287
0.5525689125061035
0.5390903949737549
0.5733988285064697
0.44313040375709534
0.3547405004501343
0.5413333177566528
0.49567967653274536
0.3938372731208801
0.49454477429389954
0.5145516991615295
0.3674170970916748
0.3744960427284241
0.4666030704975128
0.19811783730983734
0.35947930812835693
0.28908464312553406
0.24844051897525787
0.36235034465789795
0.2651826739311218
0.7329361438751221
0.23377394676208496
0.6143721342086792
0.42348235845565796
0.21927882730960846
0.6344618201255798
0.5194720029830933
0.4245862662792206
0.36058008670806885
0.17743290960788727
0.35756051540374756
0.37633201479911804
0.31307584047317505
0.2627045512199402
0.23293864727020264
0.3222295641899109
0.21668383479118347
0.16714023053646088
0.2680894732475281
0.18095603585243225
0.2728157639503479
0.31567370891571045
0.22988887131214142
0.3803829550743103
0.257732093334198
0.3565937578678131
0.2317548394203186
0.16432449221611023
0.3588884174823761
0.23748865723609924
0.3551259934902191
0.16968409717082977
0.28848832845687866
0.6748817563056946
0.26455941796302795
0.398354709148407
0.47291791439056396
0.4281708598136902
0.27000653743743896
0.25106653571128845
0.26408612728118896
0.23804232478141785
0.15264110267162323
0.226715549826622
0.5377296209335327
0.33401408791542053
0.36791330575942993
0.311457097530365
0.5153047442436218
0.3229157030582428
0.5540575385093689
0.5023371577262878
0.658940315246582
0.4881218373775482
0.27348604798316956
0.4609813094139099
0.4037516117095947
0.3765052556991577
0.7032473087310791
0.5856776833534241
0.3578071594238281
0.4923471212387085
0.5875418782234192
0.4181617498397827
0.6468052864074707
0.3153330087661743
0.39810577034950256
0.6976577639579773
0.5111067295074463
0.2822023332118988
0.3791687488555908
0.5168459415435791
0.4041210412979126
0.6885528564453125
0.4379329979419708
0.44784238934516907
0.6840717792510986
0.40657421946525574
0.7184798717498779
0.29862624406814575
0.5727639198303223
0.36900416016578674
0.39078235626220703
0.5606284141540527
0.3730689287185669
0.34547147154808044
0.5966607332229614
0.6174494028091431
0.3991716504096985
0.5643184781074524
0.8316606283187866
0.8029881119728088
0.8649718761444092
0.3042011260986328
0.501359224319458
0.44270527362823486
0.3177655041217804
0.8317955136299133
0.5829215049743652
0.40427035093307495
0.31287139654159546
0.5572258830070496
0.4202568531036377
0.26951777935028076
0.3556003272533417
0.3267742395401001
0.31225842237472534
0.27503806352615356
0.37704795598983765
0.2708037793636322
0.32524144649505615
0.20258904993534088
0.20309612154960632
0.25570082664489746
0.43195897340774536
0.3770756423473358
0.3547820448875427
0.6272619962692261
0.42154359817504883
0.45122864842414856
0.35274291038513184
0.5065716505050659
0.26427462697029114
0.3080521523952484
0.32437679171562195
0.22710463404655457
0.20913107693195343
0.3361845910549164
0.2363610416650772
0.6709902286529541
0.406423956155777
0.14890068769454956
0.329343318939209
0.3627806007862091
0.6772117018699646
0.47441965341567993
0.8257797360420227
0.3378761112689972
0.3375456929206848
0.40459495782852173
0.45848873257637024
0.1758296638727188
0.2854485809803009
0.3616001307964325
0.41354459524154663
0.23015731573104858
0.29712891578674316
0.24408915638923645
0.28148630261421204
0.19955720007419586
0.39727577567100525
0.5018609762191772
0.2991258502006531
0.3393024504184723
0.22896023094654083
0.25057196617126465
0.2429889589548111
0.6558535695075989
0.15693800151348114
0.32983309030532837
0.20940272510051727
0.3879578113555908
0.5131789445877075
0.19860686361789703
0.2786082327365875
0.25147542357444763
0.3264758586883545
0.15516850352287292
0.4596976637840271
0.3072727918624878
0.2459985762834549
0.7282720804214478
0.40107831358909607
0.3552044630050659
0.3916935324668884
0.45881226658821106
0.2061590701341629
0.24199114739894867
0.21847830712795258
0.2598871886730194
0.46351784467697144
0.5245209336280823
0.6081910133361816
0.7970991730690002
0.43700483441352844
0.2336237132549286
0.7509691715240479
0.6234316229820251
0.14913254976272583
0.5080985426902771
0.33830514550209045
0.4583030343055725
0.19062459468841553
0.634144127368927
0.2416660040616989
0.7648659944534302
0.2717186212539673
0.7001845836639404
0.3210838735103607
0.15387986600399017
0.3976481556892395
0.2290572077035904
0.8680638670921326
0.22492744028568268
0.24962551891803741
0.503417432308197
0.5042358636856079
0.1935882866382599
0.24116367101669312
0.31717315316200256
0.2899008095264435
0.38545721769332886
0.3802345395088196
0.2479223757982254
0.569543719291687
0.37124550342559814
0.2875562310218811
0.2702343761920929
0.4152584671974182
0.2768224775791168
0.31314876675605774
0.29106560349464417
0.18592645227909088
0.19829629361629486
0.21875518560409546
0.174778014421463
0.3114820122718811
0.6240411996841431
0.5114577412605286
0.36451175808906555
0.13635241985321045
0.4030051827430725
0.2868720293045044
0.7947674989700317
0.42345041036605835
0.4300960302352905
0.8066622614860535
0.6580066084861755
0.29452425241470337
0.2569977641105652
0.5125251412391663
0.2100842297077179
0.29700157046318054
0.7351941466331482
0.801892876625061
0.7376899719238281
0.2720853090286255
0.39847004413604736
0.3763110637664795
0.3023127019405365
0.17676997184753418
0.30169016122817993
0.4266248643398285
0.26603472232818604
0.33013349771499634
0.31208112835884094
0.30740538239479065
0.25830328464508057
0.42333534359931946
0.24286741018295288
0.27346888184547424
0.26511624455451965
0.47904813289642334
0.16565708816051483
0.27691149711608887
0.3516140580177307
0.7126609683036804
0.2813783586025238
0.3724747598171234
0.6435646414756775
0.4979317784309387
0.20983412861824036
0.2187683880329132
0.2354251891374588
0.1715957671403885
0.2864619493484497
0.20626728236675262
0.16801518201828003
0.2804446220397949
0.5088565349578857
0.18293136358261108
0.3111651539802551
0.26359230279922485
0.20318110287189484
0.30249568819999695
0.5283539891242981
0.2935148775577545
0.17875228822231293
0.11484010517597198
0.36707329750061035
0.3190407454967499
0.17934197187423706
0.2992840111255646
0.21435461938381195
0.18852443993091583
0.599748969078064
0.22217734158039093
0.2482699304819107
0.2689267694950104
0.5214309692382812
0.8607217669487
0.23448939621448517
0.2007112205028534
0.16364803910255432
0.2773972749710083
0.363372802734375
0.3295486271381378
0.3521125912666321
0.5178701877593994
0.2010011374950409
0.3207320272922516
0.32445842027664185
0.26003894209861755
0.22074522078037262
0.6268831491470337
0.3015482425689697
0.28923410177230835
0.15866583585739136
0.6388716697692871
0.4008335769176483
0.18777836859226227
0.15857763588428497
0.3293021321296692
0.3424966037273407
0.41129612922668457
0.73127681016922
0.40894046425819397
0.3148685395717621
0.29370996356010437
0.34304365515708923
0.5059495568275452
0.5357401967048645
0.6680842638015747
0.5102883577346802
0.6763346195220947
0.4440959692001343
0.31042706966400146
0.19330736994743347
0.34576866030693054
0.34935691952705383
0.24041514098644257
0.28697311878204346
0.5567477345466614
0.14468790590763092
0.28822222352027893
0.2683227062225342
0.4079969525337219
0.25612348318099976
0.24807360768318176
0.3340817093849182
0.17861132323741913
0.3325696587562561
0.20743021368980408
0.5107697248458862
0.6831369400024414
0.7043380737304688
0.38181382417678833
0.4092489182949066
0.7410306930541992
0.6420966982841492
0.42112651467323303
0.31374499201774597
0.26985087990760803
0.260910302400589
0.8028727769851685
0.5979408621788025
0.424419105052948
0.5560150742530823
0.620171844959259
0.7462375164031982
0.5383760333061218
0.46391400694847107
0.4673938751220703
0.7883870005607605
0.3632326126098633
0.6660352349281311
0.2503555417060852
0.3556919991970062
0.26054638624191284
0.23573818802833557
0.6115433573722839
0.5636606216430664
0.7520394325256348
0.5626958012580872
0.4522969424724579
0.22215205430984497
0.2960730493068695
0.2652454078197479
0.173085018992424
0.6024320125579834
0.3465571403503418
0.353028804063797
0.3348381817340851
0.4575033485889435
0.3193966746330261
0.47513332962989807
0.24364228546619415
0.4031924307346344
0.2139272689819336
0.30367326736450195
0.30000853538513184
0.359029620885849
0.34413233399391174
0.33187904953956604
0.17380861937999725
0.7861086130142212
0.3559182286262512
0.8081172108650208
0.2607116103172302
0.3026302754878998
0.3243239223957062
0.3801855742931366
0.4854309558868408
0.5350179076194763
0.2989264130592346
0.26351118087768555
0.732474684715271
0.7771756052970886
0.15293976664543152
0.46551990509033203
0.2781774401664734
0.6100717782974243
0.3565097749233246
0.5983450412750244
0.1693466752767563
0.25735944509506226
0.24966216087341309
0.17183250188827515
0.2636311650276184
0.48731762170791626
0.7695813179016113
0.3741643726825714
0.8357841372489929
0.2851884365081787
0.1742674857378006
0.2855434715747833
0.5203710794448853
0.23990532755851746
0.34070461988449097
0.8356097936630249
0.4645226299762726
0.27052047848701477
0.08800211548805237
0.622957170009613
0.6725995540618896
0.20888468623161316
0.18878227472305298
0.25284016132354736
0.1710868775844574
0.37493351101875305
0.45333606004714966
0.47217869758605957
0.5301090478897095
0.3485793471336365
0.55259108543396
0.27900534868240356
0.1909908801317215
0.25113290548324585
0.23515598475933075
0.28607597947120667
0.20131388306617737
0.19808752834796906
0.2214684933423996
0.24013206362724304
0.26237139105796814
0.3484318256378174
0.6070469617843628
0.3033999502658844
0.5086703896522522
0.3043438792228699
0.4448549449443817
0.18203167617321014
0.3748704493045807
0.3678327798843384
0.2929861843585968
0.34726041555404663
0.23716652393341064
0.2991306185722351
0.6295978426933289
0.39465999603271484
0.49210095405578613
0.35076817870140076
0.40170857310295105
0.5105769634246826
0.34553778171539307
0.4035339951515198
0.45491063594818115
0.3216789662837982
0.2734587490558624
0.11808910965919495
0.2649114727973938
0.12242007255554199
0.12113693356513977
0.21821638941764832
0.6519792675971985
0.4094077944755554
0.34807509183883667
0.27023857831954956
0.2825305163860321
0.3357029855251312
0.3657741844654083
0.3631943464279175
0.2385687530040741
0.296085387468338
0.20229187607765198
0.46843162178993225
0.37386369705200195
0.5191351175308228
0.4049420952796936
0.22286203503608704
0.19321970641613007
0.43589720129966736
0.1846299022436142
0.2568514347076416
0.30715104937553406
0.5878136157989502
0.2394348680973053
0.504318118095398
0.7044832110404968
0.5093593001365662
0.2572774887084961
0.22227294743061066
0.32981789112091064
0.31468093395233154
0.6003557443618774
0.3850988745689392
0.44188058376312256
0.5810092687606812
0.4700731337070465
0.30838629603385925
0.26301664113998413
0.2375137358903885
0.36429882049560547
0.44253212213516235
0.18799374997615814
0.3724978268146515
0.5832265615463257
0.601180374622345
0.2121053785085678
0.29926609992980957
0.3416876196861267
0.31036198139190674
0.3343786895275116
0.3180687725543976
0.6573318839073181
0.4809468984603882
0.19605982303619385
0.30710676312446594
0.2724662125110626
0.26646170020103455
0.4828592538833618
0.30502748489379883
0.19282235205173492
0.5550245046615601
0.23363548517227173
0.24412952363491058
0.5016737580299377
0.14842192828655243
0.1667727530002594
0.10945727676153183
0.24753254652023315
0.2396620512008667
0.33338651061058044
0.4127802550792694
0.32290011644363403
0.13870598375797272
0.28927430510520935
0.4838374853134155
0.12148957699537277
0.24705706536769867
0.21571995317935944
0.1283995509147644
0.27389001846313477
0.36432260274887085
0.5336231589317322
0.5698283314704895
0.3401288092136383
0.3014053404331207
0.37610843777656555
0.3879024386405945
0.36294877529144287
0.34942102432250977
0.8470077514648438
0.4354887008666992
0.25417280197143555
0.5502884984016418
0.39941397309303284
0.5342475771903992
0.43643441796302795
0.2505556643009186
0.2138364315032959
0.3722037076950073
0.3671956956386566
0.40361839532852173
0.5733380317687988
0.6452613472938538
0.5129256248474121
0.5349227786064148
0.2891455590724945
0.3387286365032196
0.5444676280021667
0.7139716148376465
0.23876242339611053
0.4653581380844116
0.3263227641582489
0.27434515953063965
0.5586469769477844
0.6157312393188477
0.359269917011261
0.4326222240924835
0.36411231756210327
0.5943102836608887
0.34516775608062744
0.516456663608551
0.36354559659957886
0.42255130410194397
0.4701305031776428
0.7240397930145264
0.6024829149246216
0.48897823691368103
0.3748621940612793
0.4401412308216095
0.4476792514324188
0.8013099431991577
0.8603110909461975
0.4157184660434723
0.3311930298805237
0.47055569291114807
0.34897011518478394
0.21483033895492554
0.46009305119514465
0.8096417784690857
0.5590642690658569
0.3310079872608185
0.5160383582115173
0.3419591784477234
0.6159260272979736
0.6564612984657288
0.43967288732528687
0.7416455745697021
0.2634464204311371
0.7823934555053711
0.6671746969223022
0.2788829803466797
0.7845810055732727
0.44157716631889343
0.6568169593811035
0.5821404457092285
0.27018600702285767
0.34861961007118225
0.30825772881507874
0.43601152300834656
0.46661704778671265
0.336273729801178
0.18161073327064514
0.7114806771278381
0.44561469554901123
0.24594014883041382
0.2697865962982178
0.23492008447647095
0.5502681732177734
0.3974124789237976
0.6674749851226807
0.31422311067581177
0.16121535003185272
0.47724661231040955
0.5687256455421448
0.4134715497493744
0.22980986535549164
0.2612796127796173
0.4741135537624359
0.4511853754520416
0.3178882598876953
0.45175978541374207
0.22908852994441986
0.4458959996700287
0.2698591351509094
0.4340144395828247
0.293326735496521
0.31862911581993103
0.36931511759757996
0.49343785643577576
0.5288465023040771
0.359507292509079
0.4600502848625183
0.41483986377716064
0.7116535902023315
0.3358519673347473
0.29982542991638184
0.42143264412879944
0.2620942294597626
0.25287875533103943
0.2165575921535492
0.44683098793029785
0.2376420497894287
0.3393647372722626
0.4427482485771179
0.2321266233921051
0.31202319264411926
0.5536614656448364
0.2321435958147049
0.4404085874557495
0.5350813269615173
0.2201996147632599
0.561916172504425
0.36232656240463257
0.2248477041721344
0.22612154483795166
0.4058911204338074
0.2598307728767395
0.5399512648582458
0.5310807228088379
0.087730273604393
0.4327280819416046
0.4113633930683136
0.6192750334739685
0.12252452224493027
0.48561903834342957
0.3127821683883667
0.38463911414146423
0.29015621542930603
0.44928663969039917
0.37416136264801025
0.4586515724658966
0.30898329615592957
0.43582984805107117
0.24352693557739258
0.27533456683158875
0.7083818316459656
0.4850550591945648
0.24320682883262634
0.21653924882411957
0.313580185174942
0.4717845320701599
0.3504619300365448
0.6236798763275146
0.3441348075866699
0.6492712497711182
0.4395674765110016
0.7184715867042542
0.08937233686447144
0.504445493221283
0.33542436361312866
0.3180890679359436
0.6352216601371765
0.5078189969062805
0.3041234314441681
0.34058794379234314
0.23272281885147095
0.3502162992954254
0.26385653018951416
0.510938823223114
0.2734701931476593
0.25073084235191345
0.24977950751781464
0.4340079426765442
0.5976229310035706
0.6299692988395691
0.565474271774292
0.7141906023025513
0.2469596415758133
0.3404944837093353
0.2376844584941864
0.4756278395652771
0.28190240263938904
0.4063982665538788
0.24083757400512695
0.38991376757621765
0.6844680309295654
0.4178718328475952
0.6647291779518127
0.536284327507019
0.16596074402332306
0.5081419944763184
0.25162482261657715
0.45843297243118286
0.31579405069351196
0.35876715183258057
0.3731495440006256
0.29104170203208923
0.3618741035461426
0.36048007011413574
0.2716420888900757
0.3321198523044586
0.29353833198547363
0.6346493363380432
0.7358056306838989
0.4144972562789917
0.30643847584724426
0.19414417445659637
0.43856316804885864
0.4276842176914215
0.6829643249511719
0.27965453267097473
0.2454124391078949
0.22247543931007385
0.3474642038345337
0.6070001721382141
0.4478188455104828
0.2605401873588562
0.5073006749153137
0.09313379973173141
0.25338849425315857
0.45701318979263306
0.2626951336860657
0.6777418255805969
0.4014754593372345
0.22244881093502045
0.7662901282310486
0.36482763290405273
0.37583380937576294
0.40756773948669434
0.2571863830089569
0.3873480260372162
0.5360820889472961
0.6366711258888245
0.3299897313117981
0.77397620677948
0.6217489242553711
0.32414332032203674
0.6392531991004944
0.3887912929058075
0.5005123019218445
0.37628212571144104
0.34110039472579956
0.6296804547309875
0.3929649293422699
0.4267154932022095
0.6369369029998779
0.3421339690685272
0.7951221466064453
0.44553300738334656
0.6762059330940247
0.6103119850158691
0.7105440497398376
0.5823308825492859
0.5513089895248413
0.5121979117393494
0.37902525067329407
0.6466437578201294
0.36439958214759827
0.49232321977615356
0.7602253556251526
0.31068092584609985
0.46181952953338623
0.5250909328460693
0.45034611225128174
0.6751371622085571
0.4233492612838745
0.7027556300163269
0.447459876537323
0.22044546902179718
0.7143800854682922
0.3630552887916565
0.28508010506629944
0.5436076521873474
0.48157721757888794
0.12895356118679047
0.32058730721473694
0.4115000069141388
0.3324650824069977
0.40676265954971313
0.6349475383758545
0.7219090461730957
0.4487346112728119
0.6299906969070435
0.7901932001113892
0.4647162854671478
0.7555273175239563
0.5609095096588135
0.43537014722824097
0.44287753105163574
0.4212094843387604
0.658607006072998
0.30566415190696716
0.5024648308753967
0.3428010046482086
0.5082253217697144
0.3156093955039978
0.4011169373989105
0.29263246059417725
0.2455378621816635
0.2290474772453308
0.6412376165390015
0.25275859236717224
0.5967594385147095
0.4017159044742584
0.2536672055721283
0.24319301545619965
0.4638630151748657
0.3278491795063019
0.49237728118896484
0.2690117657184601
0.23552905023097992
0.21352215111255646
0.23270770907402039
0.4148595631122589
0.2510825991630554
0.16442140936851501
0.37060126662254333
0.4194331169128418
0.28194868564605713
0.2567494213581085
0.323047012090683
0.2215176373720169
0.33436524868011475
0.29401201009750366
0.2874246835708618
0.17160265147686005
0.27019935846328735
0.28136885166168213
0.2702897787094116
0.21585842967033386
0.3000543415546417
0.2069631665945053
0.3256688117980957
0.24280531704425812
0.2822730541229248
0.22076913714408875
0.1953221559524536
0.3237835466861725
0.3303811848163605
0.3004170358181
0.4298046827316284
0.17340561747550964
0.2093505859375
0.41141414642333984
0.42298126220703125
0.26471972465515137
0.28919345140457153
0.6777920722961426
0.4186943769454956
0.48824381828308105
0.39710232615470886
0.24579672515392303
0.18162816762924194
0.3092236816883087
0.6623530983924866
0.613797664642334
0.15882675349712372
0.1628730595111847
0.6276639103889465
0.2444634586572647
0.2485186755657196
0.40357598662376404
0.28844353556632996
0.5442214608192444
0.2000366896390915
0.20532284677028656
0.332017719745636
0.36702805757522583
0.24111776053905487
0.7594771385192871
0.46264582872390747
0.48139509558677673
0.8380120396614075
0.6122092604637146
0.2920219898223877
0.5244684815406799
0.36036011576652527
0.6745287179946899
0.7552975416183472
0.2451745718717575
0.44957560300827026
0.21052148938179016
0.25778985023498535
0.6928298473358154
0.44883373379707336
0.33880218863487244
0.5834738612174988
0.26306667923927307
0.787420928478241
0.12446856498718262
0.5200081467628479
0.20302222669124603
0.3585207164287567
0.22210773825645447
0.43326160311698914
0.6127120852470398
0.12539054453372955
0.3103622794151306
0.4613223969936371
0.24698077142238617
0.2862706780433655
0.25387588143348694
0.10637553781270981
0.218550905585289
0.29821303486824036
0.5390398502349854
0.5827928781509399
0.3490307331085205
0.4583646059036255
0.6191987991333008
0.36213916540145874
0.591884195804596
0.23623275756835938
0.31176358461380005
0.30572769045829773
0.44987601041793823
0.230256587266922
0.1737532764673233
0.28078949451446533
0.31468573212623596
0.1528247892856598
0.29068613052368164
0.33684486150741577
0.24603328108787537
0.6563990116119385
0.5106894373893738
0.3507867157459259
0.24638274312019348
0.38627752661705017
0.36752060055732727
0.42021235823631287
0.19527001678943634
0.2659759521484375
0.36551105976104736
0.3011481761932373
0.28060007095336914
0.7754548192024231
0.23119677603244781
0.47572144865989685
0.712634801864624
0.3644231855869293
0.3085572123527527
0.4450521171092987
0.3944569230079651
0.471945196390152
0.31419995427131653
0.5247213244438171
0.4287903904914856
0.3070157766342163
0.35665780305862427
0.3974258005619049
0.4927175045013428
0.598533570766449
0.5698255300521851
0.4731808006763458
0.5059133172035217
0.46175137162208557
0.5530966520309448
0.4571966826915741
0.48167169094085693
0.3795784115791321
0.2801782190799713
0.31661269068717957
0.4996704161167145
0.3632626533508301
0.2974475026130676
0.4168347120285034
0.38234642148017883
0.3222469389438629
0.3374253213405609
0.3436272144317627
0.7348215579986572
0.3100007474422455
0.5465819835662842
0.5521396994590759
0.31880420446395874
0.48913344740867615
0.35842952132225037
0.3650209605693817
0.4399736225605011
0.4100783169269562
0.7099234461784363
0.41011670231819153
0.31494101881980896
0.43773770332336426
0.5210006237030029
0.5830132365226746
0.2710353434085846
0.7018074989318848
0.5050176382064819
0.19003106653690338
0.3323381841182709
0.5448557138442993
0.540162980556488
0.4920714497566223
0.4600483477115631
0.6668628454208374
0.27253204584121704
0.585249662399292
0.45464473962783813
0.3318743407726288
0.44291576743125916
0.34452879428863525
0.33486825227737427
0.18205533921718597
0.5253226161003113
0.45727670192718506
0.6096851229667664
0.7404718995094299
0.24854238331317902
0.470973402261734
0.31236737966537476
0.20387519896030426
0.22642730176448822
0.2646273076534271
0.16989701986312866
0.4536457657814026
0.1831294298171997
0.38750359416007996
0.17065633833408356
0.423353910446167
0.23041653633117676
0.4700106680393219
0.21026583015918732
0.2565920352935791
0.2070394605398178
0.1803032010793686
0.2783201336860657
0.16912971436977386
0.21855734288692474
0.14979813992977142
0.24820099771022797
0.19955943524837494
0.3552669882774353
0.4576566219329834
0.4859658181667328
0.21946705877780914
0.40951424837112427
0.3688719570636749
0.08898476511240005
0.18035933375358582
0.3446026146411896
0.3052246868610382
0.194053053855896
0.17785419523715973
0.3519096076488495
0.16788405179977417
0.15802182257175446
0.20454807579517365
0.3380635976791382
0.2476947009563446
0.2002667635679245
0.2556936740875244
0.15933409333229065
0.11627044528722763
0.21782182157039642
0.5151773691177368
0.22176408767700195
0.3871915638446808
0.7732341885566711
0.2146366983652115
0.42263227701187134
0.1458638608455658
0.40187886357307434
0.42451488971710205
0.15551653504371643
0.49929359555244446
0.1791601926088333
0.5144588351249695
0.4835236966609955
0.35498183965682983
0.2942374646663666
0.18551284074783325
0.3919789493083954
0.2372799664735794
0.5148668885231018
0.3738696277141571
0.2603568732738495
0.313956081867218
0.41728049516677856
0.2896048426628113
0.1359102874994278
0.17119640111923218
0.2841934561729431
0.41931191086769104
0.552409827709198
0.16166414320468903
0.26112669706344604
0.3199825882911682
0.6534389853477478
0.1753627508878708
0.32149583101272583
0.3255693316459656
0.2517775595188141
0.3555695712566376
0.20292380452156067
0.17210714519023895
0.19938839972019196
0.14674928784370422
0.15607692301273346
0.36859315633773804
0.324037104845047
0.3075973689556122
0.30873727798461914
0.30076712369918823
0.3336088955402374
0.19765248894691467
0.38918960094451904
0.3169001042842865
0.19936057925224304
0.33142536878585815
0.19002309441566467
0.748633623123169
0.44475239515304565
0.4309022128582001
0.1029651090502739
0.7722180485725403
0.3660292625427246
0.2449946403503418
0.24733591079711914
0.254305899143219
0.22498232126235962
0.3621506094932556
0.7742627859115601
0.4087255299091339
0.31338366866111755
0.40438953042030334
0.217800572514534
0.21389487385749817
0.32539233565330505
0.2259608507156372
0.3350553512573242
0.28620320558547974
0.37370017170906067
0.43629831075668335
0.25089550018310547
0.3241378962993622
0.41138243675231934
0.2332346886396408
0.20792876183986664
0.6436821818351746
0.3348219096660614
0.5331128835678101
0.35625699162483215
0.4505438506603241
0.22908779978752136
0.5807846784591675
0.7995479702949524
0.2830060124397278
0.27973541617393494
0.23958420753479004
0.5567412972450256
0.26713767647743225
0.24919605255126953
0.4356086552143097
0.6089366674423218
0.28494077920913696
0.305046945810318
0.5020317435264587
0.3014037609100342
0.2999289035797119
0.5795763731002808
0.2872310280799866
0.42999711632728577
0.7940350770950317
0.5992499589920044
0.25490349531173706
0.474029004573822
0.24313142895698547
0.3720111548900604
0.19424642622470856
0.418975830078125
0.4146746098995209
0.49180442094802856
0.29139775037765503
0.5071530342102051
0.3257797062397003
0.7202721834182739
0.3561865985393524
0.47055500745773315
0.2780490815639496
0.47626861929893494
0.3175375461578369
0.271412193775177
0.7823678255081177
0.48235076665878296
0.7470778822898865
0.7012662887573242
0.2991751730442047
0.21493665874004364
0.4331735372543335
0.5243997573852539
0.7769210934638977
0.3046150207519531
0.5513373613357544
0.293916791677475
0.5054211020469666
0.710034191608429
0.554894208908081
0.8313122987747192
0.7469054460525513
0.5226426124572754
0.4154528081417084
0.5836843252182007
0.26226478815078735
0.21780776977539062
0.3108793795108795
0.19569696485996246
0.2039390504360199
0.2322259396314621
0.4890258312225342
0.23963356018066406
0.24581877887248993
0.29096636176109314
0.35825803875923157
0.26076847314834595
0.25389307737350464
0.29064834117889404
0.40599188208580017
0.27635905146598816
0.25882062315940857
0.2971769869327545
0.5258655548095703
0.1961635798215866
0.5919616222381592
0.29952725768089294
0.41140633821487427
0.2673286497592926
0.36205750703811646
0.7598903775215149
0.299142450094223
0.30126243829727173
0.16579103469848633
0.1150694489479065
0.336500346660614
0.2448142170906067
0.24839071929454803
0.30344030261039734
0.29899901151657104
0.2730896770954132
0.3720541000366211
0.24439407885074615
0.3075525760650635
0.43843188881874084
0.3805007040500641
0.3799911439418793
0.3235794007778168
0.36574652791023254
0.4009062647819519
0.3806222677230835
0.22720685601234436
0.19185879826545715
0.5360444188117981
0.2285328507423401
0.3030463755130768
0.4005392789840698
0.27527448534965515
0.3317737579345703
0.6494648456573486
0.1414828896522522
0.30660146474838257
0.1635805070400238
0.2560441792011261
0.3211519718170166
0.2328214943408966
0.21638621389865875
0.44266730546951294
0.31165847182273865
0.22038240730762482
0.28312718868255615
0.3650789260864258
0.24379286170005798
0.24750860035419464
0.3560965061187744
0.3690335154533386
0.21047921478748322
0.3175768256187439
0.21509253978729248
0.42150819301605225
0.3629276156425476
0.5690018534660339
0.479129821062088
0.18167762458324432
0.21606546640396118
0.49342116713523865
0.24642951786518097
0.34050530195236206
0.2694014012813568
0.2691511809825897
0.2979492247104645
0.13626787066459656
0.26562485098838806
0.24847711622714996
0.18905872106552124
0.14801166951656342
0.4870501160621643
0.24666880071163177
0.25901392102241516
0.27294138073921204
0.3230798542499542
0.2823309898376465
0.381746381521225
0.42066285014152527
0.18350449204444885
0.2634560465812683
0.36649444699287415
0.23958875238895416
0.1843530833721161
0.6493832468986511
0.4649594724178314
0.2508845329284668
0.2829248905181885
0.6361575126647949
0.3132568299770355
0.4401010572910309
0.3453299403190613
0.3941829204559326
0.5291519165039062
0.5526111125946045
0.563035786151886
0.34518444538116455
0.6646102666854858
0.3602370619773865
0.2742348909378052
0.18234945833683014
0.4502250552177429
0.4062126576900482
0.49262771010398865
0.672197163105011
0.28346696496009827
0.5635099411010742
0.31436342000961304
0.3390229642391205
0.256873220205307
0.3310960531234741
0.2586043179035187
0.4389708638191223
0.2181452214717865
0.29802411794662476
0.4486508369445801
0.6621936559677124
0.29576221108436584
0.3101644217967987
0.33964020013809204
0.43181347846984863
0.28892821073532104
0.40872514247894287
0.5504918694496155
0.5463264584541321
0.3976340591907501
0.5735313296318054
0.37132033705711365
0.5620851516723633
0.16344720125198364
0.3588640093803406
0.2757653594017029
0.20580869913101196
0.46661272644996643
0.17705388367176056
0.34908124804496765
0.48916593194007874
0.548166811466217
0.18214665353298187
0.2727486193180084
0.2598283290863037
0.7595927119255066
0.333635151386261
0.4413644075393677
0.27909737825393677
0.2647099792957306
0.5115537047386169
0.33645904064178467
0.38119104504585266
0.2230481207370758
0.26275599002838135
0.32656458020210266
0.22295460104942322
0.5809606909751892
0.46369197964668274
0.2765492796897888
0.5237962007522583
0.464958131313324
0.4373893439769745
0.3635643720626831
0.6481395959854126
0.24713528156280518
0.40715262293815613
0.3836132287979126
0.39436906576156616
0.33966121077537537
0.591272234916687
0.35458722710609436
0.5726409554481506
0.3195439875125885
0.8024889230728149
0.5044885873794556
0.22872386872768402
0.8359164595603943
0.2457360476255417
0.8306093811988831
0.19590145349502563
0.794876217842102
0.19292426109313965
0.09246014058589935
0.4945940673351288
0.17204219102859497
0.8700985312461853
0.3641258776187897
0.27377206087112427
0.159105122089386
0.4534672796726227
0.35416701436042786
0.37670353055000305
0.4429410398006439
0.27443674206733704
0.5742315649986267
0.6674779653549194
0.6546851396560669
0.2761228084564209
0.48983505368232727
0.5980373024940491
0.3685324788093567
0.3609883487224579
0.2611134648323059
0.15881849825382233
0.5668433308601379
0.22493278980255127
0.49487534165382385
0.20421577990055084
0.2042529284954071
0.44770634174346924
0.24912963807582855
0.6203240156173706
0.4264836609363556
0.3718029856681824
0.2338385283946991
0.4554581046104431
0.4252331554889679
0.3631643056869507
0.30894070863723755
0.3493388295173645
0.3094009459018707
0.24386735260486603
0.2409408986568451
0.38510382175445557
0.38520345091819763
0.12040169537067413
0.2738722264766693
0.3263870179653168
0.07980795949697495
0.21788263320922852
0.3287014067173004
0.1445571333169937
0.6883520483970642
0.6406598687171936
0.4753228425979614
0.3247578740119934
0.586209774017334
0.7598131895065308
0.312736451625824
0.4026361107826233
0.32406386733055115
0.15867136418819427
0.2920038104057312
0.3357742428779602
0.25454986095428467
0.35479289293289185
0.24498595297336578
0.13945427536964417
0.16944284737110138
0.4302330017089844
0.4562729597091675
0.3772635757923126
0.22896817326545715
0.3156733810901642
0.6015108823776245
0.2527388036251068
0.4484648108482361
0.6999127268791199
0.5659012794494629
0.3222182095050812
0.46663376688957214
0.4691121280193329
0.3009074628353119
0.4488368034362793
0.3298875093460083
0.41329312324523926
0.8021280765533447
0.5637603402137756
0.612531304359436
0.41159364581108093
0.5562539100646973
0.40628552436828613
0.3404388725757599
0.824701189994812
0.5510258674621582
0.7032935619354248
0.36856406927108765
0.4022922217845917
0.2254822999238968
0.6686353087425232
0.5486352443695068
0.36935538053512573
0.29956087470054626
0.3429850935935974
0.4456055760383606
0.3888373076915741
0.32101747393608093
0.4002915024757385
0.17698204517364502
0.6494620442390442
0.18727974593639374
0.5490079522132874
0.298219233751297
0.3093074858188629
0.26819682121276855
0.22393636405467987
0.1994326263666153
0.20124037563800812
0.32345712184906006
0.2128395140171051
0.3439691662788391
0.291586309671402
0.4626716673374176
0.5038536190986633
0.4008623957633972
0.45352116227149963
0.2800023853778839
0.37141895294189453
0.4008139967918396
0.7247382402420044
0.36054277420043945
0.1929491013288498
0.281136155128479
0.22965125739574432
0.2512013912200928
0.7797856330871582
0.3785380721092224
0.12301938235759735
0.49216488003730774
0.34295186400413513
0.3400927186012268
0.21027760207653046
0.6151984930038452
0.2505882680416107
0.23711836338043213
0.33535557985305786
0.38396167755126953
0.18108710646629333
0.3025340437889099
0.39146995544433594
0.42834746837615967
0.35921722650527954
0.40365177392959595
0.23229536414146423
0.4687536656856537
0.621198296546936
0.5680928230285645
0.24972325563430786
0.17096790671348572
0.1594507247209549
0.29927030205726624
0.32125023007392883
0.17297405004501343
0.16293273866176605
0.3053695857524872
0.38624903559684753
0.22103703022003174
0.3644903004169464
0.20779258012771606
0.2367575317621231
0.4823392331600189
0.36107587814331055
0.27764928340911865
0.44898539781570435
0.29593026638031006
0.19443316757678986
0.2008010596036911
0.3540944755077362
0.38310423493385315
0.32509952783584595
0.21132692694664001
0.20422054827213287
0.20802436769008636
0.22191254794597626
0.45058122277259827
0.27797892689704895
0.2279379516839981
0.38568946719169617
0.2628709375858307
0.2696691155433655
0.21416640281677246
0.30208757519721985
0.26273173093795776
0.595475971698761
0.575712263584137
0.37557169795036316
0.5283295512199402
0.45047345757484436
0.5970970988273621
0.2097308188676834
0.24422210454940796
0.6462761163711548
0.568618893623352
0.37485307455062866
0.5577775835990906
0.4588698446750641
0.1356317549943924
0.3745500445365906
0.5589792132377625
0.4058433771133423
0.44154268503189087
0.23799516260623932
0.38492873311042786
0.44579485058784485
0.359594464302063
0.28040027618408203
0.2725064158439636
0.26820629835128784
0.35418179631233215
0.2663632333278656
0.2548653185367584
0.19130752980709076
0.2745312452316284
0.6711516976356506
0.3040860891342163
0.11633653938770294
0.21140775084495544
0.22925974428653717
0.34511590003967285
0.26472949981689453
0.31188535690307617
0.4069191813468933
0.3956660330295563
0.4024268686771393
0.2840050458908081
0.20381991565227509
0.23677663505077362
0.6080000400543213
0.31157082319259644
0.15717405080795288
0.3259846866130829
0.2548554241657257
0.43672049045562744
0.4719019830226898
0.5417657494544983
0.41719087958335876
0.25678396224975586
0.3030862808227539
0.5131747722625732
0.2765781581401825
0.21720951795578003
0.3382907807826996
0.3900763690471649
0.5850827693939209
0.77041095495224
0.5608618855476379
0.22420859336853027
0.6420066356658936
0.1656893789768219
0.29523879289627075
0.2667403817176819
0.2740321159362793
0.2363436222076416
0.3473820984363556
0.24340082705020905
0.26221412420272827
0.3646814227104187
0.34086060523986816
0.3301965594291687
0.3368815779685974
0.5068857073783875
0.21481022238731384
0.3689381778240204
0.2519305348396301
0.4000435173511505
0.289069801568985
0.2040378898382187
0.41150903701782227
0.5650320649147034
0.5618080496788025
0.21792513132095337
0.23273122310638428
0.5075204968452454
0.34621134400367737
0.3165062665939331
0.5084229707717896
0.27472925186157227
0.5304037928581238
0.19263404607772827
0.2210109978914261
0.2050415277481079
0.29512596130371094
0.45848655700683594
0.2780906558036804
0.6473996043205261
0.31586459279060364
0.31706058979034424
0.25385162234306335
0.2469930350780487
0.22944992780685425
0.2576977610588074
0.506006121635437
0.372262567281723
0.23974618315696716
0.23366717994213104
0.2682410180568695
0.2847703993320465
0.10685081034898758
0.41928577423095703
0.24542182683944702
0.18846918642520905
0.20589706301689148
0.15158995985984802
0.5997715592384338
0.6563202738761902
0.18724754452705383
0.2903556227684021
0.2955876886844635
0.29245492815971375
0.26037102937698364
0.38330718874931335
0.313598096370697
0.42493149638175964
0.1908923089504242
0.31042203307151794
0.24747739732265472
0.3480242192745209
0.30421626567840576
0.2992567718029022
0.5820661783218384
0.5356863141059875
0.19707760214805603
0.48691320419311523
0.16594478487968445
0.7047961950302124
0.23607368767261505
0.18083450198173523
0.16218213737010956
0.19873583316802979
0.17682553827762604
0.30825021862983704
0.26883405447006226
0.3369344174861908
0.41135260462760925
0.2700735032558441
0.43475914001464844
0.44139882922172546
0.44522032141685486
0.1852206587791443
0.6948797106742859
0.19823040068149567
0.42040008306503296
0.33037301898002625
0.35635459423065186
0.5764663815498352
0.39470458030700684
0.6700974702835083
0.2538438141345978
0.4629717469215393
0.7688636183738708
0.24149087071418762
0.16455116868019104
0.6053246259689331
0.17332260310649872
0.7176980376243591
0.24264025688171387
0.17139513790607452
0.1845591813325882
0.7700371742248535
0.7206951975822449
0.3044167757034302
0.1372552365064621
0.5072917938232422
0.14115522801876068
0.2891637682914734
0.16753381490707397
0.10726030170917511
0.09955823421478271
0.3746699094772339
0.24056376516819
0.4091271460056305
0.41792091727256775
0.46626731753349304
0.3200724720954895
0.3279030919075012
0.323099285364151
0.2684481739997864
0.32624343037605286
0.36655449867248535
0.35001036524772644
0.5176461935043335
0.3884648382663727
0.8359187245368958
0.3067660927772522
0.5806329250335693
0.7670432925224304
0.3879113793373108
0.5529741644859314
0.353741854429245
0.2508724331855774
0.7695685625076294
0.3191179931163788
0.7093924283981323
0.5176772475242615
0.5388862490653992
0.49876704812049866
0.434756875038147
0.7087674736976624
0.27954015135765076
0.41578909754753113
0.6849340796470642
0.41781046986579895
0.2719562351703644
0.41968607902526855
0.5384623408317566
0.3370601236820221
0.3566412925720215
0.32736703753471375
0.7575632929801941
0.654037594795227
0.2450660914182663
0.6082749366760254
0.6195470690727234
0.33411315083503723
0.3510652184486389
0.3313984274864197
0.4163990914821625
0.27259328961372375
0.2343507558107376
0.3392774760723114
0.3227485120296478
0.2978023588657379
0.5165551900863647
0.2853882312774658
0.20234599709510803
0.3090684711933136
0.3136294186115265
0.5770668387413025
0.432492733001709
0.3970119059085846
0.2951466143131256
0.691706657409668
0.7106636166572571
0.6656613349914551
0.22559098899364471
0.3607243597507477
0.46050623059272766
0.35583749413490295
0.2905381917953491
0.7488453388214111
0.31088876724243164
0.7750561833381653
0.4632730782032013
0.8103215098381042
0.21788619458675385
0.3371521234512329
0.2827151417732239
0.3561791777610779
0.3702654242515564
0.25158053636550903
0.23448532819747925
0.3789600729942322
0.2880632281303406
0.5506734251976013
0.4096549451351166
0.13757427036762238
0.2368713766336441
0.3713986277580261
0.31950655579566956
0.20166093111038208
0.20712660253047943
0.41775304079055786
0.14643236994743347
0.18905775249004364
0.37990403175354004
0.2844559848308563
0.17701883614063263
0.6282967925071716
0.1675080806016922
0.5420851111412048
0.40823253989219666
0.2522941529750824
0.28799912333488464
0.20327319204807281
0.3379856050014496
0.591683566570282
0.5079209208488464
0.46374082565307617
0.2139231413602829
0.2099890261888504
0.3837735950946808
0.29271554946899414
0.3983374834060669
0.26642099022865295
0.315487802028656
0.5919061899185181
0.48677858710289
0.29527634382247925
0.5046018958091736
0.4713886082172394
0.4990882873535156
0.5786742568016052
0.3896871507167816
0.4435451924800873
0.5573349595069885
0.7971360087394714
0.5344306826591492
0.41061335802078247
0.42512568831443787
0.2552281618118286
0.33519935607910156
0.6180952191352844
0.15392689406871796
0.3092344105243683
0.46880394220352173
0.24835655093193054
0.600067138671875
0.1794089525938034
0.3920893967151642
0.2894492745399475
0.7020431160926819
0.2696399688720703
0.4199179410934448
0.559280514717102
0.18954983353614807
0.44226598739624023
0.7559040188789368
0.4805505573749542
0.4173819124698639
0.8062999844551086
0.6538252830505371
0.32171252369880676
0.6588980555534363
0.4063885509967804
0.1713072657585144
0.5129422545433044
0.4025033116340637
0.4209336042404175
0.4754701256752014
0.5318586230278015
0.21588295698165894
0.23926684260368347
0.4331139326095581
0.3209885060787201
0.5440744161605835
0.17926619946956635
0.32407158613204956
0.4752580523490906
0.1865524798631668
0.2981206178665161
0.5089568495750427
0.6072059869766235
0.17836971580982208
0.32911941409111023
0.2761104106903076
0.5275478959083557
0.5989726185798645
0.40472647547721863
0.39871594309806824
0.6811658143997192
0.3312533497810364
0.18169477581977844
0.3018929362297058
0.5007535219192505
0.20916974544525146
0.5025022029876709
0.3708917498588562
0.40566495060920715
0.14896917343139648
0.6447538137435913
0.21892927587032318
0.5090569853782654
0.37113961577415466
0.7304534912109375
0.42262130975723267
0.24347136914730072
0.7348414659500122
0.5201703906059265
0.23668697476387024
0.37604013085365295
0.4834345579147339
0.5821179747581482
0.4352673590183258
0.517349898815155
0.7431941628456116
0.5127135515213013
0.21654112637043
0.19898730516433716
0.21407482028007507
0.35962340235710144
0.45136043429374695
0.333284854888916
0.6695560812950134
0.7621446251869202
0.19793231785297394
0.2540028691291809
0.20283956825733185
0.3270949423313141
0.3094628155231476
0.2880067229270935
0.2954358756542206
0.2547594904899597
0.3262709081172943
0.2777238190174103
0.1958000361919403
0.25884172320365906
0.3070427477359772
