0.4312160015106201
0.3317101299762726
0.29641902446746826
0.4581013023853302
0.4131070673465729
0.2637120187282562
0.27304607629776
0.7615936398506165
0.6236597895622253
0.48544320464134216
0.39810433983802795
0.5496363043785095
0.35107916593551636
0.36046844720840454
0.4105667173862457
0.2913305163383484
0.555206835269928
0.5102730989456177
0.4228803515434265
0.5417247414588928
0.514907956123352
0.5680385828018188
0.24197795987129211
0.38435599207878113
0.6516280174255371
0.7071316242218018
0.2786806523799896
0.2660285234451294
0.33375823497772217
0.39084458351135254
0.39180174469947815
0.2912248969078064
0.47634872794151306
0.3577162027359009
0.36969923973083496
0.728931725025177
0.24721358716487885
0.2474447339773178
0.5267087817192078
0.5709519386291504
0.2605951726436615
0.2039719521999359
0.3227798640727997
0.2463545948266983
0.587714433670044
0.22701609134674072
0.6067976355552673
0.8170948624610901
0.4367029070854187
0.328631192445755
0.762732744216919
0.34301328659057617
0.391604483127594
0.7203405499458313
0.2715081572532654
0.14349600672721863
0.23152726888656616
0.7654832601547241
0.3719767928123474
0.4350970983505249
0.30698513984680176
0.26717305183410645
0.3403756320476532
0.5629523992538452
0.33578985929489136
0.18119649589061737
0.7546494603157043
0.244003564119339
0.38521209359169006
0.17358379065990448
0.5853818655014038
0.25891008973121643
0.2908601760864258
0.5502269268035889
0.4300115704536438
0.6432512998580933
0.5000931620597839
0.2680843472480774
0.48081833124160767
0.4036377966403961
0.391927033662796
0.2863207757472992
0.6340863108634949
0.218764990568161
0.5186918377876282
0.40434667468070984
0.3920656740665436
0.5687145590782166
0.673416793346405
0.3067285120487213
0.22646620869636536
0.48220089077949524
0.2395772635936737
0.3758327066898346
0.4537868797779083
0.2403784692287445
0.12637284398078918
0.14686281979084015
0.43103039264678955
0.2664349377155304
0.27322259545326233
0.3357737362384796
0.6574878692626953
0.19568204879760742
0.4480801820755005
0.2374740093946457
0.17677250504493713
0.3494133949279785
0.1441432684659958
0.39092957973480225
0.4249212145805359
0.5842687487602234
0.19908255338668823
0.30982327461242676
0.28797784447669983
0.2825690805912018
0.7161760926246643
0.8370575904846191
0.24476684629917145
0.1484919935464859
0.4743061661720276
0.6369454860687256
0.4585375487804413
0.17969514429569244
0.5889207124710083
0.18946462869644165
0.5093550086021423
0.616703987121582
0.6804653406143188
0.31292736530303955
0.7715967893600464
0.16775265336036682
0.2671010196208954
0.2489367127418518
0.24573130905628204
0.25217047333717346
0.4523680508136749
0.26608023047447205
0.32591474056243896
0.35757097601890564
0.27560320496559143
0.11811766773462296
0.20948167145252228
0.2824976146221161
0.1983957141637802
0.2566624581813812
0.27671724557876587
0.40990135073661804
0.40430766344070435
0.1590479165315628
0.30684685707092285
0.21874696016311646
0.1927727460861206
0.3151738941669464
0.36445513367652893
0.49591124057769775
0.22774268686771393
0.42005500197410583
0.14250215888023376
0.3372179865837097
0.6692063808441162
0.31365615129470825
0.2032596319913864
0.5342795848846436
0.29832300543785095
0.19774910807609558
0.3647041320800781
0.16851821541786194
0.6200258135795593
0.2839442789554596
0.2617378830909729
0.5909906625747681
0.34071430563926697
0.23695242404937744
0.24165211617946625
0.1687421053647995
0.3801186680793762
0.3186939060688019
0.20973476767539978
0.19102616608142853
0.31548067927360535
0.6806409358978271
0.3853411376476288
0.3458617627620697
0.15753544867038727
0.15507258474826813
0.4668077826499939
0.5659787654876709
0.7655056118965149
0.5496635437011719
0.2374604344367981
0.41334936022758484
0.6791532039642334
0.3770245313644409
0.586125910282135
0.40715667605400085
0.44402509927749634
0.33872565627098083
0.5770311951637268
0.20664356648921967
0.2706368863582611
0.4355948567390442
0.5294048190116882
0.5487921237945557
0.37598007917404175
0.28816574811935425
0.7318726181983948
0.3345987796783447
0.3731333017349243
0.5883597731590271
0.6825438737869263
0.5408886075019836
0.7214590311050415
0.4438934922218323
0.5008576512336731
0.4433775246143341
0.19690220057964325
0.5663322806358337
0.3030654191970825
0.3079336881637573
0.6611522436141968
0.5107287764549255
0.5684905052185059
0.3173452615737915
0.36435404419898987
0.4554045796394348
0.4548710584640503
0.5166650414466858
0.6080505847930908
0.1917136013507843
0.18721145391464233
0.22200068831443787
0.3555275499820709
0.4420025646686554
0.1906210333108902
0.19108247756958008
0.437714159488678
0.30888205766677856
0.1641455441713333
0.29382026195526123
0.37012726068496704
0.2645556926727295
0.16616804897785187
0.26792439818382263
0.3177948296070099
0.26315173506736755
0.2831016182899475
0.19869022071361542
0.14881370961666107
0.3457038104534149
0.1867929995059967
0.2811768352985382
0.22267760336399078
0.640419602394104
0.2965031862258911
0.24028070271015167
0.5496302247047424
0.3697301149368286
0.2375447303056717
0.42106959223747253
0.24115094542503357
0.5053267478942871
0.40960386395454407
0.38105711340904236
0.29118645191192627
0.4112683832645416
0.3944697380065918
0.2547668218612671
0.410133421421051
0.12835247814655304
0.147951140999794
0.179793581366539
0.1718805581331253
0.1735706776380539
0.2650073766708374
0.27202117443084717
0.4086897075176239
0.6157208681106567
0.45082440972328186
0.387912780046463
0.3061876893043518
0.2344479113817215
0.5864609479904175
0.405344694852829
0.4238080680370331
0.20506487786769867
0.1648930460214615
0.25308603048324585
0.16198016703128815
0.33453476428985596
0.28870874643325806
0.23591949045658112
0.33317506313323975
0.28786879777908325
0.23932603001594543
0.15433485805988312
0.24377025663852692
0.06679045408964157
0.1938645988702774
0.07080642879009247
0.3666909635066986
0.3555012047290802
0.13336361944675446
0.45826470851898193
0.7377686500549316
0.36292675137519836
0.26679137349128723
0.37930577993392944
0.41751736402511597
0.7460566759109497
0.27966344356536865
0.405156672000885
0.6143108606338501
0.49874138832092285
0.4342663288116455
0.22097204625606537
0.2168799638748169
0.1511632651090622
0.19946423172950745
0.35117393732070923
0.3067863881587982
0.2714649736881256
0.3627350926399231
0.24444571137428284
0.16771303117275238
0.4406091570854187
0.49894875288009644
0.2804268002510071
0.5121837258338928
0.19003799557685852
0.23705913126468658
0.46724289655685425
0.3707519769668579
0.34854209423065186
0.28275784850120544
0.22897666692733765
0.3269868791103363
0.41620761156082153
0.21600162982940674
0.751577615737915
0.210759237408638
0.26824134588241577
0.26143383979797363
0.3224896192550659
0.25666117668151855
0.21686334908008575
0.26916006207466125
0.2736363112926483
0.7283700108528137
0.38219907879829407
0.18360240757465363
0.3675384521484375
0.24225297570228577
0.3484176993370056
0.3869309425354004
0.28858640789985657
0.27535051107406616
0.48790013790130615
0.576056957244873
0.21354570984840393
0.7475930452346802
0.20553767681121826
0.23214763402938843
0.23083552718162537
0.25872141122817993
0.6214146018028259
0.3158310353755951
0.3905263841152191
0.3233673572540283
0.14449703693389893
0.1428278088569641
0.5889003872871399
0.42889487743377686
0.439791202545166
0.4778999984264374
0.1265002191066742
0.18662576377391815
0.34594064950942993
0.2106361985206604
0.2861204147338867
0.3171096444129944
0.16693390905857086
0.3489391505718231
0.2418396919965744
0.32161596417427063
0.08473771810531616
0.20770160853862762
0.37898698449134827
0.33212944865226746
0.4244545102119446
0.13509279489517212
0.22363528609275818
0.19998252391815186
0.3637557923793793
0.4601996839046478
0.33306795358657837
0.3229830265045166
0.29842904210090637
0.29828783869743347
0.6276798844337463
0.1709371656179428
0.43045246601104736
0.4101440906524658
0.30602410435676575
0.3193777799606323
0.18392980098724365
0.33323347568511963
0.36010876297950745
0.2612970173358917
0.3806820213794708
0.3638756573200226
0.2530488073825836
0.2378646284341812
0.29848888516426086
0.6607539057731628
0.4151310622692108
0.29079657793045044
0.23998616635799408
0.46811041235923767
0.3575906753540039
0.22613979876041412
0.42716148495674133
0.33322873711586
0.24285763502120972
0.39484041929244995
0.23625077307224274
0.25330305099487305
0.41242751479148865
0.1281709223985672
0.2984330952167511
0.3278399705886841
0.28021180629730225
0.5561826229095459
0.3174784481525421
0.34618836641311646
0.5847646594047546
0.40780574083328247
0.37176382541656494
0.45338794589042664
0.42832231521606445
0.5112768411636353
0.3049639165401459
0.3559679687023163
0.4946841597557068
0.2787446975708008
0.2693732678890228
0.26462802290916443
0.41378894448280334
0.5282348990440369
0.3111773729324341
0.24922706186771393
0.240909606218338
0.5354649424552917
0.43228045105934143
0.45699238777160645
0.39876192808151245
0.2183818221092224
0.28516390919685364
0.5005582571029663
0.29603084921836853
0.6125999689102173
0.3209170699119568
0.44093024730682373
0.16465798020362854
0.31283125281333923
0.4239062964916229
0.22832030057907104
0.41708144545555115
0.6548460721969604
0.18738505244255066
0.25595054030418396
0.4676878750324249
0.4381730258464813
0.34663301706314087
0.3769036531448364
0.29038912057876587
0.2876361012458801
0.4177772104740143
0.2866837978363037
0.1976434588432312
0.4397917687892914
0.5150883793830872
0.24016709625720978
0.3861190974712372
0.3558036684989929
0.39701709151268005
0.4438859820365906
0.2648085057735443
0.47545260190963745
0.3722292184829712
0.18977190554141998
0.4537893235683441
0.23173068463802338
0.309529185295105
0.3235676884651184
0.2257474958896637
0.2572285532951355
0.557958722114563
0.3372732102870941
0.1445593535900116
0.38608279824256897
0.611388087272644
0.3882307708263397
0.707391619682312
0.33961421251296997
0.33278581500053406
0.8468074798583984
0.47935226559638977
0.2922692894935608
0.2720053791999817
0.803367018699646
0.12561261653900146
0.5058090090751648
0.22692669928073883
0.2853168845176697
0.5528478622436523
0.35078859329223633
0.21114063262939453
0.5557694435119629
0.5068168640136719
0.6618261337280273
0.2138707935810089
0.4914517402648926
0.2537028193473816
0.5308924913406372
0.21550807356834412
0.6653875708580017
0.34764304757118225
0.38902419805526733
0.3656265139579773
0.3964676260948181
0.44021809101104736
0.2858404815196991
0.40762239694595337
0.2764885127544403
0.39590269327163696
0.41407179832458496
0.3996444344520569
0.3704772889614105
0.6743226647377014
0.8040042519569397
0.3023453652858734
0.06935617327690125
0.15740633010864258
0.16170130670070648
0.24127481877803802
0.3002207279205322
0.34278517961502075
0.26762598752975464
0.1462538242340088
0.2915392816066742
0.14687477052211761
0.35145023465156555
0.5721026062965393
0.1211811900138855
0.2545038163661957
0.1846601366996765
0.14449293911457062
0.3814173638820648
0.25349539518356323
0.295177698135376
0.09585688263177872
0.20355305075645447
0.06935617327690125
0.16309650242328644
0.5002305507659912
0.7129786610603333
0.252584308385849
0.40035107731819153
0.5747866034507751
0.5965374708175659
0.2537008225917816
0.6822369694709778
0.40627509355545044
0.26398488879203796
0.42701253294944763
0.23154231905937195
0.25472575426101685
0.22211208939552307
0.2385755181312561
0.30061501264572144
0.431302011013031
0.3964582681655884
0.2306300848722458
0.8658267259597778
0.2818387448787689
0.6095531582832336
0.3506670892238617
0.3551259934902191
0.1319364458322525
0.27956292033195496
0.19563047587871552
0.15856526792049408
0.19065120816230774
0.16088955104351044
0.3177267909049988
0.6394513249397278
0.2291770875453949
0.33587586879730225
0.14326801896095276
0.29002922773361206
0.22854545712471008
0.20898152887821198
0.48399412631988525
0.5375775098800659
0.15134301781654358
0.40561550855636597
0.17562763392925262
0.2593224346637726
0.21702343225479126
0.38279253244400024
0.3652486205101013
0.5111604928970337
0.31772759556770325
0.4797087609767914
0.5843090415000916
0.28035372495651245
0.33498865365982056
0.3700747787952423
0.36509788036346436
0.1922154277563095
0.2361820638179779
0.578792929649353
0.2575627863407135
0.24436761438846588
0.5557761788368225
0.3183096945285797
0.2950105369091034
0.40433502197265625
0.35188737511634827
0.4896622598171234
0.19246089458465576
0.34613901376724243
0.49446582794189453
0.5477769374847412
0.3198147118091583
0.39455923438072205
0.31059780716896057
0.5596569180488586
0.24226070940494537
0.41140249371528625
0.2784046530723572
0.25760015845298767
0.26902326941490173
0.48604270815849304
0.7684391736984253
0.5003502368927002
0.4446902573108673
0.6246315836906433
0.3850648105144501
0.5247445106506348
0.2815837860107422
0.44262635707855225
0.6356590390205383
0.6990489959716797
0.3124310374259949
0.33449897170066833
0.5859005451202393
0.24957731366157532
0.5585704445838928
0.44062870740890503
0.2411653846502304
0.5876539945602417
0.4871985614299774
0.48254847526550293
0.21110981702804565
0.5140419006347656
0.42037859559059143
0.3336394727230072
0.222039595246315
0.3803565800189972
0.2269655019044876
0.541234016418457
0.5162988305091858
0.2144785076379776
0.256193071603775
0.3192591369152069
0.3396056890487671
0.3107861280441284
0.6623848080635071
0.5013243556022644
0.4020354747772217
0.4667653739452362
0.09074585884809494
0.27451053261756897
0.16985169053077698
0.6682935953140259
0.23963859677314758
0.19046014547348022
0.3188248872756958
0.30339789390563965
0.6951956748962402
0.3778965175151825
0.15908904373645782
0.14814142882823944
0.25634729862213135
0.1714480072259903
0.19014525413513184
0.1392855942249298
0.5912808775901794
0.2943253219127655
0.42506760358810425
0.06970962136983871
0.16449889540672302
0.7399512529373169
0.32524144649505615
0.6119454503059387
0.30991220474243164
0.7637315988540649
0.28616055846214294
0.2966402769088745
0.3285365700721741
0.2534332275390625
0.2619209587574005
0.24743826687335968
0.6127738356590271
0.28123223781585693
0.21829617023468018
0.28971201181411743
0.43436071276664734
0.24450524151325226
0.2530733644962311
0.4760080873966217
0.2488386631011963
0.31058812141418457
0.38291335105895996
0.21265430748462677
0.4089314937591553
0.3328358829021454
0.7810922861099243
0.25127923488616943
0.2773098647594452
0.28709033131599426
0.29719018936157227
0.1729840189218521
0.47120609879493713
0.1910100132226944
0.5545035004615784
0.366350382566452
0.19498983025550842
0.13320261240005493
0.2480861097574234
0.2673206031322479
0.285275399684906
0.40548959374427795
0.15298104286193848
0.2620070278644562
0.3797813057899475
0.3942931294441223
0.7391336560249329
0.23651456832885742
0.29519060254096985
0.2602023482322693
0.40502843260765076
0.316676527261734
0.3487131595611572
0.2827626168727875
0.38727498054504395
0.3433631360530853
0.3620651960372925
0.37634333968162537
0.1438799500465393
0.24959181249141693
0.24129946529865265
0.3478507399559021
0.39353570342063904
0.5937421917915344
0.3729605972766876
0.8011518716812134
0.2598361372947693
0.39069053530693054
0.6621622443199158
0.46566250920295715
0.23001356422901154
0.3441961407661438
0.4518047571182251
0.7478341460227966
0.6585777401924133
0.31894752383232117
0.29624539613723755
0.22478963434696198
0.351337194442749
0.18745598196983337
0.2992309033870697
0.18606799840927124
0.7211578488349915
0.48406708240509033
0.5275996923446655
0.20627792179584503
0.35216835141181946
0.2563447952270508
0.20082059502601624
0.6624764204025269
0.19101203978061676
0.06935617327690125
0.285147488117218
0.2198256105184555
0.627804696559906
0.39993181824684143
0.06935617327690125
0.3657606542110443
0.07785210013389587
0.27346888184547424
0.20441974699497223
0.2944457530975342
0.20966783165931702
0.21902482211589813
0.43768510222435
0.17637133598327637
0.3033893406391144
0.1865258663892746
0.4138639569282532
0.25415176153182983
0.2192017287015915
0.2388923317193985
0.3020854592323303
0.4047307074069977
0.18114371597766876
0.18652160465717316
0.5200298428535461
0.20898202061653137
0.2326899766921997
0.31673353910446167
0.21790428459644318
0.20306363701820374
0.3724392354488373
0.3122125267982483
0.3032819628715515
0.3131585419178009
0.1941259354352951
0.32284802198410034
0.37417319416999817
0.14277726411819458
0.20407666265964508
0.17810536921024323
0.2698196470737457
0.16006620228290558
0.18749283254146576
0.3877968192100525
0.3170139193534851
0.22028674185276031
0.2744876444339752
0.23014335334300995
0.3003658652305603
0.17379476130008698
0.37961679697036743
0.29296576976776123
0.2762083113193512
0.173566535115242
0.25080743432044983
0.2326771467924118
0.2611011862754822
0.1980164498090744
0.312695175409317
0.19601322710514069
0.30703067779541016
0.27208131551742554
0.14635337889194489
0.36816132068634033
0.15002277493476868
0.3371002674102783
0.2663934826850891
0.28263092041015625
0.15306833386421204
0.5634816884994507
0.275167316198349
0.23157745599746704
0.23131074011325836
0.1745373159646988
0.25860995054244995
0.26076120138168335
0.25335103273391724
0.21058784425258636
0.2931559681892395
0.20320750772953033
0.2006390541791916
0.3001355230808258
0.1634291410446167
0.25076690316200256
0.2871505618095398
0.5126233100891113
0.22672061622142792
0.7142668962478638
0.574383556842804
0.07271412014961243
0.2356172502040863
0.148615300655365
0.21488985419273376
0.4692278504371643
0.2813935875892639
0.7507468461990356
0.6762455105781555
0.32451939582824707
0.2618131935596466
0.2707447409629822
0.17327165603637695
0.6951158046722412
0.5808104276657104
0.1643143594264984
0.277014821767807
0.5991124510765076
0.16801467537879944
0.2986997663974762
0.16310831904411316
0.2903136610984802
0.4268718361854553
0.21220867335796356
0.17125770449638367
0.3191292881965637
0.21842068433761597
0.23130609095096588
0.2562686502933502
0.2076384425163269
0.5046584606170654
0.13617514073848724
0.2252480685710907
0.32525527477264404
0.20632712543010712
0.692783534526825
0.266523152589798
0.2627212107181549
0.13181966543197632
0.12327434867620468
0.15608128905296326
0.3051183521747589
0.2336169183254242
0.1436796337366104
0.20431101322174072
0.8082273006439209
0.12981431186199188
0.11968692392110825
0.08788811415433884
0.290704607963562
0.8119691014289856
0.15526995062828064
0.8673374652862549
0.3080688416957855
0.23714734613895416
0.27144965529441833
0.19545434415340424
0.4389805495738983
0.20337240397930145
0.22333954274654388
0.3728293478488922
0.5102883577346802
0.26976266503334045
0.2196471393108368
0.24689075350761414
0.2773272693157196
0.3260500133037567
0.2641898989677429
0.30491337180137634
0.27226153016090393
0.27628809213638306
0.10569174587726593
0.29331955313682556
0.2086440920829773
0.6976121664047241
0.2854326069355011
0.13773858547210693
0.48678678274154663
0.15779851377010345
0.37311896681785583
0.31729480624198914
0.340768426656723
0.26076260209083557
0.3100415766239166
0.7527183294296265
0.1909908801317215
0.3050101399421692
0.21924088895320892
0.17042723298072815
0.22958649694919586
0.23515598475933075
0.18420395255088806
0.15764418244361877
0.4162116050720215
0.6466373205184937
0.11993144452571869
0.4422154128551483
0.8617514371871948
0.25607261061668396
0.35907015204429626
0.4093897044658661
0.25312989950180054
0.30129653215408325
0.27446311712265015
0.24417449533939362
0.41244131326675415
0.6066092848777771
0.45302650332450867
0.28607597947120667
0.34669002890586853
0.39443856477737427
0.2880309224128723
0.4663041830062866
0.17364683747291565
0.7087425589561462
0.33465003967285156
0.17628706991672516
0.24733510613441467
0.20187771320343018
0.507999062538147
0.5076367259025574
0.14450891315937042
0.390755295753479
0.5620855093002319
0.22914981842041016
0.17900578677654266
0.5941967368125916
0.08696548640727997
0.23088359832763672
0.4610254168510437
0.20888172090053558
0.1935095638036728
0.5718191266059875
0.12681423127651215
0.19160811603069305
0.15577326714992523
0.5650669932365417
0.17354322969913483
0.19515404105186462
0.17981286346912384
0.14612439274787903
0.27890869975090027
0.39302992820739746
0.36123448610305786
0.2310217171907425
0.32243379950523376
0.39493662118911743
0.1383478045463562
0.21951550245285034
0.3084474205970764
0.3118216097354889
0.40840739011764526
0.24697652459144592
0.31602856516838074
0.1835450679063797
0.19140508770942688
0.694934070110321
0.30213040113449097
0.5872043371200562
0.16400502622127533
0.2689402103424072
0.4570479989051819
0.21698151528835297
0.3061985671520233
0.245613232254982
0.2926003038883209
0.22232113778591156
0.214949831366539
0.5409414172172546
0.393165647983551
0.38491183519363403
0.29036009311676025
0.298262357711792
0.31459322571754456
0.4042283892631531
0.606736958026886
0.18460792303085327
0.37639981508255005
0.25996890664100647
0.2879011332988739
0.4855599105358124
0.2666665315628052
0.40645867586135864
0.2521960437297821
0.36791014671325684
0.32977595925331116
0.5214834809303284
0.287251353263855
0.3052593171596527
0.19004008173942566
0.19215919077396393
0.5096082091331482
0.2733019292354584
0.4749127924442291
0.24454142153263092
0.25341835618019104
0.11395049840211868
0.2595725357532501
0.47173431515693665
0.42795079946517944
0.21808567643165588
0.2502281069755554
0.20945461094379425
0.28085628151893616
0.2693231403827667
0.2069631814956665
0.3493684232234955
0.7684885263442993
0.2002122402191162
0.3488912880420685
0.24775394797325134
0.631682276725769
0.6839361190795898
0.23179283738136292
0.22441990673542023
0.2464236319065094
0.29416778683662415
0.16812950372695923
0.7656565308570862
0.41184839606285095
0.41493871808052063
0.7458423972129822
0.23498772084712982
0.1802118420600891
0.2479414939880371
0.2905190885066986
0.2538873255252838
0.4996946454048157
0.6590915322303772
0.31345322728157043
0.1459077149629593
0.34382113814353943
0.49272942543029785
0.5339555144309998
0.25420910120010376
0.3785315155982971
0.39637625217437744
0.6376644372940063
0.3560495972633362
0.24882426857948303
0.22257965803146362
0.3068334460258484
0.5975263714790344
0.24539361894130707
0.3363993763923645
0.4075900614261627
0.6399707198143005
0.5298972725868225
0.31948423385620117
0.4330621361732483
0.17640620470046997
0.28474095463752747
0.1618218719959259
0.6018006801605225
0.3514444828033447
0.1559205949306488
0.5152711868286133
0.3463413715362549
0.4435290992259979
0.3741256892681122
0.14558802545070648
0.42226481437683105
0.2605074644088745
0.7087820172309875
0.13365766406059265
0.16830351948738098
0.24150346219539642
0.16937656700611115
0.335224449634552
0.23371675610542297
0.2311563342809677
0.16942277550697327
0.2745751142501831
0.6414601802825928
0.22836251556873322
0.6501772999763489
0.45193248987197876
0.1677483469247818
0.29649367928504944
0.39867037534713745
0.31576278805732727
0.7138631343841553
0.21493327617645264
0.3484318256378174
0.2434931844472885
0.3296158015727997
0.21402999758720398
0.27135372161865234
0.4168630838394165
0.36561205983161926
0.17534491419792175
0.24972058832645416
0.11343366652727127
0.4330689311027527
0.20971868932247162
0.407681941986084
0.24007095396518707
0.28321221470832825
0.2968917489051819
0.3491409420967102
0.41651445627212524
0.11478683352470398
0.3532535135746002
0.12867824733257294
0.16657483577728271
0.3648277223110199
0.376974493265152
0.19094131886959076
0.18265673518180847
0.12094209343194962
0.13010336458683014
0.12391176074743271
0.5363847613334656
0.3050044775009155
0.36608970165252686
0.2561008334159851
0.5614860653877258
0.1904582381248474
0.2579182982444763
0.1605147272348404
0.33916017413139343
0.17535115778446198
0.5210554003715515
0.14895300567150116
0.45594874024391174
0.3994698226451874
0.20139430463314056
0.27339330315589905
0.1656075268983841
0.1420956403017044
0.18618445098400116
0.2833380103111267
0.3256034255027771
0.18373674154281616
0.7362638711929321
0.16216614842414856
0.6023373007774353
0.8351062536239624
0.3156791031360626
0.49055686593055725
0.3372068703174591
0.5970562696456909
0.4901903569698334
0.4401896893978119
0.24459309875965118
0.3263539969921112
0.18949231505393982
0.1686069667339325
0.06935617327690125
0.5689813494682312
0.5046916007995605
0.31772246956825256
0.26235583424568176
0.24809618294239044
0.20943936705589294
0.34234482049942017
0.24192076921463013
0.25986579060554504
0.1812688261270523
0.24148978292942047
0.2722551226615906
0.22384975850582123
0.25741198658943176
0.1978720724582672
0.22084052860736847
0.16809192299842834
0.20123963057994843
0.22929900884628296
0.2654307186603546
0.2389594465494156
0.1565535068511963
0.2707674205303192
0.19651661813259125
0.4855211675167084
0.24520112574100494
0.3403029143810272
0.2695543169975281
0.19990061223506927
0.15892134606838226
0.1427684724330902
0.23126134276390076
0.3907180428504944
0.12335315346717834
0.1599859744310379
0.17911939322948456
0.22679388523101807
0.3344148099422455
0.1784277856349945
0.18114306032657623
0.1644180417060852
0.26668205857276917
0.2675020098686218
0.19789543747901917
0.17617079615592957
0.36808785796165466
0.18811556696891785
0.2595764696598053
0.41256028413772583
0.5604923963546753
0.36506426334381104
0.18951068818569183
0.17962868511676788
0.20767024159431458
0.18466530740261078
0.3612794876098633
0.22936592996120453
0.11702568829059601
0.08744827657938004
0.30098477005958557
0.21238142251968384
0.29477939009666443
0.30099186301231384
0.2408430427312851
0.23897093534469604
0.2885375916957855
0.34585389494895935
0.18342740833759308
0.49014103412628174
0.4008632302284241
0.0480995774269104
0.1848476678133011
0.19871786236763
0.17228718101978302
0.3657589554786682
0.3724929392337799
0.23828372359275818
0.2894844710826874
0.18627406656742096
0.3748661279678345
0.1617615818977356
0.23325733840465546
0.24803544580936432
0.24662183225154877
0.29162439703941345
0.38980844616889954
0.21778862178325653
0.2886303961277008
0.2660597264766693
0.14013507962226868
0.16308675706386566
0.0923382043838501
0.20458769798278809
0.19486892223358154
0.23430748283863068
0.30675750970840454
0.21263660490512848
0.06935617327690125
0.2636263072490692
0.2390802651643753
0.17141878604888916
0.6241632699966431
0.3604357838630676
0.45230963826179504
0.558092474937439
0.6081541776657104
0.5755882263183594
0.3594019114971161
0.2043050229549408
0.2455185204744339
0.1693747341632843
0.19321970641613007
0.29306137561798096
0.25413888692855835
0.5334246158599854
0.4099690616130829
0.5868883728981018
0.1846299022436142
0.2735160291194916
0.30715104937553406
0.4506625235080719
0.1662805676460266
0.2904655337333679
0.1910189986228943
0.3487330973148346
0.32689955830574036
0.40287935733795166
0.27281928062438965
0.3903470039367676
0.2667170763015747
0.34439563751220703
0.282326340675354
0.26527565717697144
0.29059162735939026
0.37443894147872925
0.24786338210105896
0.2720089256763458
0.49535420536994934
0.42514723539352417
0.3119560182094574
0.1612425148487091
0.6532352566719055
0.25918957591056824
0.3672284781932831
0.34671735763549805
0.6990917921066284
0.7247222065925598
0.23492087423801422
0.24653862416744232
0.406345009803772
0.2834305763244629
0.24555519223213196
0.13771314918994904
0.20824147760868073
0.13568982481956482
0.2680615782737732
0.2832498252391815
0.2177063524723053
0.4103415906429291
0.2759935259819031
0.3783995509147644
0.19662074744701385
0.22096848487854004
0.21524429321289062
0.3869357109069824
0.3745012879371643
0.40402084589004517
0.5441697239875793
0.28843772411346436
0.5002445578575134
0.3768880367279053
0.27766385674476624
0.39242687821388245
0.18492057919502258
0.4024101793766022
0.1552761197090149
0.4307524263858795
0.15762661397457123
0.15415406227111816
0.1885964423418045
0.27099770307540894
0.3526238203048706
0.2589825391769409
0.31498050689697266
0.675300657749176
0.3958723545074463
0.1603444665670395
0.4028933048248291
0.3759528696537018
0.4593883156776428
0.5673395991325378
0.2436148077249527
0.5075746178627014
0.6695157289505005
0.785942018032074
0.162497878074646
0.4196453392505646
0.15668520331382751
0.340677946805954
0.4440648555755615
0.5238233208656311
0.6989260911941528
0.645673930644989
0.5590474605560303
0.39106351137161255
0.48338446021080017
0.402819961309433
0.5078136920928955
0.4075164198875427
0.3724733293056488
0.5290701985359192
0.33608725666999817
0.3556463122367859
0.4886561334133148
0.16624347865581512
0.32220566272735596
0.646655261516571
0.5716007351875305
0.8010374307632446
0.26342257857322693
0.2580595314502716
0.4061293303966522
0.21731281280517578
0.22886627912521362
0.3072334825992584
0.1525799185037613
0.5357311367988586
0.2066626101732254
0.13765773177146912
0.5672774314880371
0.2149440199136734
0.3164910674095154
0.27045050263404846
0.6069376468658447
0.27961185574531555
0.3305678367614746
0.1847035139799118
0.5153738260269165
0.4057425260543823
0.3710436522960663
0.24182012677192688
0.2697557508945465
0.7814464569091797
0.4287079870700836
0.6910167932510376
0.5155273675918579
0.8587769269943237
0.18969270586967468
0.8011633157730103
0.10752277076244354
0.3314935564994812
0.5426911115646362
0.2720513641834259
0.2596755027770996
0.30677247047424316
0.6716166138648987
0.34592631459236145
0.6389051675796509
0.3664858937263489
0.1456945836544037
0.2223898321390152
0.2616118788719177
0.06971155852079391
0.1475902497768402
0.2426697313785553
0.7339661717414856
0.8020329475402832
0.4284439980983734
0.29531732201576233
0.2894423305988312
0.547727108001709
0.1776999533176422
0.21657364070415497
0.3031042516231537
0.20595420897006989
0.16366763412952423
0.331224650144577
0.889613151550293
0.5348900556564331
0.7331680059432983
0.3385670781135559
0.6695258021354675
0.5433419346809387
0.4834715723991394
0.6623534560203552
0.18757027387619019
0.49521246552467346
0.40245360136032104
0.44743239879608154
0.15021447837352753
0.4672059118747711
0.2978305220603943
0.62895667552948
0.22538554668426514
0.5616735816001892
0.26032888889312744
0.8157655596733093
0.48956385254859924
0.29823121428489685
0.2566162347793579
0.06935617327690125
0.4962765872478485
0.35042986273765564
0.5796231627464294
0.2283112108707428
0.6857725977897644
0.3455541729927063
0.1414235681295395
0.46142229437828064
0.4032588601112366
0.3206835091114044
0.6009811758995056
0.248692587018013
0.3497507572174072
0.5909655094146729
0.30784913897514343
0.3507440686225891
0.3446347117424011
0.2268677055835724
0.6700810790061951
0.23144224286079407
0.35391178727149963
0.5254673957824707
0.3679112195968628
0.6922126412391663
0.711673378944397
0.5667397975921631
0.44345855712890625
0.7798020243644714
0.42782652378082275
0.47640088200569153
0.5241835117340088
0.397649347782135
0.4157715439796448
0.2747325301170349
0.46415290236473083
0.44003042578697205
0.5614669919013977
0.36877113580703735
0.4056899845600128
0.42284324765205383
0.3031010925769806
0.44485846161842346
0.21496939659118652
0.3232688307762146
0.42244070768356323
0.2461649626493454
0.2206823080778122
0.3380221426486969
0.2041480988264084
0.365938663482666
0.26040753722190857
0.6668081879615784
0.26057398319244385
0.5607330203056335
0.5472057461738586
0.25403037667274475
0.22222323715686798
0.32878658175468445
0.2060258388519287
0.32718533277511597
0.516787052154541
0.27690428495407104
0.3924461901187897
0.1887892484664917
0.20379185676574707
0.2675867974758148
0.8109397888183594
0.7706437110900879
0.20411095023155212
0.434624582529068
0.43654951453208923
0.30107414722442627
0.2873018682003021
0.2644680142402649
0.16052347421646118
0.2459781914949417
0.28286826610565186
0.368967205286026
0.2566778063774109
0.4467996656894684
0.5660333633422852
0.26905351877212524
0.5865838527679443
0.23448869585990906
0.3036418557167053
0.41312575340270996
0.35040798783302307
0.24149209260940552
0.2882046103477478
0.6364830136299133
0.46953749656677246
0.3293416500091553
0.15407642722129822
0.09452526271343231
0.25817427039146423
0.5405569672584534
0.19729691743850708
0.2133638709783554
0.2447333186864853
0.12762409448623657
0.43159639835357666
0.12197832763195038
0.1165388822555542
0.4056549370288849
0.10121385008096695
0.1937117576599121
0.3178409934043884
0.19487127661705017
0.1305369734764099
0.1597042828798294
0.1866464614868164
0.09715967625379562
0.21189825236797333
0.111334428191185
0.2197883427143097
0.08866801857948303
0.21138794720172882
0.16071733832359314
0.21805085241794586
0.17573975026607513
0.2616803050041199
0.20776532590389252
0.2934650778770447
0.24705706536769867
0.2173817902803421
0.5932458639144897
0.1650172472000122
0.15228648483753204
0.18681380152702332
0.3538108766078949
0.22235004603862762
0.21200008690357208
0.16461358964443207
0.18313753604888916
0.15447984635829926
0.38303226232528687
0.19595366716384888
0.6220124363899231
0.14676670730113983
0.14444829523563385
0.11890845745801926
0.2298351526260376
0.16147257387638092
0.39245155453681946
0.40586626529693604
0.23085375130176544
0.1372707039117813
0.11344251036643982
0.12190611660480499
0.18514065444469452
0.431255578994751
0.2584930658340454
0.25324296951293945
0.17451398074626923
0.1412876546382904
0.12111436575651169
0.27875861525535583
0.16992180049419403
0.39286181330680847
0.15919677913188934
0.10229888558387756
0.1860724240541458
0.2968972623348236
0.10771112889051437
0.2630290687084198
0.29176998138427734
0.14090633392333984
0.21506467461585999
0.14728309214115143
0.4052504003047943
0.17920410633087158
0.7945355176925659
0.1381518542766571
0.3526622951030731
0.2465948760509491
0.13527953624725342
0.18517372012138367
0.21364912390708923
0.10868649929761887
0.1729695349931717
0.3833247721195221
0.5698454976081848
0.32227635383605957
0.21571995317935944
0.1777184158563614
0.4328206181526184
0.15741892158985138
0.603483259677887
0.2103845477104187
0.20619948208332062
0.5268382430076599
0.2660597264766693
0.21144703030586243
0.2829926609992981
0.11303217709064484
0.3553374409675598
0.14298440515995026
0.1283995509147644
0.2301219254732132
0.16676554083824158
0.38566961884498596
0.15157967805862427
0.16190814971923828
0.15789993107318878
0.1781412810087204
0.1802397221326828
0.1470831036567688
0.1451367884874344
0.26917174458503723
0.2674548029899597
0.13096889853477478
0.20453836023807526
0.14629881083965302
0.5430858135223389
0.11236298829317093
0.3785611391067505
0.12012612074613571
0.09496723115444183
0.12607327103614807
0.15889909863471985
0.119961678981781
0.2538388669490814
0.14514969289302826
0.205315500497818
0.4721975028514862
0.07838854938745499
0.2755676209926605
0.4187548756599426
0.13184651732444763
0.23976948857307434
0.1553703248500824
0.20264725387096405
0.18978944420814514
0.5861051082611084
0.30004993081092834
0.49159491062164307
0.20563137531280518
0.6033977270126343
0.1633005142211914
0.32667961716651917
0.32920318841934204
0.27741703391075134
0.2903973162174225
0.4799633026123047
0.21242643892765045
0.14561767876148224
0.12048381567001343
0.06935617327690125
0.18516473472118378
0.2392849326133728
0.23612351715564728
0.2572330832481384
0.20162448287010193
0.5034414529800415
0.27847176790237427
0.6495543122291565
0.1912381947040558
0.16717521846294403
0.11619754135608673
0.4686184227466583
0.18908734619617462
0.39716315269470215
0.1862793117761612
0.32327643036842346
0.1390584409236908
0.48447224497795105
0.25235509872436523
0.4859880805015564
0.23688381910324097
0.2577672004699707
0.2658025622367859
0.21349431574344635
0.516426682472229
0.37351688742637634
0.2867605686187744
0.1836785525083542
0.2173178344964981
0.1951950341463089
0.2787727117538452
0.19064705073833466
0.19053329527378082
0.49961918592453003
0.13922791182994843
0.45888403058052063
0.21523606777191162
0.2828008532524109
0.22238589823246002
0.361502468585968
0.47622933983802795
0.2622336447238922
0.19109582901000977
0.38892579078674316
0.33088305592536926
0.546470046043396
0.3936898410320282
0.16455332934856415
0.21895532310009003
0.5127235054969788
0.3953275680541992
0.2455378621816635
0.11210203915834427
0.3262896239757538
0.21750862896442413
0.12597154080867767
0.2207845151424408
0.2320244014263153
0.2315555065870285
0.22234734892845154
0.07072260230779648
0.38091352581977844
0.28661009669303894
0.1459622085094452
0.8070828318595886
0.6622713208198547
0.7908196449279785
0.33165663480758667
0.47918829321861267
0.80479896068573
0.3156832754611969
0.35037389397621155
0.4519994258880615
0.3219776153564453
0.7112241983413696
0.3757287859916687
0.3476818799972534
0.19220659136772156
0.7640419602394104
0.6548162698745728
0.30452391505241394
0.5852289795875549
0.202209934592247
0.34058111906051636
0.33573994040489197
0.2278868407011032
0.23286280035972595
0.402027428150177
0.26950564980506897
0.2078266441822052
0.5178036689758301
0.1743306964635849
0.653747022151947
0.5832136869430542
0.20363660156726837
0.14689061045646667
0.8053896427154541
0.48853087425231934
0.3730739653110504
0.2414899319410324
0.24946880340576172
0.30250900983810425
0.5655062794685364
0.5446321964263916
0.4862721264362335
0.7378467917442322
0.8037128448486328
0.13739319145679474
0.25193604826927185
0.6372111439704895
0.2444194108247757
0.17195430397987366
0.20052047073841095
0.8226693272590637
0.5395680069923401
0.1296842247247696
0.30442410707473755
0.4031887948513031
0.5518801808357239
0.3065322935581207
0.7291891574859619
0.8550411462783813
0.45877957344055176
0.22495433688163757
0.27627891302108765
0.39728784561157227
0.43368464708328247
0.19164933264255524
0.3003624975681305
0.7602998614311218
0.3096764385700226
0.4296071231365204
0.8049694895744324
0.199946790933609
0.6846163272857666
0.7010509371757507
0.575566828250885
0.1795281320810318
0.26947021484375
0.5232342481613159
0.5021764636039734
0.5632739663124084
0.6415849924087524
0.8107139468193054
0.2399832308292389
0.41935521364212036
0.8295020461082458
0.4567332863807678
0.3175060451030731
0.6603900194168091
0.7126390337944031
0.47838717699050903
0.8246793746948242
0.5104063749313354
0.6310338377952576
0.4578847587108612
0.22909921407699585
0.2940739393234253
0.7913380861282349
0.2767912447452545
0.23592537641525269
0.7855024337768555
0.23659749329090118
0.5549654960632324
0.6281484365463257
0.2480885237455368
0.3538716733455658
0.19371280074119568
0.8018182516098022
0.5514706373214722
0.1910024881362915
0.7811731696128845
0.7222087979316711
0.5909156799316406
0.81851726770401
0.798170268535614
0.41658544540405273
0.38834813237190247
0.2708686888217926
0.2698296308517456
0.14423637092113495
0.4513767659664154
0.19681915640830994
0.6882943511009216
0.6759076714515686
0.06935617327690125
0.7209776639938354
0.780502200126648
0.5997007489204407
0.8772982358932495
0.4932873547077179
0.26364561915397644
0.5263236165046692
0.3847285211086273
0.38750359416007996
0.47383156418800354
0.423353910446167
0.4700106680393219
0.1803032010793686
0.21946705877780914
0.3052246868610382
0.3555295765399933
0.3380635976791382
0.15933409333229065
0.7732341885566711
0.19263014197349548
0.4835236966609955
0.7358568906784058
0.5113841891288757
0.32149583101272583
0.17210714519023895
0.35858413577079773
0.16589653491973877
0.5009610056877136
0.28598126769065857
0.3207140862941742
0.3625517785549164
0.21068520843982697
0.2647358179092407
0.45619767904281616
0.4137972891330719
0.1622762829065323
0.39350199699401855
0.16508904099464417
0.14157633483409882
0.14109279215335846
0.3358848989009857
0.2040105164051056
0.49498865008354187
0.3592103123664856
0.33656781911849976
0.4833317995071411
0.451483815908432
0.15346616506576538
0.5595112442970276
0.43354982137680054
0.369670033454895
0.6633575558662415
0.2567954957485199
0.23352578282356262
0.2686133086681366
0.36224767565727234
0.6390538811683655
0.2010691910982132
0.47681036591529846
0.6904860138893127
0.32862064242362976
0.1589430570602417
0.2330743968486786
0.6477980017662048
0.14130941033363342
0.24926793575286865
0.323424756526947
0.10219629853963852
0.16454565525054932
0.10219629853963852
0.15074916183948517
0.7122546434402466
0.15340647101402283
0.3372252583503723
0.17756035923957825
0.3343047499656677
0.3575744926929474
0.2050037384033203
0.22568994760513306
0.1487918347120285
0.17204266786575317
0.689538300037384
0.20686861872673035
0.7901197075843811
0.3400549292564392
0.33203524351119995
0.1920078992843628
0.34214016795158386
0.2487582564353943
0.36859315633773804
0.23495414853096008
0.45347821712493896
0.29211220145225525
0.324037104845047
0.3075973689556122
0.30873727798461914
0.42007240653038025
0.16000498831272125
0.22268135845661163
0.19765248894691467
0.38918960094451904
0.6650801301002502
0.19936057925224304
0.4725894331932068
0.32614633440971375
0.3414209187030792
0.4754820466041565
0.15789413452148438
0.33142536878585815
0.607680082321167
0.4861348271369934
0.3168260455131531
0.19002309441566467
0.7477014064788818
0.30859071016311646
0.43742215633392334
0.44630634784698486
0.10997730493545532
0.3105197548866272
0.5009939670562744
0.6916258335113525
0.29097500443458557
0.21111911535263062
0.20074890553951263
0.21625916659832
0.6596751809120178
0.5293847918510437
0.3576856851577759
0.30516186356544495
0.3512081503868103
0.16878432035446167
0.5289183259010315
0.3916819393634796
0.2857131063938141
0.4215545058250427
0.4302915632724762
0.3775354325771332
0.22408141195774078
0.4055764079093933
0.28812357783317566
0.2671473026275635
0.21531711518764496
0.3271215856075287
0.3511013090610504
0.3926967978477478
0.16219891607761383
0.2601092755794525
0.46540188789367676
0.20755942165851593
0.34856221079826355
0.3687135875225067
0.568764328956604
0.3501844108104706
0.16750578582286835
0.285605251789093
0.4422040581703186
0.2620111107826233
0.5729890465736389
0.08839103579521179
0.2745228111743927
0.20368778705596924
0.14305274188518524
0.3011421263217926
0.21258370578289032
0.2355269193649292
0.6986786723136902
0.6382505893707275
0.5732793807983398
0.08006975799798965
0.4847835600376129
0.7877211570739746
0.05100838840007782
0.4130878746509552
0.06935617327690125
0.18811102211475372
0.13599582016468048
0.2596198320388794
0.208059161901474
0.3007202446460724
0.31733953952789307
0.5474166870117188
0.4649885892868042
0.348199725151062
0.5301498174667358
0.5197263360023499
0.7252379059791565
0.10254514217376709
0.24595077335834503
0.22054597735404968
0.08653247356414795
0.10701782256364822
0.1211569681763649
0.1178460344672203
0.43103867769241333
0.1472591906785965
0.14886420965194702
0.4859912395477295
0.18762867152690887
0.35684868693351746
0.7934766411781311
0.20089292526245117
0.17824237048625946
0.4117182791233063
0.2366010993719101
0.3065943419933319
0.07735155522823334
0.29764455556869507
0.07294520735740662
0.2218616008758545
0.36606526374816895
0.3997475504875183
0.2339782416820526
0.1655919998884201
0.18855559825897217
0.2225869596004486
0.25921767950057983
0.18475595116615295
0.2366667091846466
0.2364552766084671
0.22137965261936188
0.23027844727039337
0.21300265192985535
0.09071961790323257
0.23829582333564758
0.2769452929496765
0.17019739747047424
0.21857808530330658
0.23135927319526672
0.13825280964374542
0.20157843828201294
0.2815493941307068
0.21693052351474762
0.16310712695121765
0.1994834542274475
0.08195027709007263
0.24968238174915314
0.07465869933366776
0.06935617327690125
0.15136247873306274
0.11839710175991058
0.12611374258995056
0.11984018981456757
0.7054776549339294
0.31307193636894226
0.3607456684112549
0.5567372441291809
0.3433051109313965
0.1350986808538437
0.34212854504585266
0.13557980954647064
0.3122115731239319
0.5976963043212891
0.13407285511493683
0.6536691188812256
0.1809072643518448
0.3555552363395691
0.48706498742103577
0.06935617327690125
0.15257041156291962
0.28361132740974426
0.5077398419380188
0.7888582348823547
0.8061823844909668
0.22738613188266754
0.42717209458351135
0.2669944167137146
0.41329365968704224
0.6469805836677551
0.20813170075416565
0.18505366146564484
0.3649899363517761
0.5090407729148865
0.33832040429115295
0.2531057298183441
0.18740954995155334
0.16232645511627197
0.2992207705974579
0.38106030225753784
0.41407302021980286
0.40325725078582764
0.49535486102104187
0.43831726908683777
0.14922058582305908
0.23401762545108795
0.14441382884979248
0.1684364527463913
0.35916081070899963
0.8344827890396118
0.287460058927536
0.19850783050060272
0.20540755987167358
0.2029368281364441
0.4399157166481018
0.4974452257156372
0.324833482503891
0.15085646510124207
0.2618066966533661
0.16337628662586212
0.4784553050994873
0.11899491399526596
0.3293900489807129
0.14142483472824097
0.08829247206449509
0.29003116488456726
0.37968695163726807
0.3425772488117218
0.3834492862224579
0.6199824213981628
0.35030078887939453
0.2178054004907608
0.3641068935394287
0.4008978009223938
0.6524119973182678
0.14732626080513
0.4385995864868164
0.27446267008781433
0.5214291214942932
0.5637401342391968
0.16333967447280884
0.15019072592258453
0.19476589560508728
0.47820067405700684
0.1741541624069214
0.29054194688796997
0.17184290289878845
0.3279007375240326
0.22142480313777924
0.42771419882774353
0.24559544026851654
0.30420467257499695
0.4417489469051361
0.4663018584251404
0.24780312180519104
0.12671583890914917
0.16004060208797455
0.12404737621545792
0.41351884603500366
0.3072652518749237
0.144080251455307
0.4745866060256958
0.3464195430278778
0.4254554808139801
0.5809755921363831
0.43155917525291443
0.6145129799842834
0.3015281856060028
0.4762314260005951
0.11212906241416931
0.39805325865745544
0.33309006690979004
0.21930435299873352
0.719991147518158
0.5782777667045593
0.4724622368812561
0.1725919544696808
0.22482915222644806
0.2149076610803604
0.16870437562465668
0.2869201898574829
0.19572848081588745
0.15765926241874695
0.2252740114927292
0.2742678225040436
0.2869904935359955
0.2429897040128708
0.3502829372882843
0.3806222677230835
0.7018764019012451
0.5386254191398621
0.6899768114089966
0.793969988822937
0.40155234932899475
0.5845812559127808
0.3300924003124237
0.5750427842140198
0.8410724997520447
0.6785309314727783
0.8450865745544434
0.8028822541236877
0.29601413011550903
0.7409637570381165
0.6816177368164062
0.2979492247104645
0.14801166951656342
0.2647099792957306
0.21392031013965607
0.4466531574726105
0.22243529558181763
0.26951268315315247
0.24565546214580536
0.28453749418258667
0.39739689230918884
0.4592832326889038
0.7118143439292908
0.2685515880584717
0.2490624487400055
0.36653977632522583
0.2476988434791565
0.5676040053367615
0.6480475664138794
0.598231852054596
0.35572999715805054
0.48105138540267944
0.3521651029586792
0.22888022661209106
0.2820645570755005
0.7229787111282349
0.3153936564922333
0.18678423762321472
0.4966825246810913
0.5427089929580688
0.3721991181373596
0.5513912439346313
0.13336129486560822
0.26018860936164856
0.4093473255634308
0.5861158967018127
0.1828203797340393
0.7143480777740479
0.2739817798137665
0.2648543417453766
0.2621002197265625
0.34394240379333496
0.2396734207868576
0.449838250875473
0.1969512701034546
0.27296724915504456
0.4345024824142456
0.5573464632034302
0.5239160060882568
0.28141531348228455
0.2592821717262268
0.4203963279724121
0.3695853054523468
0.2683650553226471
0.30087223649024963
0.5058355927467346
0.296685129404068
0.3325500190258026
0.4046519100666046
0.5763880610466003
0.1721814125776291
0.25635185837745667
0.4874100685119629
0.49410638213157654
0.19453155994415283
0.22890299558639526
0.4323905110359192
0.5450754165649414
0.42445799708366394
0.3101356327533722
0.2832643687725067
0.5176453590393066
0.17790409922599792
0.2586042284965515
0.2194402515888214
0.353740394115448
0.33170560002326965
0.1795446127653122
0.4950679838657379
0.4660700559616089
0.2818986177444458
0.6674586534500122
0.3161492347717285
0.26128530502319336
0.32063040137290955
0.2932875156402588
0.18898732960224152
0.1952192187309265
0.2290792465209961
0.5105592608451843
0.1727399230003357
0.24170340597629547
0.3411155343055725
0.2928774952888489
0.2356949746608734
0.370575487613678
0.37639036774635315
0.22694769501686096
0.16158762574195862
0.7285313010215759
0.535847008228302
0.8265776634216309
0.8592226505279541
0.5489712357521057
0.3266628086566925
0.2947385311126709
0.266045480966568
0.563579261302948
0.4793713688850403
0.36463499069213867
0.7789611220359802
0.4381691813468933
0.40630149841308594
0.27805331349372864
0.589586615562439
0.27351707220077515
0.770626425743103
0.6869387626647949
0.4058600068092346
0.3892127275466919
0.2703741192817688
0.25682398676872253
0.22209173440933228
0.16057875752449036
0.30788278579711914
0.3575494885444641
0.14396853744983673
0.2739328145980835
0.2152494490146637
0.21001185476779938
0.2995969355106354
0.15262854099273682
0.27971944212913513
0.27764928340911865
0.2085900604724884
0.37864580750465393
0.3620351254940033
0.40425562858581543
0.319132536649704
0.35527220368385315
0.7597587704658508
0.37395283579826355
0.4046909213066101
0.6713219285011292
0.35363900661468506
0.44713589549064636
0.4637684226036072
0.325409471988678
0.30434155464172363
0.33672332763671875
0.42220136523246765
0.25572702288627625
0.3468860387802124
0.3365177512168884
0.6216062903404236
0.5103563070297241
0.3570249378681183
0.3858015239238739
0.6577783823013306
0.2530701160430908
0.38933494687080383
0.2253914773464203
0.5372987985610962
0.4384186267852783
0.27366286516189575
0.4893011450767517
0.43779149651527405
0.444245308637619
0.21633006632328033
0.461978018283844
0.6075366139411926
0.20559300482273102
0.6022750735282898
0.5073047876358032
0.304522305727005
0.2826482653617859
0.7606732249259949
0.7256047129631042
0.30337095260620117
0.23314015567302704
0.4129457473754883
0.4579452574253082
0.22048932313919067
0.40370720624923706
0.4958738088607788
0.6531065702438354
0.46335288882255554
0.5082823038101196
0.5593625903129578
0.7034661173820496
0.6522901654243469
0.3315320611000061
0.8358954787254333
0.3357416093349457
0.4671008884906769
0.4040129482746124
0.87450110912323
0.6813772320747375
0.8876662850379944
0.2378070205450058
0.5664990544319153
0.7996177077293396
0.6334104537963867
0.22235001623630524
0.584323525428772
0.2007409930229187
0.15705017745494843
0.21050526201725006
0.34649935364723206
0.377868115901947
0.5838336944580078
0.09150013327598572
0.2784133851528168
0.2600855529308319
0.24064789712429047
0.24095240235328674
0.12441481649875641
0.431352436542511
0.28977933526039124
0.2680082619190216
0.2639612853527069
0.3202957808971405
0.28758886456489563
0.4077059328556061
0.3042927384376526
0.561055064201355
0.2114851474761963
0.28900018334388733
0.14096809923648834
0.19817394018173218
0.47066158056259155
0.5708132982254028
0.3760753273963928
0.18124113976955414
0.441328227519989
0.38297411799430847
0.16311213374137878
0.3143012821674347
0.27694952487945557
0.2955915033817291
0.3072372376918793
0.07705178111791611
0.2183702141046524
0.26321184635162354
0.2764335870742798
0.20181375741958618
0.20780067145824432
0.21428239345550537
0.23847343027591705
0.17527781426906586
0.2259977012872696
0.1755034625530243
0.23160548508167267
0.12651696801185608
0.39149054884910583
0.264658659696579
0.13144472241401672
0.5011616945266724
0.3657740652561188
0.1541997790336609
0.2244585007429123
0.29212215542793274
0.3580145537853241
0.1398613005876541
0.30052468180656433
0.264646053314209
0.4549405872821808
0.3793075978755951
0.5129445791244507
0.1256852149963379
0.24552996456623077
0.12370873987674713
0.1786082237958908
0.19991785287857056
0.2458946406841278
0.1117078885436058
0.15905846655368805
0.21898016333580017
0.16165247559547424
0.16693608462810516
0.23528236150741577
0.2945553660392761
0.1813764125108719
0.507482647895813
0.3147600591182709
0.6575824022293091
0.1655423492193222
0.2517009973526001
0.21606002748012543
0.20291972160339355
0.3118761479854584
0.0767827108502388
0.1299620419740677
0.1946779489517212
0.32800397276878357
0.14907054603099823
0.1426437795162201
0.06935617327690125
0.1207418218255043
0.1896054446697235
0.3637254238128662
0.23838728666305542
0.14655791223049164
0.40076616406440735
0.08219710737466812
0.19514654576778412
0.3325081765651703
0.28435957431793213
0.32092222571372986
0.27527114748954773
0.1813570261001587
0.22621850669384003
0.44585615396499634
0.18235857784748077
0.328387975692749
0.44794633984565735
0.3686670958995819
0.37865498661994934
0.17816977202892303
0.23969484865665436
0.264149934053421
0.28477489948272705
0.2390797883272171
0.25017184019088745
0.24723856151103973
0.21792513132095337
0.22686095535755157
0.29923102259635925
0.17535917460918427
0.3151119649410248
0.17862536013126373
0.16155485808849335
0.45781388878822327
0.3649408519268036
0.28168222308158875
0.42575329542160034
0.22396273910999298
0.19230812788009644
0.24199295043945312
0.3331158757209778
0.2988288998603821
0.20045338571071625
0.22308191657066345
0.3294873535633087
0.4478781819343567
0.23368075489997864
0.2506457269191742
0.19892485439777374
0.2087506204843521
0.3947024941444397
0.29019787907600403
0.25437599420547485
0.30535683035850525
0.48554694652557373
0.4800223410129547
0.23273122310638428
0.20601330697536469
0.27018359303474426
0.16912396252155304
0.44767260551452637
0.16673290729522705
0.26176103949546814
0.24741259217262268
0.4002761244773865
0.2552153766155243
0.2452460527420044
0.1717933565378189
0.29847851395606995
0.4233083128929138
0.6073427200317383
0.19755816459655762
0.24411886930465698
0.12189199030399323
0.719693124294281
0.45263585448265076
0.1406218707561493
0.24508213996887207
0.3513263761997223
0.4148682951927185
0.32777801156044006
0.6892760396003723
0.249895378947258
0.19633661210536957
0.47350430488586426
0.1512431651353836
0.6645296812057495
0.4756474792957306
0.5206393599510193
0.5736512541770935
0.22556009888648987
0.404206782579422
0.34621134400367737
0.33254528045654297
0.1676526814699173
0.32957202196121216
0.23553775250911713
0.18127094209194183
0.10930635035037994
0.2718266546726227
0.33547353744506836
0.5734495520591736
0.15813025832176208
0.14627094566822052
0.3037136495113373
0.3165062665939331
0.22347410023212433
0.5354498624801636
0.24219290912151337
0.35053208470344543
0.370631605386734
0.17123456299304962
0.47235968708992004
0.25806453824043274
0.26433560252189636
0.11767584830522537
0.5370722413063049
0.3159886300563812
0.22139516472816467
0.5999930500984192
0.3470832407474518
0.22411710023880005
0.25570952892303467
0.3553171455860138
0.3217199146747589
0.4866337478160858
0.4337800145149231
0.2306651771068573
0.21820519864559174
0.11754881590604782
0.2129904329776764
0.12595772743225098
0.2437373548746109
0.4249842166900635
0.29115045070648193
0.538093626499176
0.27350810170173645
0.1730225831270218
0.13578148186206818
0.3930221498012543
0.6678076386451721
0.24708743393421173
0.17649252712726593
0.16646169126033783
0.18426859378814697
0.2381303906440735
0.24038578569889069
0.3292210102081299
0.47988733649253845
0.25377357006073
0.44089949131011963
0.6405459046363831
0.48085516691207886
0.6222109198570251
0.15839189291000366
0.4300464391708374
0.3772469758987427
0.37158575654029846
0.0629618763923645
0.4803827404975891
0.365592360496521
0.3842476010322571
0.23332101106643677
0.3252532184123993
0.24333210289478302
0.6956421136856079
0.3507850170135498
0.28932830691337585
0.39291051030158997
0.6005575060844421
0.47572124004364014
0.18011340498924255
0.1902932971715927
0.22537238895893097
0.21431390941143036
0.5503295660018921
0.19654099643230438
0.299986332654953
0.16291554272174835
0.1426149308681488
0.26020705699920654
0.24382245540618896
0.2748677432537079
0.3331879675388336
0.42207321524620056
0.06935617327690125
0.2035408467054367
0.16349464654922485
0.3033539950847626
0.7003329396247864
0.06935617327690125
0.2765443027019501
0.18267816305160522
0.21406006813049316
0.1789909452199936
0.478469580411911
0.5614579916000366
0.32886749505996704
0.22901950776576996
0.23248691856861115
0.5084229707717896
0.7652230262756348
0.1986752450466156
0.17873460054397583
0.338847815990448
0.28139162063598633
0.23541724681854248
0.22375620901584625
0.2267899066209793
0.5304037928581238
0.18762287497520447
0.17520318925380707
0.5753462910652161
0.44501569867134094
0.2910332977771759
0.18757854402065277
0.16092002391815186
0.06935617327690125
0.06935617327690125
0.42288151383399963
0.24680936336517334
0.2809737026691437
0.1304304152727127
0.19263404607772827
0.15230703353881836
0.09668413549661636
0.38343074917793274
0.17384888231754303
0.3465166687965393
0.15723727643489838
0.4486925005912781
0.41646501421928406
0.2050415277481079
0.1372552365064621
0.7436788082122803
0.1384395807981491
0.4130198657512665
0.21653223037719727
0.3557055592536926
0.3002412021160126
0.2681810259819031
0.4555109441280365
0.1848241686820984
0.25699493288993835
0.28715598583221436
0.3834872841835022
0.23627525568008423
0.2731195390224457
0.7457556128501892
0.32380807399749756
0.38480448722839355
0.25636857748031616
0.2522036135196686
0.4987744390964508
0.4305441379547119
0.47814205288887024
0.213469997048378
0.36588254570961
0.44701942801475525
0.37268513441085815
0.5753015875816345
0.23603695631027222
0.2688295841217041
0.3377216160297394
0.21425595879554749
0.27387094497680664
0.17005008459091187
0.06935617327690125
0.20932349562644958
0.3769887685775757
0.4395406246185303
0.7369776964187622
0.47525542974472046
0.4627251625061035
0.36292362213134766
0.2718631327152252
0.3449438512325287
0.21917839348316193
0.328525185585022
0.7436715364456177
0.34542474150657654
0.18898621201515198
0.40225133299827576
0.6225879192352295
0.06935617327690125
0.2611893117427826
0.580377995967865
0.383543998003006
0.3509279489517212
0.5269075632095337
0.5611740350723267
0.14669464528560638
0.48503100872039795
0.6582559943199158
0.3499968945980072
0.43138018250465393
0.4723362326622009
0.31855592131614685
0.3141995966434479
0.4047740399837494
0.47364795207977295
0.2102782428264618
0.8283606767654419
0.3480598032474518
0.19992764294147491
0.19909511506557465
0.31776735186576843
0.23436598479747772
0.23609957098960876
0.3199709951877594
0.15741628408432007
0.3338831067085266
0.22195954620838165
0.15399183332920074
0.2813742160797119
0.6356943249702454
0.07870431244373322
0.3725435435771942
0.4757561683654785
0.46341824531555176
0.22968968749046326
0.39493295550346375
0.25246351957321167
0.1610214114189148
0.16478994488716125
0.21428731083869934
0.14596466720104218
0.18504807353019714
0.06935617327690125
0.18120533227920532
0.06935617327690125
0.15511074662208557
0.06935617327690125
0.15285177528858185
0.06935617327690125
0.06935617327690125
0.24232639372348785
0.24915307760238647
0.14921118319034576
0.21686826646327972
0.33549028635025024
0.24787050485610962
0.2294112890958786
0.21801091730594635
0.3491153419017792
0.22207096219062805
0.21057745814323425
0.30575263500213623
0.21173426508903503
0.3172870874404907
0.40502309799194336
0.23761610686779022
0.24870507419109344
0.3027861416339874
0.3317807912826538
0.28310614824295044
0.3922075033187866
0.5157592296600342
0.22687198221683502
0.2616097629070282
0.23901841044425964
0.3055984079837799
0.3580210208892822
0.40907183289527893
0.11782261729240417
0.4530932307243347
0.3248421847820282
0.1629776805639267
0.7835158109664917
0.25689858198165894
0.41848069429397583
0.4298076331615448
0.21313992142677307
0.3137285113334656
0.24127987027168274
0.4947923421859741
0.38965553045272827
0.2828350365161896
0.48236408829689026
0.6444306373596191
0.26193973422050476
0.47202637791633606
0.23144201934337616
0.1965559720993042
0.26291730999946594
0.2717761993408203
0.3062562942504883
0.2332049459218979
0.1282391995191574
0.1595110446214676
0.4359530806541443
0.4539566934108734
0.13390274345874786
0.39963945746421814
0.2699550688266754
0.5179789066314697
0.7802397012710571
0.3303036093711853
0.4036976099014282
0.14481766521930695
0.45691490173339844
0.16030952334403992
0.5325942039489746
0.793279767036438
0.29171475768089294
0.5360203981399536
0.21904855966567993
0.23530198633670807
0.2172132134437561
0.7028511762619019
0.2438892126083374
0.1552189141511917
0.2422393411397934
0.4820660352706909
0.30494892597198486
0.27998945116996765
0.3322664797306061
0.630811870098114
0.2933354377746582
0.18445800244808197
0.17463761568069458
0.6815561652183533
0.6915575861930847
0.27777743339538574
0.273697167634964
0.5513533353805542
0.19516627490520477
0.28423789143562317
0.7117318511009216
0.1853562295436859
0.2956033945083618
0.8368309140205383
0.7281070351600647
0.23237580060958862
0.29589328169822693
0.23088416457176208
0.26068994402885437
0.2839537262916565
0.6811737418174744
0.6966569423675537
0.1943698227405548
0.585561990737915
0.21467667818069458
0.4947868585586548
0.3138657808303833
0.1640738546848297
0.7762022614479065
0.5275508761405945
0.16597554087638855
0.105509914457798
0.37990403175354004
0.5129422545433044
0.5050597190856934
0.5451724529266357
0.4923552870750427
0.20884548127651215
0.4459646940231323
0.49857616424560547
0.6533944010734558
0.6599614024162292
0.49327200651168823
0.6883400678634644
0.34555917978286743
0.4221723973751068
0.3856654465198517
0.7790080308914185
0.3886636793613434
0.1842612475156784
0.591801643371582
0.3945382833480835
0.6308879256248474
0.6576215624809265
0.549980878829956
0.3946099579334259
0.44180288910865784
0.6404510736465454
0.4438214600086212
0.7459180951118469
0.6582459807395935
0.29333460330963135
0.3091820478439331
0.6381471753120422
0.41340720653533936
0.3843556344509125
0.2629207968711853
0.49270686507225037
0.35334813594818115
0.7809493541717529
0.42727628350257874
0.20796605944633484
0.23313868045806885
0.34185877442359924
0.496163010597229
0.6488780379295349
0.22592119872570038
0.6260572671890259
0.8146278858184814
0.7912370562553406
0.6277631521224976
0.7608926892280579
0.2154320329427719
0.5921807289123535
0.6309102773666382
0.2755710780620575
0.4359206259250641
0.7157527804374695
0.35693368315696716
0.4575671851634979
0.2968161702156067
0.3900303244590759
0.24556615948677063
0.8082712888717651
0.24110890924930573
0.3084419369697571
0.5501152873039246
0.42155855894088745
0.3422775864601135
0.714819073677063
0.7914859056472778
0.5715808868408203
0.5107612609863281
0.5963611602783203
0.3226408362388611
0.758027195930481
0.4460776150226593
0.7178102731704712
0.6189126372337341
0.44996583461761475
0.2725641429424286
0.6321017742156982
0.37956133484840393
0.32931840419769287
0.3626616895198822
0.7305846214294434
0.681882917881012
0.7626897096633911
0.39571288228034973
0.49338263273239136
0.670239269733429
0.6471694707870483
0.7123007774353027
0.289315402507782
0.4896719753742218
0.2476104497909546
0.15309949219226837
0.40136149525642395
0.8571275472640991
0.43171361088752747
0.25397178530693054
0.5763413310050964
0.5528753399848938
0.5774038434028625
0.41134506464004517
0.6509189009666443
0.4490019977092743
0.6823562383651733
0.17756961286067963
0.23933923244476318
0.1582387089729309
0.34775644540786743
0.288381963968277
0.18771395087242126
0.25019538402557373
0.295436292886734
0.2899807393550873
0.7611358165740967
0.22469700872898102
0.277312695980072
0.27018022537231445
0.3155900239944458
0.16464343667030334
0.32948264479637146
0.45781421661376953
0.364462286233902
0.2981770932674408
0.29081496596336365
0.19308145344257355
0.6228640079498291
0.19111810624599457
0.1681142896413803
0.18799813091754913
0.7326170802116394
0.3272962272167206
0.21968328952789307
0.1942984163761139
0.16827984154224396
0.18112409114837646
0.25430741906166077
0.12151261419057846
0.16764873266220093
0.8159497380256653
0.8940260410308838
0.2954358756542206
0.3355533182621002
0.17611125111579895
0.6173153519630432
0.43417879939079285
0.17441587150096893
0.33798301219940186
0.45983099937438965
0.5841228365898132
0.4011372923851013
0.28563645482063293
0.4236374795436859
0.15645353496074677
0.45985305309295654
0.2194669544696808
0.20337456464767456
0.3692304193973541
0.16977588832378387
0.11258279532194138
0.48792561888694763
0.2764926552772522
0.47569629549980164
0.24531419575214386
0.5576644539833069
0.24330994486808777
0.39453086256980896
0.5382135510444641
0.5734133124351501
0.2559284567832947
0.26565200090408325
0.2413785755634308
0.246113121509552
0.2846274673938751
0.24437198042869568
0.7511501908302307
0.42297133803367615
0.5956277847290039
0.5959157347679138
0.28411006927490234
0.2596893310546875
0.2549332082271576
0.5408185124397278
0.2845343351364136
0.5405462384223938
0.44465872645378113
0.22270847856998444
0.31756898760795593
0.40567755699157715
0.2629028260707855
0.3448476493358612
0.2084238976240158
0.3972206711769104
0.2639046907424927
0.20341381430625916
0.45485976338386536
0.27679547667503357
0.26514190435409546
0.21908386051654816
0.2614063322544098
0.3080526888370514
0.18087652325630188
0.2082752138376236
0.6244259476661682
0.43170255422592163
0.36906081438064575
0.4252873361110687
0.2996850907802582
0.2660757005214691
0.1839999556541443
0.30366435647010803
0.32403525710105896
0.30789104104042053
0.17760559916496277
0.24432188272476196
0.3232109248638153
0.22988255321979523
0.2949221134185791
0.2110481858253479
