1.6740348208248825
1.9750845655424492
1.9385754683633785
-0.5606926188068737
-1.7749999999999986
1.6091943508265132
0.8113592183603906
0.6467964158957358
0.7780673880290365
1.0290667659468866
2.3781501582994125
0.18824193184382843
0.31164156022681766
0.33272137791287015
0.5618023112859625
0.666529492857773
0.9584465606007839
1.173887410967133
0.3354717813051167
0.631882317734636
0.8644716336295275
0.5101758241758247
0.798607594936712
2.838618763961282
-0.39926829268292785
-0.429488684783637
-0.14340346072451027
1.6639272986457598
0.36694589809167866
0.7537975844672076
1.5484955726688021
1.0432676109065966
0.4453904761904752
0.996007335193255
1.2322268907563014
0.4587301587301589
0.6333692688971517
0.24727491452450323
1.1240618652815257
0.5078310214375819
0.3685438596491224
0.8757970501474936
0.6800131752305667
1.0671648518208308
0.7797816377171216
2.9315629984051057
0.6508642680373136
1.0848484848484858
1.2172065727699533
0.4121852201527787
0.03168492498214093
0.5970543202927132
1.360350735137441
0.5276936788701541
0.5067235677897948
0.5360338505763984
1.5389479384234583
-0.2745639187574671
0.2144785312407489
1.6580673400673405
2.072165373191531
-0.286623024830698
0.6798975286317095
1.8011147186147198
0.19672780280943591
-0.147706704572375
1.873058135662216
1.5306834817012884
0.5847097401020172
0.7105487497902345
-0.13399853264857065
0.4105042770419445
0.9834914243102162
0.7499520191923246
1.4778030959752328
0.44617543859649444
2.41831478537361
1.6458918790188157
1.0877211394302861
1.5728205128205133
0.684752804320734
0.9788068743817995
1.6445203164605608
1.1716722408026783
0.5603677839851038
0.630126984126985
2.9875107097783378
0.013985102420857487
2.0196947496947537
0.2977071069633883
1.2862658846529804
0.9073402786494285
0.6883304592195216
2.113611889717646
0.8937201181842624
-0.7331567409572521
0.8192307692307708
2.0930952380952412
-0.6663025210084008
0.871945259042036
4.027877532489647
0.128858101308289
0.634486772486774
0.1060675636150954
1.5758903750327846
0.7786981223584846
-1.043699530516431
2.2909485975236237
1.1692136752136761
0.89684661206255
1.4000626959247668
-0.6031256622165699
-1.7698050682261197
0.7618464385262236
-0.08833519498810105
0.7855445205479477
2.120570789865873
2.4922718515188507
0.5246757369614521
1.2403814262023225
2.8032142181886925
1.7675831550999348
1.9497295080473194
2.904423177405608
1.4088051843866758
1.9313816271374797
0.8018358742476543
0.4928985507246395
0.8487595628415292
0.1815874730021605
1.6383020050125339
-0.18467304625199255
-1.6985203966644118
0.9247893569844798
0.19382000489117246
1.7916341689879296
6.575257452574526
-0.15656277056276835
-0.4536231984961354
-0.6078511326860827
-1.1220386717108006
-0.7502100941801491
0.12265809072444256
0.06647753303964876
1.278958944281527
-0.6699461331281267
0.022380952380952834
0.5156113324479854
-1.3240694789081875
0.8045059288537573
3.3198365365948383
1.9051839271518425
2.862383748165268
1.9758696741854642
0.6425436732766769
1.7959079002957345
0.8027027027027067
-1.6473076923076917
0.5915572858731935
-0.014983461002787024
1.0711413637072873
-0.5465151515151501
