60.72688779284833
86.29339168490154
85.82359534206695
66.20765363128491
41.408965517241384
147.43564102564102
84.04380313199106
19.291212121212123
109.7158904109589
7.956717783823894
100.32222222222222
37.755825242718444
163.01189376443418
31.095016181229777
10.629538461538463
33.79761904761905
120.6493710691824
10.280208855472015
29.29755927475593
72.76076923076923
175.5237634408602
15.46604938271605
35.96311369509044
37.67948186528497
58.63987341772152
24.15857142857143
100.62330855018587
111.08986301369863
71.44415584415584
156.44576923076923
47.505996425379806
125.83477611940299
75.15171215880893
53.05075117370892
21.149844413012733
105.96432624113474
98.83259541984732
26.20689003436426
21.638812392426853
44.3583426443203
167.9388789237668
83.48991031390133
41.31269040553907
152.2418811881188
23.242694006309147
36.33513513513513
113.7645214521452
23.340727360308282
65.52916905444125
69.68989361702127
117.67063492063491
117.75127795527155
33.002272727272725
105.09642857142858
122.84092024539876
23.260911920323682
18.73
118.15708860759494
112.37333333333333
110.03398625429553
27.151858974358976
80.20812064965197
27.45848751835536
110.31620689655172
40.631309523809534
139.28290322580645
165.72123287671232
125.44800604229607
131.61261363636362
36.12502512562814
17.680452961672476
82.66973094170403
110.04692832764505
150.88526184538654
19.215774946921446
146.76999999999998
158.65826923076924
91.14438016528926
106.91380281690141
44.053080168776376
92.39244897959183
124.34287009063445
25.520588235294117
72.03013054830286
132.0548158640227
82.28570776255708
5.428932215455195
42.4392803030303
21.915000000000003
147.30724489795918
126.5744776119403
94.43160642570281
113.39251655629138
4.424139982824197
163.14815242494225
85.1491304347826
16.217948051948053
104.33510948905109
85.43810344827585
72.76076923076923
100.311875
6.918932584269665
12.955158469945356
46.97372549019609
4.20370928536704
103.86898550724636
109.3347619047619
5.1247619047619075
39.17708333333334
146.72974293059124
53.29964912280701
87.36535864978903
3.088873873873876
74.0915306122449
128.57651162790697
245.5264417177914
183.06463917525775
127.4897023809524
15.76358904109589
32.21010025062657
232.42633387888708
55.39046689303905
248.67182648401828
269.40000000000003
21.316101573676686
89.74723044397463
172.46572052401746
129.67418604651164
38.15014354066986
170.65334801762114
14.055641025641027
153.772427184466
93.04698412698413
44.760000000000005
20.619033530571993
33.239999999999995
141.8333426183844
63.27212827988339
10.44848484848485
35.40782178217822
83.44066666666666
54.40337837837838
76.43757281553398
10.7166451195863
58.00684210526316
81.73841628959276
36.452
61.39190860215054
69.34468085106383
48.512137404580145
114.77266666666665
9.366246742947776
14.790916852264292
49.9304247104247
11.265034482758619
97.54315175097275
67.46016759776535
44.7574193548387
8.152765957446807
131.13171428571428
4.085540601166443
120.74009287925696
