61
86
86
66
41
147
84
19
110
8
100
38
163
31
11
34
121
10
29
73
176
15
36
38
59
24
101
111
71
156
48
126
75
53
21
106
99
26
22
44
168
83
41
152
23
36
114
23
66
70
118
118
33
105
123
23
19
118
112
110
27
80
27
110
41
139
166
125
132
36
18
83
110
151
19
147
159
91
107
44
92
124
26
72
132
82
5
42
22
147
127
94
113
4
163
85
16
104
85
73
100
7
13
47
4
104
109
5
39
147
53
87
3
74
129
246
183
127
16
32
232
55
249
269
21
90
172
130
38
171
14
154
93
45
21
33
142
63
10
35
83
54
76
11
58
82
36
61
69
49
115
9
15
50
11
98
67
45
8
131
4
121
