24.134564263322883
35.296350629938075
14.992517250191671
23.910373482726424
15.08869281618001
17.48637704918033
32.682951861131
54.50999999999999
45.20705394190871
52.32343666169895
195.79688588007738
85.69428571428571
49.18608365019011
55.94757679180887
52.5461038446294
12.076777777777782
15.049673501371299
50.3077566539924
7.32996196272347
11.529502602660497
5.895658536585369
26.91715854032505
80.14
12.72199102526583
46.92695948136142
50.70651612903225
34.757682775712524
38.411525616698285
25.81326406926407
52.56640319715808
29.113333333333333
17.623597535934298
32.151348314606736
63.1132326951399
30.660992805755402
31.516661157024796
34.90390887290168
58.21636363636364
5.975799486308826
144.40395833333335
32.015175808720116
84.93557522123893
119.4990566037736
16.838872274143302
41.74376146788991
106.41521126760563
14.523221629855296
148.39091836734696
51.48014925373134
26.603047879616962
12.554832891246686
13.554526748971195
324.453785046729
63.85716255442671
40.42244218838127
275.6169972451791
18.380582231500814
25.843098564221965
98.5790891840607
16.887494089834515
26.841780189959298
71.72
8.772773194271483
186.13052953156824
14.9609634551495
38.287962962962965
16.67042289464091
86.29339168490154
31.563651026392964
77.80385542168673
262.6319624819625
54.66859649122807
17.114139976275208
45.34837398373985
10.468493251987429
66.20337078651686
8.62064116462754
72.93291139240506
55.16916666666667
10.714561403508771
37.67272275334608
44.314073019594716
30.27173652694611
22.63073170731707
102.31486238532109
105.43060245739198
21.620630630630632
230.85235294117646
106.9525394045534
20.48477111540942
170.79898876404494
115.88307443365696
38.2283548579376
8.927954684629515
9.951143837575067
148.09050505050504
20.380324324324324
69.12513513513512
42.77621973929236
13.462499999999999
135.47317548746517
152.7835135135135
151.35608478802993
20.753613445378154
107.52319248826291
252.3878475336323
80.47518518518518
10.096490924805533
84.2011111111111
10.868854219948847
25.732875197472357
12.556007194244604
100.55970149253731
66.20765363128491
52.28676991150442
17.072222222222226
4.614616780045353
47.50692640692641
32.62322435441838
16.47382532751092
41.5880904159132
188.73861723446893
12.662496392496394
109.31685121107267
150.91884422110553
15.85435349940688
24.49511664689601
127.90765140324962
31.31306096486936
9.582764705882354
38.13502164502165
50.56089430894309
15.405933797909409
32.783977900552486
29.562352644836277
25.41081632653061
14.621230650154796
24.07428571428572
43.87398615916955
22.257538461538463
180.40458333333333
37.13757575757576
33.80467065868264
42.133042635658924
19.63
60.86841463414635
30.78356679636835
42.48863834422659
12.008828828828829
4.891397849462365
37.943759894459106
19.60157971014493
24.69271929824561
31.38472897196262
32.83739130434783
24.366666666666664
106.59198581560283
153.18724351050682
6.522807881773399
80.92915262889228
130.11809667673717
23.982442748091604
45.49964646464646
27.222889858233376
41.166391437308874
326.5291425260719
86.64627705627706
152.3951612903226
80.37976744186047
17.703999999999997
6.826900562124443
147.0298941798942
44.43297520661157
7.7273533745947525
82.81363636363636
65.33654178674352
28.79721911540417
22.8543669250646
89.86111111111111
27.555163398692816
34.38010416666667
87.2423404255319
126.3631343283582
4.050514955288314
134.10154929577465
75.43726368159203
85.30063063063062
20.830000000000002
6.8972072072072095
9.385588235294119
241.46627172195892
57.50078014184396
41.32649442755826
32.76786892975011
1.2319310344827592
27.95854895104895
14.835111111111114
106.13095238095238
35.8273883161512
62.929761904761904
156.72493975903612
154.6459708737864
83.00442094662637
37.744259259259266
177.04392781316346
58.06179487179487
29.665443037974686
9.686543014996058
11.634226190476195
155.4333090024331
17.178508752159875
67.63923076923076
53.812413793103445
68.52531135531135
65.32389972144846
89.70544303797469
57.40983606557377
58.95174291938997
64.87
40.943107468123856
58.33749999999999
15.621094228504123
36.18434523809525
13.575846917080089
132.00113475177304
153.01545454545453
25.94754864520822
10.971794871794874
116.65548387096774
20.121666666666666
273.0880359612725
26.668327796234774
46.05666666666667
92.04926229508196
64.99478964401294
58.80073737373738
99.34940074906368
15.669593114241
30.434851598173513
63.05511198945982
39.47771641791046
19.76226480836237
22.069841269841273
29.855142857142855
10.010651897122486
30.467333333333332
59.487232704402516
57.12747747747747
43.829029535864976
56.50796108291033
149.14179066834805
55.203454821564165
46.11498234349919
14.353892089093701
17.75017158884673
58.54150717703348
16.65425120772947
28.175015544041454
112.32810720268007
32.0488888888889
56.87005759539237
188.94450199203186
20.79666666666667
60.98747311827957
55.14282738095238
60.91513615733737
69.30837465564738
30.14226666666666
132.28306818181818
150.6585
8.77192377495463
31.14743902439024
25.93079136690648
19.267305590584282
24.30588235294118
86.5823982869379
24.807029520295206
57.535288924558586
22.229677523379554
13.04240548084243
36.273434343434346
37.53823529411764
70.1966195524146
27.56299090422686
47.584895833333334
22.194918032786884
33.9096659896186
13.884285714285713
31.725432276657063
228.90452145214522
47.61006908462866
262.34167630057806
44.148936170212764
34.39421568627451
9.2814364640884
29.176242424242428
81.34027334851936
24.785193887297044
56.446338439095555
143.89880829015544
169.55803571428572
19.17729434697856
200.0011363636364
99.40607879924953
53.127798306389536
242.30208722741432
9.928283555235698
120.27827586206897
175.69254859611232
130.28565217391304
188.77996015936253
163.75372093023256
18.140184964200476
180.98514644351465
103.55992700729927
125.44731343283581
25.098426512968306
41.30768463073852
178.51282051282053
49.46358208955223
172.1130434782609
51.62157715260017
55.51694352159468
56.95612903225806
24.5057094972067
43.00349301397205
8.75017391304348
134.07623955431754
57.7831746031746
51.61888475836432
48.38407407407408
55.243875432525954
10.65233031674208
31.348484848484848
126.89611275964393
24.25238095238095
139.85168021680215
54.97244604316546
96.69495145631068
38.042684964200475
39.208364269141526
43.78283746556474
45.403125
151.573
42.93775868372944
11.66025015403574
16.243918063314712
24.012973075464547
165.07282460136673
26.925162241887907
162.2623897911833
33.87509972489684
22.97971014492754
20.515361111111115
23.715571130331053
35.618427109974434
101.26191176470587
124.94891238670695
41.04765765765765
33.606956521739136
28.76758241758242
166.0445205479452
20.462958904109588
131.34443181818182
58.204142394822
58.64666666666666
53.48744943820225
53.14305309734513
23.098923076923075
137.2376712328767
62.32238095238095
41.79004301075268
76.64268292682927
203.3697026022305
17.017292973249713
12.103918741808652
21.83756862745098
22.362113821138212
26.860000000000003
38.16653948065712
32.279274509803926
228.5115131578947
6.683357501394308
173.7281659388646
215.50453590192643
16.09568240343348
108.74340277777777
44.90452380952381
24.714794879255162
56.10005899705014
10.192338461538462
27.79192307692308
154.6627450980392
20.304285714285715
212.0141577060932
50.472003318750936
9.048247329349994
28.438510971786837
218.07525951557093
6.128611111111113
36.81873403019745
26.525957767722478
112.06381112984823
129.1645772594752
97.84990403071016
45.63617886178862
25.497250859106533
31.22556818181818
102.15088560885609
21.525022831050226
11.864574468085106
84.29738955823294
42.05595342066958
16.431104463130662
263.1453956834533
33.64520947176685
124.94891238670695
12.934632228525931
9.281058201058205
293.0855844155845
42.14359649122807
9.091517835178355
16.682986111111116
10.141898148148147
49.730626506024095
28.661381254404507
54.448951048951045
171.3811013215859
72.20976744186046
157.92419664268587
38.372075187969926
22.452121212121217
111.68724832214764
59.05128364389233
29.542344258193648
38.46594339622642
5.175681818181818
211.45428571428573
34.32921610623261
38.701219882375256
9.562695875271363
3.9411000000000023
76.54542787286064
33.33812154696133
24.866042916893978
11.021575067890861
22.801574340377645
110.17794168096054
97.84335282651072
18.806701754385966
16.027902264600716
32.93766371681416
48.679851301115235
48.74626179604262
30.438351648351645
80.6937037037037
57.203594771241825
97.5201550387597
15.907055806938164
15.016155857740586
14.609753086419754
71.72046632124352
76.65801771871539
69.59
30.09508982035928
100.24205607476635
30.819662756598245
28.047873288761547
37.534379446640315
16.35328853240841
56.66163254593177
213.83567375886523
6.361337693631668
0.7940364741641339
37.2859217221135
102.41877450980392
262.3246242774567
83.17303370786516
39.51522988505748
34.79678082191781
12.780392976588633
9.300569741900059
92.915140562249
110.97320819112628
10.452046204620462
13.804634146341463
107.51255319148936
141.7690374331551
27.470376731301943
31.988295739348377
43.97333333333333
80.61761904761904
68.50282608695652
64.16272727272727
13.679581646423753
167.82866369710467
51.744545968882605
48.07035019455253
24.5759169241332
137.6420879120879
26.135314009661837
8.265891455483295
164.4340366972477
81.29462962962963
25.901378504672895
135.34832402234636
27.653795986622075
10.186655948553057
110.2791423670669
43.12585774058577
50.17130111524163
45.74726863084922
146.4976923076923
38.14652772466539
79.45990654205607
163.11063781321184
134.4481512605042
41.05362884160756
45.02367346938776
15.947104926423545
26.873336032388668
182.49246913580248
35.343095238095245
18.864209523809524
25.68935664939551
14.477058823529411
76.7378431372549
196.95137404580154
106.1243661971831
5.369470737913485
101.51962962962962
20.843174273858924
28.794842767295595
16.419238423268272
117.06924315619966
16.17985347985348
19.126541850220267
133.26333333333335
139.6635483870968
33.14771428571429
99.29559772296014
25.191433021806855
64.80333333333334
25.34
95.95719298245614
131.0277077363897
17.56844282238443
4.705354609929078
8.958130364184644
73.83383838383838
26.22243772241993
144.65545454545455
31.771395348837206
51.557620743988494
179.6520920502092
136.7688950276243
22.386935483870968
4.56918699186992
136.39401098901098
50.39951664254703
225.40595993322205
45.584960629921255
16.715920526014873
15.565674300254454
24.134498480243163
145.42730569948188
95.81455598455598
44.59502074688797
53.96700835231587
81.29575757575758
13.167870247777568
16.38057570029215
37.88576923076923
55.257612293144206
24.49364261168385
24.971309523809527
23.881100200036368
50.52294736842106
37.76053763440861
35.64066757493188
179.3805439330544
46.39280701754386
101.34287784679087
278.0206043956044
24.859147286821706
120.87201257861636
17.100509049773752
69.41904761904762
62.81706270627063
193.24317738791422
71.57028686173264
45.164527720739216
74.70343283582089
75.93562262098968
197.0414503816794
26.818202199661588
125.83477611940299
207.14090909090908
195.19131274131274
7.532825990209165
60.75574384236454
25.672594417077175
20.54294117647059
34.751839080459774
71.512
18.119044776119406
158.48807692307693
107.11797202797203
14.318483063328426
7.808915857605179
21.775205128205133
243.9796296296296
49.15075449101796
26.59252410166521
40.80553516819572
11.990530303030305
50.22546125461254
32.49650613567955
11.796252873563223
14.236555238483493
116.35279069767441
19.290703933747412
132.76776671408248
177.17243070362474
52.46567223548129
52.933142857142855
57.64456140350876
45.1531914893617
44.27694214876034
76.68861471861472
59.18562499999999
61.50494252873564
14.658880208333333
23.29107552870091
59.08148459383753
55.979866220735786
25.81079083094556
15.00426742649488
96.67313725490196
21.06171633554084
121.68221183800622
18.264386554621854
11.643979153893316
56.298947368421054
7.028333333333332
6.759506802721091
82.75289592760181
93.94059760956175
60.55
25.638912655971485
76.10156862745097
44.74446036294174
14.684767676767681
60.89439252336449
30.436892327530625
181.07523908523908
63.38564152159897
47.74338771593089
27.22455408970976
61.03030487804878
57.36401294498381
109.05713286713288
93.57
38.24246753246753
16.60449770841075
11.68416380655226
44.23101289134439
27.859274376417236
56.02390777338604
54.98824817518248
352.13775956284155
30.649561933534745
52.85994431185361
4.861999027237356
40.16703252032521
24.992893081761007
6.150841688654353
16.840024096385545
17.457134876296887
24.900518042157916
17.017688651218062
54.27588850174216
38.197691119691115
26.09368686868687
101.28130111524163
59.64802935010482
265.12628571428576
28.305003960918942
36.70794231835829
181.20932489451476
229.3086776859504
22.871889763779524
15.513737646001797
186.03202429149798
179.77
17.143068181818183
26.807794627383014
41.005135135135134
207.8386388384755
24.895293113261236
172.37814814814817
185.40048780487805
164.69651480637813
76.63805825242719
118.31677316293928
36.45361018826135
7.8141904761904755
5.790184612363138
46.480909090909094
29.061544041450777
127.69322580645164
16.55679032258065
160.09322274881518
57.96975200583516
3.991814959234315
17.762861565678907
66.68478873239437
96.18725490196078
139.44862258953168
30.023091028159786
118.4573015873016
13.220730797912008
31.713096196868012
26.873449735449736
44.01794736842105
76.70024390243903
129.37877192982458
15.125684729064044
133.22478753541077
8.029556541019957
107.98541666666667
161.0676580796253
129.46478260869566
36.33543147208121
22.81082706766917
88.22148936170213
16.061401515151516
82.86303854875284
16.416363636363638
44.275000000000006
19.544599380256752
105.83352112676056
137.78726027397258
24.8653091684435
56.531075268817204
122.09385321100919
78.82023529411765
70.90737400530503
26.97086092715232
71.24540106951872
148.16215189873418
110.89760942760942
44.22475530932594
75.95012658227847
3.310327112493521
107.03845070422535
85.69290748898679
65.4242288557214
35.77680134680135
4.10025396825397
170.60136563876654
8.837820512820514
37.890093457943934
4.017639751552796
90.78234042553191
54.161256583897654
66.93872549019608
27.666417033773865
24.23758064516129
123.80812688821752
73.595
49.3671875
23.219776435045322
204.25316176470588
17.028643256185152
16.56272065514104
160.34764705882353
6.837406244549104
172.46567328918323
184.15333333333334
120.84204968944098
10.966826855123674
114.63228956228957
47.71000000000001
23.322458054460437
117.78897763578274
4.538788249694004
76.92217391304348
104.96314079422383
22.18230240549828
69.237311827957
4.924776941435653
30.67372093023256
24.953138686131386
16.846875
97.0627969348659
15.97814432989691
8.445073375262059
66.80586206896552
24.429275618374557
23.61507936507937
17.360567986230638
27.669379844961245
62.57857142857142
18.475939914163096
6.984285714285715
17.7234752851711
33.73842105263158
10.747182130584196
32.785464480874325
52.54905923344947
19.474385964912283
40.209090909090904
15.25509644670051
107.71206896551725
45.53637860082304
95.222
140.9723872679045
42.43938053097345
32.25390804597701
70.84237113402061
16.614
44.69444444444444
86.94538461538461
51.73070786516854
193.3581871345029
11.890927554438864
26.519394101876674
37.74445544554456
100.11452157598498
145.29510416666668
26.73530054644809
125.26591591591591
165.2901826484018
10.09404437524329
73.4004987531172
29.756666666666664
148.53558375634518
32.321735905044505
19.514530303030302
17.019641025641025
15.141282051282051
13.121630382196418
67.89932840418977
33.12055865921788
60.90550964187328
127.5710029498525
14.113526816021725
112.3676430976431
5.098218366483284
69.1120652173913
150.5339393939394
77.15019323671497
109.36228668941979
57.203594771241825
11.513285024154591
95.47094488188975
121.21501547987614
54.59859531772575
8.227560975609759
160.1280796252927
78.6788038277512
19.54389400921659
52.9538028169014
35.21832460732985
99.59676691729322
29.35172897196262
53.33024390243902
47.367777777777775
22.406523235800346
32.21933333333334
114.67651465798045
154.60300970873786
45.43719858156028
23.957816091954026
43.92860759493671
14.323169398907108
5.791351351351352
121.61687306501548
107.18927272727272
72.8573469387755
21.763454545454547
56.32806451612903
37.00244739756367
42.56285714285714
38.442982456140356
170.82866666666666
13.762063492063493
13.850158730158732
22.350714285714286
76.8729268292683
83.41141779788839
260.46351664254706
63.014910581222054
51.53647106764467
77.54536817102137
85.65913000977517
51.82194945848376
39.260032686021916
87.74716881874701
36.950992063492066
240.8956603773585
83.49104677060133
109.6651724137931
113.0661204013378
130.89137931034483
103.89815884476535
45.94693548387096
181.76917012448132
133.77305439330542
61.73056224899598
20.619352112676058
39.169017763845346
27.943870967741933
39.59294972067039
121.3146105919003
96.874
153.27449877750612
228.4114876033058
71.23131455399061
134.95279329608937
61.58246987951807
77.80288461538461
22.358585657370515
112.88466666666667
120.94410658307211
122.68723076923078
27.276674157303372
115.50838926174495
130.2742170900693
167.00297297297297
25.20855606758833
176.676852248394
91.00521438450899
146.91174807197942
106.37685512367491
44.214252553389045
63.904230019493184
29.586097560975606
163.8488940092166
101.1929520295203
142.4202617801047
16.06105263157895
307.60289052890533
78.64560821484993
8.031039541707418
54.64256756756757
61.82534136546184
158.59142857142857
125.03934139784946
61.28687074829932
77.15019323671497
119.09457680250785
84.04380313199106
21.58612662942272
156.33954436450838
79.31784191367655
89.66319386331939
125.95071216617211
29.410680272108845
24.7378102189781
16.9493984962406
5.871092896174861
45.4552688172043
43.40571428571428
30.536823529411766
30.84054119941492
58.49050632911391
152.56316831683168
48.97129089301504
83.565
60.8546571622539
7.683929221962011
69.96263157894737
113.60029315960912
28.80525557011796
161.6811111111111
52.73413793103448
18.12630125523012
6.050833333333333
44.835951417004054
47.5157528957529
123.67928571428573
174.4881896551724
104.69388489208633
70.3864
104.19635379061373
78.68794392523365
25.21497506925208
46.258799999999994
3.110820105820107
189.41634730538922
175.6252688172043
49.039250936329594
54.39789115646258
50.48881720430107
51.10029411764705
191.8323575638507
119.616875
277.96632653061226
66.76685393258427
150.7578195488722
44.57925619834711
48.92605065666041
21.943529411764704
33.385904967602585
22.954498480243164
43.52659379766142
76.52314009661835
65.48623229461757
98.20206106870229
46.56548387096774
65.10319892473117
111.70466666666667
100.33955223880596
93.00991967871487
81.64816513761468
106.96060070671379
28.345158730158733
116.30313915857604
206.62919413919414
31.564069548872187
8.71704781704782
18.493529411764708
7.167201767304864
130.0246355685131
11.72940594059406
62.81786854460094
162.7825754060325
120.05937499999999
97.11017612524462
178.2998947368421
120.27915492957746
12.829849170437406
74.42979797979797
38.619841269841274
52.739162717219585
109.41944444444444
177.745
26.860000000000003
12.262191780821919
38.26705882352941
49.664106145251395
42.68768343815513
176.1155319148936
123.50515151515151
108.98923611111111
222.11353140916808
184.07163265306122
57.831609195402294
21.77131596091205
67.18859832635982
21.89822566173172
47.77771653543307
4.462961047310131
144.92631578947368
23.18111111111111
33.564357608052106
25.984761904761907
57.15005654281099
29.41066666666666
16.154535809018565
46.20204991087344
21.26308250825083
70.12856893542757
105.04257950530035
56.92306188925082
3.236554054054057
78.19821484992102
14.357282913165268
38.30823899371069
57.778791848617175
19.20868993135011
25.9245945945946
51.9484375
43.65547818012999
34.25403426124197
23.540721649484542
16.379787234042556
6.172291536702019
82.15018433179725
77.94857142857143
18.26220064724919
75.5349035812672
36.35539763113367
158.31047619047618
66.53666666666668
119.35012618296531
52.160281124498
161.34794871794873
50.22770679770679
54.89068965517241
14.914079007808912
66.57779614325068
56.376578947368415
32.731860465116284
60.013456790123456
134.85432584269662
17.344050632911394
97.9318320610687
14.477999999999998
48.209376498800964
7.660511627906978
35.68483412322276
84.77632911392405
102.07283687943261
11.552320406865864
58.266363636363636
49.70913669064748
132.02666666666667
30.025144092219026
180.92804573804574
13.318329218106996
69.85569948186529
102.61064516129032
65.85555555555555
11.714654088050317
171.36913043478262
57.81048780487805
140.7112598425197
0.5559748356381782
21.438268488268488
73.23374384236453
12.581363636363637
99.04941176470588
26.99948071216617
51.39137931034483
76.48233644859813
11.42794272076372
71.91499999999999
120.21830769230769
72.55585365853659
64.91152173913044
30.219425287356326
128.84588235294117
65.56625668449198
114.04852090032153
83.68648068669528
129.1319318181818
38.0130784856879
83.45608695652174
44.909083969465655
79.18420560747664
5.36180188986641
74.58827605019094
1.2663986013986026
110.84372937293729
73.92
36.22707575757576
112.06581699346405
57.56706948640483
149.4379207920792
119.26707317073169
62.06197411003237
62.31897727272727
103.20795053003533
82.654
117.02310344827586
26.00128205128205
2.9945395967574306
144.98938775510206
4.8466210045662095
119.90901840490798
134.13917874396134
113.33123778501627
59.717674418604645
112.82805825242718
127.54766763848397
37.29230769230769
37.38464174454829
151.65280098280098
30.919593495934958
50.617751937984494
178.08844863731656
84.88234042553191
11.120450450450452
13.449023923444972
8.887345132743363
36.52530162412992
6.619242266249568
28.587349570200576
140.9140241947238
45.42622368421053
35.687939632545934
23.768590341697138
172.87991228070175
7.312584192439864
128.99700296735904
18.914822460776218
111.58999999999999
49.32516129032257
37.98228070175439
138.73972677595629
13.547566442523216
100.04037593984962
16.031695982225514
78.6788038277512
24.413870967741932
9.15257516339869
7.27390697674419
49.29335839598997
60.076951219512196
33.786554307116106
53.17936170212765
126.15180180180181
9.39120717041071
34.420769230769224
126.19581602373887
51.21442748091603
44.379999999999995
12.698736141906874
48.73869731800767
38.72878048780488
98.97571428571428
123.23907975460122
27.345333333333333
23.096666666666668
129.9558309037901
85.03365296803653
33.661808981657174
7.38554288128433
16.373434155421126
16.403475479744134
15.593997539975401
7.653621219810727
15.404902665468704
4.793680159376983
17.35975757575758
21.60772210623985
17.412295271049597
29.48903785488959
8.269443577778535
58.56116883116883
8.327832061068701
14.323695380774037
6.620014430014432
5.643620632437301
49.75047740835464
28.08636842105263
26.18751937984496
4.022243993669974
6.172371105596913
37.00375145180024
7.005578267885962
14.100370083816895
4.67194390084801
7.025458839406209
40.611946902654864
7.043962997624362
7.674508846052287
20.479007194244605
4.322830147932191
16.273613786515963
9.787274841437632
26.42260215053763
10.752955223880598
15.096939890710384
10.278180039138945
6.662871900826449
30.577920398009955
18.227445887445885
49.18590909090909
4.286422413793105
8.381547911547912
8.47137039660057
9.796407259456526
6.276480741893998
9.953003003003001
8.388175438596495
39.419115749525616
9.878018433179722
107.44964912280702
47.15093023255814
19.488953488372093
75.2641414141414
10.062907725321889
15.0210998637337
13.073539039183597
2.3286527632951
7.594750957854405
6.647856208616037
13.853618315722063
3.047986241400878
17.032191958495464
101.36903345724906
2.1428888927839047
25.10841230257689
8.575435309676
93.88551020408163
6.155697038294662
24.05666666666667
19.358067226890757
20.779324719273962
6.292037225042304
1.638380646802183
9.650266357845975
14.42651515151515
139.1062162162162
21.456744153867444
45.91565708418891
26.216785714285717
27.278844333054867
37.242820512820515
61.08426829268292
24.11228096228096
176.40459227467812
3.202816793893131
50.830213358070495
84.83275938189846
13.318318934485244
39.97074279379157
99.82343511450381
54.918536177331674
180.11848232848232
196.973893129771
123.7765045592705
50.403740458015264
159.50075471698113
45.54602996254681
49.94791044776119
76.21754820936638
55.11194772344014
44.91750521920669
132.868
170.70352549889134
16.32982905982906
162.79387990762123
63.21071428571429
41.255126142595984
116.03582524271846
47.06539811912225
75.101
49.63234323432343
26.76595744680851
80.80800947867299
10.553048272482236
214.8801754385965
32.328432934926965
28.38588203753351
110.03917808219178
55.23003344481606
64.33860058309038
21.68876357560568
161.23792540792542
73.82532994923858
62.29044776119403
8.27232675183895
122.84363636363636
16.81841530054645
14.859290780141844
29.347006369426754
65.07000000000001
35.231330749354
33.63495495495495
36.45286626746507
90.75429752066117
146.96289002557546
23.96948238897397
-0.00423893268647646
18.125736625514403
29.51180124223603
121.2109090909091
184.70852760736196
42.21314148681056
113.33418604651163
93.24686746987952
61.79731343283582
98.8632584269663
88.70966244725739
16.01604958677686
18.331140642303435
31.979431870669746
41.38608442503639
31.801807228915667
188.23475806451611
151.29015037593985
220.1984429065744
24.325555555555557
65.73666666666666
164.32217391304349
21.7064
26.893866157483178
35.67822826905764
320.99047003525266
48.46113508442777
56.443240525908735
168.73045045045043
29.064285714285713
55.759850746268654
22.198835016835016
32.763999999999996
25.26842774566474
159.97356807511736
140.98026737967913
67.3428818443804
149.86395465994963
95.03039215686275
97.27923076923076
17.540476190476195
15.033465045592706
159.87564705882352
34.15068880688807
86.62381974248927
158.0857142857143
22.195681818181814
7.258892561983469
50.24072727272727
307.9096078431373
7.8849485562562265
83.01504504504504
17.084158867290615
11.552782283218967
17.05729824561404
12.085723270440251
96.32522417153996
99.37496240601503
76.68968215158925
65.97692737430167
74.06810126582278
7.4211745875400155
20.774822654462245
62.139552845528456
8.31068181818182
65.90505617977527
78.72017377567141
22.256736474694588
76.35212560386472
27.386666666666667
30.23678728606357
52.24111111111111
89.40922746781116
34.215679012345674
27.454389009399858
20.354210526315793
82.36168564920273
16.84942257217848
32.15698412698413
101.81688073394494
23.89963696369637
7.871804910418053
10.187943262411348
237.80142857142857
62.202367538564715
31.095016181229777
26.306804915514594
46.05666666666667
3.6633857442348017
106.41690909090909
7.705555555555556
123.69213836477988
112.0794983277592
42.56019900497512
3.9005590750712713
8.747339566510842
4.275925925925929
5.492241379310347
52.374848484848485
93.52279999999999
46.693749999999994
39.133846153846164
18.302094155844156
7.401999318801092
17.824993252361676
36.60908584169454
158.60045130641328
145.2003664921466
70.07748956469887
155.74529976019184
57.02363834422658
43.67231884057972
119.05758620689656
125.39048632218845
61.849012345679014
94.03031746031746
20.728981900452492
87.04
165.1592448512586
133.19135977337112
47.820068728522344
24.554334293948134
19.424243219597546
2.6534597594819616
98.40727272727273
163.45657407407407
82.11407407407407
10.629538461538463
96.1173455178416
144.3796103896104
22.19755317034387
14.758871391076116
47.38207207207208
58.34113924050632
30.173493917274943
109.78281833616299
159.19798122065728
41.95033622559653
61.777951807228916
13.990434316353888
2.8809448542325278
15.013924050632912
75.68427135678392
54.71789554531489
113.08985024958403
17.670652173913044
21.594897959183672
176.895
32.827417654808954
5.607291666666665
21.377658703071678
148.50563451776648
62.961764705882345
28.80984236453202
49.2687786259542
23.786190476190473
34.59589058524173
79.78293706293707
60.133836858006035
25.166231884057968
17.788039215686272
131.41434782608695
52.625450980392145
176.77
112.73657718120805
65.81171428571429
46.72367965367965
53.958156862745085
26.748843537414967
13.225496548061606
24.68904424778761
124.39590361445784
69.19888888888889
6.436687413554633
29.705454545454547
56.89509803921568
30.520899705014745
33.26166666666667
130.55229885057472
33.90738636363636
131.57347578347577
23.107676767676768
55.853988095238094
72.79714285714286
48.16929460580913
8.50499774524246
132.5562322946176
19.748149253731345
58.627894736842094
70.64393530997305
16.3825
52.858557919621745
82.28570776255708
90.72130081300813
59.70937187723054
68.4762015503876
41.75849832615974
4.350042194092829
225.09204778156996
43.82645673323093
23.35344173441735
10.410081300813008
179.86647058823527
17.54835897435898
77.65
51.99991869918699
87.99000000000001
9.301432676518886
32.29124452782989
87.58439232409381
33.79761904761905
12.385824215900804
24.035440613026818
26.1068115942029
15.505094269180514
44.47397325692454
73.9011111111111
17.122603448275857
15.0562987012987
74.99555555555555
71.68087719298245
33.8278418230563
17.727271448663853
17.67891625615764
10.787361111111114
32.72553674832962
5.683333333333334
30.10576771055032
30.38775925925926
122.07
11.929495798319326
15.142500000000002
13.927211595346083
184.94479674796747
14.671247739602173
25.18885082872929
112.65173913043478
13.701282380097464
10.560724078834621
173.02084967320263
37.35372122762149
34.571270788912585
50.756139088729014
186.89538152610442
15.622086720867213
92.32137931034482
19.3180163599182
10.280651828298886
64.126
138.11359673024523
10.313766640042598
50.70560606060606
167.88596412556052
24.248235475419936
34.45097838452787
11.100212099049212
54.56287037037036
14.89155555555556
1.8388287250384039
45.4552688172043
66.83888888888889
78.94075471698113
26.50429653679654
23.71989517819706
5.769164607019281
2.404784984687609
19.528000000000002
26.900383202099743
24.880489675516227
168.57782997762865
15.218082971538838
16.920392156862743
120.79614420062697
157.99276849642004
132.76333333333335
15.643140995812008
15.133650306748468
38.670370370370364
35.39
3.198331125827817
71.60842105263158
8.184375451263538
8.744514563106794
48.45837951301428
12.474632034632034
36.304500000000004
22.384094488188975
14.63723424723425
12.138714285714286
1.6030000000000015
77.06538461538462
0.9335773469551931
84.64688888888888
1.269669987546699
106.46300884955751
115.8551948051948
15.533372365339577
20.497442680776015
36.15573604060914
85.6108695652174
52.555511932255584
14.065789473684209
14.985940012368584
28.35110374414977
60.253842498302774
137.75460674157304
238.558214849921
27.909982817869416
14.297393939393938
51.12900709219858
45.41806076854334
43.23650224215247
74.86917098445596
115.42482200647248
29.54177304964539
53.751499316005464
49.89962264150944
17.793949579831935
33.24581038498425
25.016364779874213
69.52440476190476
21.869469901168014
35.427925407925414
31.542344740177445
44.69012715712988
49.87778588807785
58.81703442879498
5.688913043478262
26.546950875211746
51.47311986863711
7.6321302673047775
142.04
13.86216435738175
10.843844797178132
6.018401702786381
34.49579104477611
72.73051282051281
40.0805
17.98016400380912
75.35541871921183
42.96117117117117
120.70356037151703
25.02707092819615
148.16215189873418
51.25606113537118
36.629107981220656
9.329528193325661
114.27079207920792
141.02752688172043
113.39328767123288
14.092439024390245
15.443145539906109
35.97604060913706
38.736730769230775
158.4152028639618
135.94977715877437
108.65035087719298
23.50056910569106
194.29287968441812
32.2444137022398
113.42179104477611
110.7784175084175
36.80624688279302
130.0605882352941
45.08875796178344
20.29688172043011
47.978521400778206
170.42398230088494
127.8842772861357
126.52392857142857
58.46052117263844
147.20824742268042
119.3905015673981
88.05478632478632
78.2
36.42827956989247
16.24857104047813
13.66811734364926
102.02472527472527
36.27326424870466
24.50257320872274
139.7904301075269
40.26524590163935
144.96957671957674
30.369753086419752
24.96305555555556
133.32507082152975
26.831159420289854
143.79727272727274
7.942667597765361
10.743604938271606
92.09485596707819
154.80170731707318
42.883037974683546
7.203637072866282
33.29218309859155
55.453680241327305
45.020172413793105
36.985049504950496
6.471384048732116
138.35284153005466
15.000223152022318
105.89714285714285
156.47413461538463
96.21666666666667
31.341181938911024
116.50960132890364
29.18730439172136
11.975772727272727
19.17306206088993
28.290548589341693
9.454095689832958
100.64776119402985
114.48655629139074
51.67739463601532
121.65125786163523
4.169043659043659
137.90977900552485
74.865
28.736498599439773
53.30489361702128
28.457539682539686
148.38848484848484
86.23761904761905
23.04406098579783
38.55882821387941
52.77754257907543
65.33111111111111
30.763975903614455
78.65095238095238
19.721768707482997
97.8130056710775
9.140556872037916
40.564304932735425
51.212695035460996
6.056250000000002
24.431240310077524
58.763630573248406
68.11804347826087
71.75544502617801
25.857518248175186
113.35344370860926
54.19333333333333
133.89804469273741
35.06316393442623
164.51118993135012
37.889228070175434
124.946996996997
27.738805031446542
26.181428571428572
17.165105171987133
140.8689247311828
60.104601226993864
12.424534706331048
22.73853691275168
14.993698113207547
6.571126903553299
52.747184841453986
75.84289276807979
120.6493710691824
9.682100192678227
80.17672897196262
25.85201754385965
21.2221088794926
28.978354430379742
4.929904936941508
18.409545957918052
20.705025329280655
33.629805352798044
100.31885496183206
135.36808988764045
54.944148681055154
7.841362318840581
33.21051282051282
21.93947015425889
12.12748858447489
189.39279441117765
122.68061728395062
39.64631578947369
54.55759124087591
24.150606060606062
160.88034965034964
56.20401360544217
36.354536082474226
53.70542150038669
129.56184750733138
47.086825396825404
27.400662251655636
140.06306666666666
20.070211640211642
78.58563106796116
28.511284974093268
20.45639143730887
18.43622580645162
46.54081632653062
78.41093078758949
47.82466403162056
39.69668202764977
14.025882352941178
62.227267080745335
26.901190476190482
61.98680981595092
127.78755813953487
5.781172161172162
4.381253561253562
48.73228155339805
8.340113821138214
7.3125974025974045
85.014
58.906737588652476
18.505683060109288
55.74104024297645
86.55706896551723
132.60976331360948
47.15093023255814
21.40928571428572
42.98965811965812
8.995040650406505
32.49428571428571
23.68276292335116
13.625831485587586
50.6528389154705
83.75448430493273
19.673322580645166
63.48556886227544
188.8925352112676
49.70021346469622
21.871171171171174
17.314779874213837
21.90475409836066
28.98594202898551
49.380894308943084
57.2628476821192
59.633896103896106
21.625864197530863
21.330150375939848
94.95289156626507
61.03333333333333
79.46722891566264
32.95813760379596
10.280208855472015
184.24061728395063
32.68378270509979
63.22587362991618
37.075490196078434
35.92879581151833
1.2906326836581705
36.07384615384615
148.68646464646463
28.271350210970464
55.87828592268417
92.91975659229209
16.487430830039525
51.60323877068558
9.21610631229236
41.75556834532374
8.850867768595041
90.2910743801653
82.44232346241458
145.75638743455497
98.96770992366412
54.95979591836735
139.3080487804878
24.191716171617163
17.04213567839196
138.57852459016394
185.31179959100203
81.08436781609196
184.36061224489794
31.92954545454545
49.686939619520274
72.76076923076923
46.907002583979335
39.16915376676987
112.92722772277227
175.5237634408602
29.133333333333336
127.79201183431951
0.8267585873246261
174.8860173160173
15.46604938271605
49.024840871021766
18.433367297428436
35.96311369509044
156.58465393794748
37.67948186528497
9.079125941237269
2.972892929902663
143.1056135770235
58.63987341772152
127.3776023391813
24.15857142857143
100.62330855018587
111.08986301369863
121.49841121495328
219.1200684931507
71.44415584415584
76.52314009661835
34.322210526315786
47.505996425379806
125.83477611940299
75.15171215880893
53.05075117370892
21.149844413012733
105.96432624113474
98.83259541984732
26.20689003436426
21.638812392426853
179.25113207547167
44.3583426443203
83.48991031390133
41.31269040553907
152.2418811881188
23.242694006309147
36.33513513513513
113.7645214521452
23.340727360308282
65.52916905444125
69.68989361702127
117.67063492063491
117.75127795527155
33.002272727272725
105.09642857142858
122.84092024539876
23.260911920323682
18.73
118.15708860759494
112.37333333333333
110.03398625429553
27.151858974358976
3.9833716915995403
27.45848751835536
110.31620689655172
40.631309523809534
139.28290322580645
165.72123287671232
125.44800604229607
19.992083333333337
131.61261363636362
36.12502512562814
6.729318181818183
17.680452961672476
82.66973094170403
110.04692832764505
150.88526184538654
19.215774946921446
158.65826923076924
91.14438016528926
106.91380281690141
92.39244897959183
124.34287009063445
25.520588235294117
72.03013054830286
5.404868956925878
82.28570776255708
42.4392803030303
87.73204301075268
21.915000000000003
147.30724489795918
94.43160642570281
9.223454545454548
113.39251655629138
4.424139982824197
163.14815242494225
85.1491304347826
16.217948051948053
104.33510948905109
85.43810344827585
72.76076923076923
100.311875
6.918932584269665
12.955158469945356
46.97372549019609
4.20370928536704
9.883333333333336
36.18136645962733
28.270512820512824
103.86898550724636
109.3347619047619
39.17708333333334
20.527147201946473
49.23421052631579
32.14899676375404
85.958
124.84329268292683
120.24856697819314
121.09206896551723
44.13799163179917
70.58208877284595
47.79124031007753
131.57
141.19265957446808
70.65879056047199
36.837431761786604
88.64048034934497
153.61465346534655
100.89759704251387
12.316183908045975
87.9955319148936
16.452189542483662
125.70670731707318
97.31803088803089
118.08150326797386
117.03923076923078
136.44263736263736
19.132066869300917
8.665138309965894
106.81618705035972
119.42749216300939
13.024954407294832
131.50623931623932
144.11127659574467
95.23866141732283
124.5476758409786
29.18271708683473
60.97482009504412
61.8420245398773
55.806
118.34874213836477
23.94369731800767
88.95343347639485
66.90444444444445
38.503187042842214
146.72974293059124
31.999888268156422
8.26342013888889
184.40278350515464
74.55763819095478
21.184057971014493
44.03102880658436
14.768850574712648
68.79322580645162
60.23526946107785
67.25495792426366
39.58845070422535
21.217448337825697
3.935842490842493
23.68730952380952
199.07365019011405
5.39492017416546
241.79420062695922
246.4471251931994
190.35222222222222
26.965525405693004
29.443232323232326
28.263971166448233
170.4680487804878
8.458216560509555
54.78
1.708132832080203
74.90746592317225
85.87043103448275
31.412988505747126
17.5020697954272
175.6888888888889
147.75217054263567
65.41431372549019
131.65428571428572
20.2745637337414
135.88290697674418
16.957414398064127
23.099999999999998
52.39873001776199
204.29654411764704
74.51870324189525
79.27363067292644
151.16538461538462
7.007522761459899
74.36441624365482
55.01362678705793
20.606731343283588
31.754021510404495
31.36976470588235
24.928397694524495
20.660159709618878
34.237405637840425
57.27482269503545
140.47213333333332
54.55535127055306
32.848219239373606
60.90784194528875
152.47
148.88309823677582
175.287130620985
6.366389461129788
83.39361990950226
31.765573065902583
37.889516298633026
96.48632653061223
68.30166189111748
139.48097826086956
30.663048600883652
114.53666666666666
127.0357478005865
140.18840425531914
33.599417344173446
38.694761904761904
3.290084388185658
152.09123456790124
45.21280701754385
29.760440729483282
111.14999999999999
123.29060606060605
14.13041958041958
84.45018018018018
115.76684210526315
28.936692307692308
118.60518987341771
55.471208791208795
31.94416513761468
63.90952095808383
36.339795918367344
153.68197080291972
24.27157039711192
155.18314009661836
44.41232484076433
68.28569892473118
96.3029411764706
157.69168674698793
132.53994082840237
130.38826086956522
122.27124223602485
23.450238244514107
159.40364705882354
84.542
111.76607973421926
99.1877011494253
20.412995021064727
19.996643757159223
41.48772406847935
37.839617224880385
82.64954128440367
23.556462450592885
95.886875
57.10506849315068
29.062208588957052
21.068363036303634
40.899471365638775
7.270282015718909
46.72408602150537
132.61829545454543
41.9986412512219
2.251757631822386
53.5951700680272
37.31435897435897
12.468796992481202
14.613076923076928
37.65105263157895
79.87425925925926
44.772764227642284
4.6778618113912245
129.18846153846152
10.634369602763385
6.873214285714287
182.18535269709542
48.362835820895526
43.150000000000006
5.44433816425121
26.617123287671237
78.09178403755868
65.7061797752809
27.227333333333338
49.80541972290139
123.662693498452
141.6499325236167
73.06333333333333
37.10157977883097
161.2104195804196
99.41809160305344
4.377708864344381
77.19428571428571
176.77307692307693
29.60952380952381
90.90083333333334
23.933836351441986
217.40155709342562
10.123919413919413
25.279336016096583
87.80264957264957
138.44956284153005
129.33116279069768
6.355687203791472
50.71016064257029
50.38944227005871
54.11609435421501
43.736351084812625
195.50017408123793
112.13869565217391
14.674911676001724
8.106082474226806
87.36535864978903
8.168849578820698
16.362928270042193
56.49233766233766
143.61739130434782
2.968545454545456
3.088873873873876
6.57177653631285
104.76576642335766
19.004747162022706
74.94506596306069
30.76666666666667
41.63814869888475
55.599631301730625
22.97022960725076
66.42991452991453
27.16641414141414
17.06582775119617
71.61994708994709
74.0915306122449
8.501291828793775
12.428333333333338
127.51000000000002
36.644196642685856
30.746563380281696
24.117557251908398
64.84985754985755
63.0337751004016
14.90421052631579
164.1241067285383
7.8077922077922075
148.76692307692306
85.65660130718955
32.16464788732395
123.23696969696971
70.91849462365592
227.96986798679868
7.326426174496646
112.18095890410959
155.42184275184275
172.54913043478263
23.05465622280244
115.56055374592833
141.69228116710875
132.0758452722063
33.40331491712708
26.87307537688442
31.27196641518618
58.04108771929825
64.58035714285714
194.03943907156673
98.35972111553784
113.47466666666665
121.90312499999999
74.3635
138.0135616438356
15.531809815950918
12.96101160862355
152.93617283950618
28.520689655172415
118.98099678456592
27.82236417033774
76.8729268292683
53.17798429319372
142.443474801061
202.75557620817844
22.325273798366585
8.617200947493092
57.08488294314381
86.09363834422658
15.367257525083613
33.568170940170944
19.77673967602099
22.055921588594703
87.62561850802645
26.37112554112554
18.762942176870748
136.8777777777778
136.58277777777778
156.78180722891565
119.42670886075948
200.19672967863895
5.737333333333336
144.9925974025974
32.005287356321844
163.43597701149426
31.925584958217268
115.3786842105263
30.17609756097561
148.16179487179485
9.794359626802375
107.03845070422535
20.370454048140044
140.5441018766756
174.42627705627706
21.830000000000002
13.34118526622903
41.662838773491586
15.469021834061135
23.86326315789474
61.955662650602406
63.24752839011356
27.670303030303028
92.80788617886179
155.72268292682926
136.79923076923077
133.4228409090909
29.06085365853659
26.92641025641026
22.87816666666667
51.9527972027972
62.631219512195116
88.05478632478632
28.061276485788117
61.6654761904762
41.16063926940639
5.742131147540984
15.179775381850856
129.3542228739003
7.515742393509129
97.50615384615384
133.22170454545454
17.002281449893392
144.91651162790697
89.2759574468085
21.02604417670683
210.55093023255816
27.253423423423424
114.649477124183
160.70858823529412
67.78318181818182
122.07284644194755
9.257563710499493
34.44356302521008
55.428399999999996
36.67102186797466
86.63087336244541
15.401504264198877
65.29925714285714
19.141956834532376
198.27228571428572
137.65896935933145
124.12897280966766
34.704294068504595
126.33587537091987
26.176040216550657
57.495426356589135
13.832991960183769
62.4585294117647
147.12663265306122
34.9658598860519
16.40429598308668
5.379427767354596
134.91111111111113
59.16890282131661
151.33871794871794
133.71078651685394
52.38323741007194
16.75575934579439
7.176050246050249
32.909878787878796
13.807051571192307
138.88297297297296
165.34161731207288
13.30166666666667
28.20426097711812
49.31107011070111
65.22877423389619
34.89433276547416
31.371282274441544
92.08837398373984
72.60614987080103
123.86272727272728
16.785416666666666
64.50333333333333
141.45753315649867
137.90142857142857
5.0087257525083615
7.467650186071239
90.87228511530398
12.404798534798534
15.806334776334776
35.76108108108107
40.25462962962963
49.17723320158103
55.10916666666667
66.67
145.78677083333335
94.20887096774193
52.32317829457364
37.2609756097561
138.70046070460705
30.64272861356932
8.430386864597391
31.679922480620153
28.474693877551022
139.35280323450132
23.063764940239043
111.54999999999998
57.31093247588424
145.57493506493506
31.636363636363637
36.18707762557078
47.213589743589736
127.42294117647057
71.10212765957446
127.47781065088756
140.87948787061993
125.9916766467066
56.10486842105263
33.62733916849015
21.1504132231405
81.69697674418605
53.51124999999999
135.88878453038674
65.41186046511628
56.90733333333333
47.16355371900826
49.99875486381322
43.17304761904762
25.44718654434251
11.043021346469626
25.687886178861792
81.90556844547564
54.518767123287674
132.17685714285713
58.51564102564103
155.08878345498783
42.383128919860624
34.34811688311689
20.84992424242424
56.481390728476825
31.28181481481482
18.096535947712415
12.16770510613884
16.336461038961044
18.22186274509804
31.759482200647252
67.82222222222222
43.72120171673821
20.10285714285715
15.6941499330656
12.886115832546427
52.700882123341145
44.0779746835443
24.03652338811631
28.37304560260586
37.41617224880383
40.62925049309665
29.167316017316015
19.157291512915126
18.933636363636364
20.342659574468083
178.94365750528542
19.82908071748879
27.88248630887185
21.011083743842367
59.918571428571425
52.55170212765957
63.71961240310077
187.82412474849096
22.33284910588708
48.90851851851852
43.794368421052624
18.108679311556028
25.722806378921828
117.80356687898089
34.960740740740746
15.521354359925791
15.329767461889592
76.42934640522876
26.96390208989408
35.49037155669443
87.10783783783783
102.90169981916819
38.03162915326902
13.798119658119656
18.267807125307126
337.6590827740493
50.176336996336985
29.330086580086576
9.01091666666667
92.3428
11.983348756506654
80.79139534883721
29.88069230769231
180.1887394957983
9.149507445589922
50.679297935103236
31.089770114942528
9.205941605839417
131.46885714285713
128.6275366568915
111.01348122866894
97.78616858237548
86.3804347826087
155.87846153846155
124.592416918429
118.38230283911673
43.00216031280547
11.592528528528529
16.07748959778086
96.9723754789272
42.45933054393306
52.595467625899275
115.76777777777778
80.92668202764978
28.148974763406944
155.29038834951456
159.308779342723
86.58733333333333
123.26068322981365
47.39019607843137
20.101368015414256
20.590000000000007
7.906957595718406
89.65565400843882
78.55699029126214
102.87087591240876
85.68470085470085
116.95233009708738
172.13078602620087
93.01857142857142
55.543642384105965
129.61180758017494
33.15351955307263
91.45542510121457
83.43699551569506
85.28245614035087
108.31319444444443
126.9102380952381
67.47682451253482
17.0599746835443
41.509285714285724
100.09691449814126
14.18014619883041
7.870699622957691
60.70734428473649
112.53430757745429
11.370347394540946
33.35589655172413
11.682698412698414
45.93365942028986
166.30574660633485
9.531405458612976
3.012800480769233
10.92613182379252
75.60682509505703
99.20180360065467
61.381744186046504
159.19843601895735
180.66422594142261
108.06581881533101
275.78747599451304
80.13279069767442
14.606087227414331
88.16198312236287
92.53679513184584
19.458898254063815
8.850752020303215
66.2488888888889
13.530135004821599
20.075263339070563
162.06351851851852
3.315456740442656
10.528955938697319
66.50168539325843
99.64112781954887
5.019500000000001
15.814634703196347
54.25550335570469
127.47550898203593
51.18705882352941
136.08125348189412
20.692074746769126
109.52337883959045
17.16777587681779
18.14946741854637
147.0664285714286
132.5847727272727
3.843189189189193
51.343766381766386
131.67433048433048
109.52337883959045
18.12183557183558
29.870276625172888
7.339315300084532
13.696141102542128
81.53990825688074
127.11849557522123
133.1882857142857
6.996885644768856
12.523390243902437
56.29521885521885
102.78474452554744
104.57974729241877
25.27114285714286
30.14952380952381
2.4273217535153044
6.322594923431932
117.42536977491963
82.65272727272726
40.97836291913215
170.99087719298245
107.07905923344947
95.75249027237354
99.0330303030303
77.17884615384617
81.2151376146789
15.346518569150145
105.68642857142858
33.82021218961626
5.28866436880655
72.99949494949495
17.259523809523817
129.90942028985506
46.833689788053945
21.969586776859504
50.20056377079483
19.512597872821903
91.26764826175868
76.21522336769759
52.834597806215726
8.91015623150669
67.2424019607843
84.92017543859649
57.89844236760125
24.43998217468806
44.995322580645166
162.69175925925924
14.613721122112214
92.77775510204081
27.219682274247493
113.43533333333332
124.21819277108432
90.11416666666666
136.10301939058172
162.25472222222223
21.218674242424246
12.35662721893491
31.529285714285717
56.374927536231894
6.499191721132899
72.42021276595744
31.59430626450116
100.28357541899442
27.87975884244373
45.89409051349
49.41369602763385
105.00191489361701
55.642108843537414
135.86166666666668
167.9706711409396
23.632473347547975
6.30217197096594
151.17952618453864
36.87261083743843
90.38502074688796
163.38172413793106
36.66933604336043
156.4073786407767
13.737652173913045
15.46358457493427
34.43269979296066
93.49516129032257
141.20112299465242
66.08500000000001
152.67395061728396
32.582156862745094
77.71778846153846
136.9020218579235
14.87057471264368
203.07074074074072
11.480877021068107
59.777170418006435
165.10972157772622
27.322619047619053
8.207123427405648
21.087807855626327
15.794419426048563
10.473525835866258
24.249531388152082
100.81446886446886
148.47568527918781
129.67418604651164
44.74025562372188
6.588173515981733
12.802009925558313
3.8316017797552853
83.54223713646533
18.071853658536586
76.6371497584541
170.65334801762114
138.7179778393352
93.68548387096773
68.71837398373984
10.780647972716938
28.504804548685147
13.464845938375351
188.38390781563126
9.698466716529545
7.477041564792177
171.69776053215077
63.00809968847352
86.52805309734512
115.05064935064937
113.36090909090908
14.957864741641338
115.67586319218242
37.19924092409241
19.076656217345874
32.6236231884058
192.22646365422398
138.1916393442623
81.52636363636363
179.07796645702305
40.81038267875125
104.92054151624549
24.689189765458426
21.67665787159191
15.202857142857145
97.59138996138996
35.91836734693878
134.485
105.03345323741007
92.26586776859504
100.77384615384615
52.016140350877194
15.756666666666671
15.154620320855617
153.772427184466
152.07307692307694
140.37670212765957
12.839654775604142
27.218963350785348
8.271303643724696
6.144354838709678
6.806065573770493
33.74928315412187
28.153784570596795
19.77535740072202
64.72581395348837
5.696507936507938
13.83864161849711
25.117622999407235
103.35097165991903
8.912851153039835
29.14534161490683
106.53985915492957
19.247564870259485
28.820666666666664
38.16721461187214
49.367293233082705
11.025866261398175
94.54181102362205
71.63947368421053
121.84296296296296
97.2827559055118
61.55765432098765
45.51858195211787
16.18125174499767
5.627395348837208
14.53803703703704
73.88025641025641
17.501942688579863
17.94417107942974
82.00538461538461
6.968788437884381
72.24291666666667
21.003080168776368
15.85197076850542
67.6037037037037
19.970606060606062
21.759672131147543
89.51051502145923
14.430247787610622
8.813076923076924
92.80788617886179
4.246538461538464
131.366091954023
64.06524366471734
18.10681576144835
63.787551622418874
47.1004964539007
14.620312236286921
57.913645484949825
8.711800424628453
12.96769549952123
64.68660863958736
172.5838126361656
48.73799810246679
27.31795778364116
121.25154798761608
31.268294573643413
7.788333333333334
17.82259259259259
99.39060606060606
150.40293233082707
72.24015544041451
12.410771308928815
22.13372146118721
140.59679045092838
69.05150684931506
86.03289473684211
35.8707662835249
35.776385093167704
98.75228136882129
58.82658227848101
42.34794759825327
105.92115942028985
72.30124031007752
37.512841530054644
135.8742105263158
17.619801980198023
37.160297029702974
93.04698412698413
142.66257294429707
71.10243243243242
131.94953079178887
138.46727520435968
15.727681058495822
21.7769650092081
125.1670731707317
33.715185676392565
119.98235109717868
30.408865836791147
106.7131541218638
9.236053097345135
32.65368035190616
84.09864332603938
13.217557471264367
122.85897832817338
63.23914893617021
41.87986908358509
48.24190839694657
13.736344322344323
23.820419753086416
26.935436241610734
144.9849869451697
109.21758620689656
128.80443786982246
126.6050295857988
8.695716963448923
29.270519480519486
14.42812865497076
38.89180685358255
88.75085836909872
7.3991568955890585
15.34783659378596
18.856044303797464
54.28036349574633
69.8495652173913
25.06666876971609
50.43138576779026
33.663373983739845
107.32574912891985
6.0572932330827065
132.39666666666668
122.82575757575759
77.06766990291261
114.0371287128713
12.353068783068782
28.16070254110613
77.58333333333333
32.40424789410349
57.99928338762214
11.354769076305221
92.5680487804878
69.49888594164456
42.11589147286821
83.28683257918553
28.292356321839083
19.194285714285716
3.58836333878887
6.828763636363636
74.36114143920597
93.95771084337349
20.44447731755424
39.975251141552505
100.14078066914497
8.703333333333337
31.059653846153854
25.36648648648649
43.314033613445375
128.96473684210528
139.9354054054054
10.80669357669358
26.778767123287675
14.663098159509204
59.68544303797468
1.969856566562079
55.846666666666664
10.02569940146309
23.457785996055225
13.375730994152047
20.603893805309735
47.151519861830735
88.94497835497836
62.70832335329341
48.697559055118106
18.47840579710145
67.65793296089385
11.735142857142858
10.935722222222221
89.54799163179916
24.069674796747965
8.28318181818182
56.076979865771804
4.658248031496065
58.81820512820512
54.57422535211268
20.444814814814816
15.047410468319558
17.9188401826484
63.21651162790697
74.8080310880829
66.09994011976048
-0.47614825034491304
52.672404181184675
4.406413819725923
2.859510489510491
23.343134328358207
14.858823529411762
21.13826086956522
34.28177321668909
11.510746500777607
122.43038284839204
84.50131868131868
39.566
127.87652818991097
49.86262200165426
120.72312499999998
168.05669642857143
290.5606080206986
71.14649484536082
87.49203426124197
30.23062132266416
35.509015544041446
38.7607729468599
226.36169435215945
32.9750430504305
26.446019134775373
21.49984477124183
17.602491582491584
15.929199578725648
9.959450493795899
77.22846715328467
86.18856502242151
125.1422891566265
17.17795629299879
55.019333333333336
93.54274193548386
34.33593630573249
118.82924050632911
159.8347169811321
15.181379310344827
13.35974358974359
8.825446428571428
29.981422018348628
85.88662131519274
48.94918699186991
154.2642857142857
13.525270599707458
41.89762728146013
38.36543859649123
90.24958847736626
28.767283950617287
20.540686567164183
91.30645161290322
120.80540372670808
26.83721387283237
198.19409867172675
32.85378186968839
138.25276422764227
58.38253968253969
28.71945147679325
22.98827067669173
9.624611111111111
31.85966292134832
16.082063492063494
85.45093681917211
29.658333333333335
16.988602150537634
65.28689458689459
153.18794621026896
34.2255611814346
45.69
33.13055555555556
11.993940886699509
46.632295081967214
36.18723918575064
14.367971014492756
24.66402985074627
34.736666666666665
7.639374407582938
9.223529495380244
12.665362622036266
34.524362745098045
108.94971830985915
130.65443804034584
21.770799999999998
46.41843137254902
40.24139784946237
123.27437689969605
12.736660666066609
154.64522842639593
39.108333333333334
111.88217391304349
71.39923076923075
12.643422431865826
176.84155361050327
154.94669902912622
45.585928853754936
163.00160092807425
135.65395543175487
32.13068181818181
125.58820895522388
107.53245614035087
19.350745341614907
29.19292642140468
158.97844868735083
36.5736036036036
10.537565308254965
87.44
163.79556844547562
90.04
103.19175824175824
6.449812206572773
164.0791533180778
166.6010158013544
34.46963730569948
146.66082474226803
31.49447916666666
32.799890109890114
50.552481751824814
31.749215686274507
91.45542510121457
159.89046948356807
5.984610130904951
130.04317919075143
23.99625
7.1808233532934125
48.98691449814126
97.04467181467182
1.92101821373711
74.28080808080807
33.38064171122994
58.6869306930693
27.017555555555557
101.0
84.47
11.122246056782334
97.80691699604743
62.271212121212116
74.48939393939393
40.175565610859735
58.66692307692307
137.10835616438354
22.71693675889328
68.13579234972678
44.702268907563024
23.572187500000002
22.58492063492064
46.47032258064516
28.49534979423868
38.82508090614887
9.242664878157836
8.348918491163285
79.35398104265403
46.30772357723578
8.656368778280545
33.91920054200541
30.693531353135317
37.6126213592233
26.470463917525773
211.68001776198935
19.00386855568674
10.245474747474749
31.81710165484633
37.70628415300547
8.759277777777779
190.18833333333333
59.33686900958466
97.25236614853195
52.88960401721664
16.578072512023677
37.48601836844949
24.371007326007327
144.65545454545455
174.98818181818183
162.6098148148148
53.899510703363916
34.67675675675676
18.321223927587564
8.22935064935065
22.68970534069982
140.07591397849464
27.53571428571429
16.18192546583851
42.38984585741811
17.845882352941178
55.989555555555555
68.32
36.65758241758242
50.68167883211679
107.15923076923077
109.55424657534248
36.57141414141414
15.873759888320148
7.980833333333333
112.0794983277592
11.885217391304348
23.967641509433964
69.95882037533512
112.65738255033557
11.324358974358976
22.577832797427657
13.823333333333334
27.104945169712796
7.128092783505156
48.15713178294574
41.10573903002309
64.35942028985507
24.534168674698794
105.98142857142858
6.156539074960129
98.75228136882129
65.67685714285714
35.01639175257732
25.49113671274961
11.747803030303029
5.181331302003986
16.227222222222224
34.323516483516485
47.60692307692308
20.422547945205483
36.75952088452088
213.24911504424776
20.438049450549453
130.4844827586207
5.052082886745268
110.07
90.4617355371901
151.81726368159204
149.15060453400505
97.6754752851711
100.0476923076923
36.249489795918365
94.26444444444445
141.63202127659574
29.716494252873563
99.54846153846154
7.066277584204418
71.63309278350515
8.2517533557047
44.37094650205762
34.28609195402299
11.386228571428571
68.88760869565218
136.96447513812154
37.03980582524272
120.57851735015774
53.795850340136056
154.14215686274508
17.476332046332043
133.35849858356943
15.22130049806309
20.31701362207475
22.791841868823003
23.637283950617284
81.52636363636363
146.56958762886597
68.81430894308943
7.470000000000002
24.198713360074056
5.442804532577906
56.98933774834437
36.01699186991871
120.84204968944098
85.28245614035087
20.806326723323895
130.65971428571427
3.529254513686663
123.19553846153846
123.304375
148.9026530612245
2.6850700648923187
87.7695744680851
17.97272146118721
27.91027397260274
16.446622950819677
136.8964835164835
69.6741018766756
92.37617886178862
106.81135231316726
127.1105882352941
127.71096096096096
25.132011560693645
123.70037037037036
146.91591836734693
56.9315112540193
22.245750915750914
42.86323144104803
144.67689295039165
35.17680365296803
18.847032053818754
22.12678431372549
16.33724294813467
77.87693069306931
102.39715328467153
63.377897897897896
77.63952380952381
52.171007194244595
143.31283464566928
109.50058823529412
130.99389684813755
109.08037542662116
58.318977635782744
82.38454545454545
24.237672514619884
133.87902506963786
116.81829581993568
94.68587301587301
94.59078431372549
59.41791798107255
144.05614173228346
58.383548387096766
16.860818565400844
21.750000000000004
101.9560294117647
21.405000000000005
18.05164858599907
22.069731182795696
28.218039372173447
54.95168363136176
7.030701176364875
184.47909836065574
44.29793103448276
51.80439226519337
47.61781846635368
132.4815759312321
67.83677716390423
7.370430004777834
37.48203703703703
55.241892183288414
25.05236947791165
49.60104089219331
11.239688720856964
130.99389684813755
12.700586611456178
69.6741018766756
152.84418719211823
86.68240174672488
45.02059251559251
19.372972972972978
58.55433549432739
49.9304247104247
13.890763293310467
48.149022687609076
23.833411693791437
74.28004926108375
38.373427970557316
22.023015873015876
81.70618172537007
32.84248756218905
31.33453955901427
113.92222591362125
106.39172661870504
11.265034482758619
52.413661971830976
138.00597826086957
123.62714285714284
78.25439024390245
135.84152354570637
51.84981818181818
56.32509933774834
66.84454545454545
54.56283783783783
41.44528634361234
128.26716814159292
7.4885459662288945
136.9289010989011
99.63507462686567
15.244613434727505
27.55076051779935
141.78544973544976
29.886473829201105
54.1954794520548
95.28490196078431
13.792725440806048
20.716810344827582
9.08307385229541
108.2302787456446
194.5496875
123.39293577981653
31.153953488372093
99.34590909090909
44.941686746987955
14.22727310333416
149.6143216080402
43.60255506607929
117.53089743589743
6.615062695924767
25.280784660766965
78.59037558685445
116.7803536977492
148.49075949367088
80.4346511627907
113.75404958677686
51.12971014492753
16.13
20.700501872659178
14.18837398373984
64.58860465116278
80.78211009174312
71.935625
55.24616438356165
51.50999999999999
57.04934640522876
82.48892857142857
20.621083844580777
88.27869565217392
4.5077704547594415
101.67893772893773
22.04989361702128
100.65455882352941
60.544634146341465
82.38454545454545
55.96333333333334
60.97331288343558
7.851489361702132
11.670202020202023
60.834720496894406
6.58206919494345
76.66826923076924
68.7844385026738
61.33913580246913
86.5246255506608
45.72888888888889
67.46016759776535
101.79423357664234
34.46399267399268
15.433333333333334
44.7574193548387
38.083084112149535
60.771249999999995
21.030805755395686
14.824415584415586
20.147192982456136
72.05854166666667
55.0845205479452
18.069038461538465
73.45938775510204
82.98982378854626
28.04689708141321
61.22647058823529
101.67893772893773
10.72630434782609
51.21521739130435
34.99567567567567
47.852941176470594
12.231254355400697
7.656100386100388
46.96798449612403
66.4721978021978
19.88714285714286
47.60829457364342
10.096140127388534
65.6588888888889
5.935038759689924
39.63275229357798
89.77808510638297
73.60889447236181
48.733703703703696
79.33037735849057
40.35035714285715
59.60926829268293
3.7568927973199315
100.98736263736262
66.97513661202186
69.77814814814815
78.22712918660287
64.93666666666667
30.962549019607838
78.16150943396227
81.7917381489842
153.6495599022005
0.7957834757834767
18.627977695167285
24.79779220779221
167.0827027027027
54.15516324981017
235.0741800643087
52.27516431924883
86.35362068965517
108.10833333333332
168.4458389261745
121.01808777429466
21.2221088794926
183.18061224489796
57.9943692741367
53.324137931034485
149.6259493670886
54.11464419475655
16.154695498676084
50.6430303030303
30.44211798152097
23.22797817047817
221.28205479452055
43.15927536231884
117.34948553054662
37.340526315789475
184.50327868852457
113.05335570469796
170.88950338600452
69.90301587301587
72.66711340206186
41.64480686695279
54.223114186851205
7.75541153470186
130.28103448275863
123.19049382716051
9.231333951762526
43.22385206532181
32.21764044943821
27.398238434163705
151.54089108910892
25.303676470588233
53.23060606060605
140.5036
112.10302013422819
7.735093167701866
18.71166371681416
30.391951219512197
50.78768115942029
116.46818181818182
22.98803149606299
19.094519083969463
122.74339449541284
96.94626459143969
11.481453067257945
22.058333333333334
147.25410256410254
138.71668463611857
54.10140470766895
79.53215962441314
93.72076305220884
39.112367601246106
84.38734513274336
34.45834498834499
107.94903114186852
22.72155835962145
103.68516245487365
39.068246445497635
46.10956175298804
24.765428571428576
4.145613147914034
99.16712121212122
80.4165402843602
9.39903361344538
130.01720930232557
109.75630136986302
14.15002522068096
112.17666666666666
85.48497797356828
67.44472527472527
88.59473684210526
134.36333333333334
90.01770562770562
68.15881720430107
79.86983833718244
184.71260692464358
44.78040293040293
3.5790033500837524
9.312727272727273
134.2734540389972
31.657458498947864
51.10823293172692
20.307504261847935
70.89757255936675
13.268272921108743
132.88213483146066
18.073108003108
57.15410256410256
13.139905223716113
80.25234741784037
156.93380952380951
68.26405405405404
29.885330634278002
129.5316184971098
43.512352941176474
121.68490683229814
100.60185185185185
118.54424836601308
18.870362811791384
106.63333333333333
24.13489051094891
123.09504559270516
75.96562189054725
19.04984029203742
189.86055555555558
163.94688073394497
11.63904761904762
110.35838487972508
146.81106870229007
150.49636815920397
155.55
17.48859459459459
79.37034965034965
61.269999999999996
120.48436532507739
81.00824884792627
152.55740740740742
15.339230769230774
110.80698630136988
5.798350168350172
12.382114695340501
35.656666666666666
113.67078947368421
73.10654822335025
48.700656934306565
62.6383435582822
119.9072327044025
21.201294117647056
65.40333333333334
32.428683127572015
68.89460916442047
112.27682274247492
88.48982758620689
99.84885553470919
95.19505928853755
97.59692307692308
64.99243954480797
126.66293413173653
23.36064264264264
208.35578661844485
24.895305135951663
10.118245398773006
34.36761904761906
10.854781297134238
111.50719298245613
66.80333333333334
120.74009287925696
43.82737704918033
35.10473684210527
123.46510703363916
68.6082320441989
113.32144736842105
25.820080321285143
4.799220711297075
80.50757009345794
62.346626506024094
68.84964912280702
135.77614958448754
146.39071246819339
113.0017880794702
68.05391304347826
77.44853658536586
112.27682274247492
24.31179104477612
124.83171779141102
111.3727397260274
86.41382978723404
91.26634854771784
122.87984802431609
39.74365079365079
110.2845945945946
25.995
66.65509749303621
29.38458598726115
97.4244827586207
47.470454545454544
134.34899159663865
95.49354838709677
66.53483146067416
4.360141843971633
56.86881744271989
28.2878431372549
62.47321428571429
21.72619691119691
122.65993865030674
140.10750677506775
170.38955654101994
5.95074303405573
105.54588652482269
65.90505617977527
91.35142857142857
149.29921914357683
123.5481707317073
56.43679625629949
79.6643396226415
57.642246065808294
10.997787610619472
60.937230769230766
17.052343987823438
16.539583333333336
56.18338870431893
48.613157894736844
29.508314720812184
9.57002547770701
8.648014545454547
12.756386861313867
79.60867924528301
127.82333333333335
76.83854368932039
10.328362068965522
116.21122186495177
31.61039215686274
8.214213733302085
4.195908957415565
4.531705593484251
72.48471502590674
1.7574603174603176
22.385497925311203
5.420806451612904
40.209210526315786
93.38282828282827
132.8218309859155
72.60218855218855
55.21678624813154
27.831212121212122
146.7818158567775
-7.089489201877933
283.20813333333336
239.43436018957345
133.35849858356943
27.438381077529566
42.765942028985506
37.08743271221532
58.390928270042195
46.51027850304612
47.37171428571429
10.653809040121889
15.819333333333336
62.78312883435582
63.41289156626506
245.51553846153845
56.47187997107736
90.61850931677017
36.66440568475453
90.39893660531696
61.73806646525679
128.6197076023392
24.225652173913044
7.583377192982457
6.138814016172507
130.11463768115942
58.8639240506329
153.76069306930694
109.99343642611683
66.51111111111112
47.424721508140536
179.34281183932347
19.536013986013987
117.83920634920636
170.59886917960088
10.272608356110897
27.256455794659058
54.40508232118758
23.046823176823178
9.243753068980592
148.70533276692154
115.70803278688524
172.87459869848158
193.49619883040936
33.80234932349323
29.10236704900939
14.268292191435773
34.56861061419201
5.627635467980298
70.60321657910099
45.02470181219111
93.23428571428572
46.169113924050635
16.662354497354503
8.277744107744109
27.304109589041094
34.14355785837651
18.08956043956044
41.52977777777778
78.82270142180096
83.70288888888888
33.74900436681223
134.55232044198894
8.083396226415097
67.73326086956521
13.315303030303031
158.07467153284674
68.86243626062324
38.00118822292325
64.85295128939828
7.134207746478875
91.46358024691358
151.14213930348257
109.87753424657535
58.87392638036809
8.157855608079071
30.202023809523812
9.774633228840127
9.228743083003955
47.903383458646616
7.104703541583767
106.8057785467128
79.11306722689076
173.8632456140351
152.16950248756217
181.05921161825725
108.96979238754327
135.06549295774647
13.111746031746033
4.545393459552496
50.593863636363636
304.8984289276808
15.354867380176827
236.35197767145135
90.67438155136267
0.5675431020381474
13.643454545454546
11.294311594202899
48.85176748582231
36.49997205588822
118.62535433070866
7.139238980716254
7.022273616794166
95.47203125
1.6037382559216624
8.422073744122745
88.46179916317992
4.128633540372672
20.710335664335663
176.86872340425532
19.787455460071268
63.39818713450292
5.448367408753597
7.538232860520093
27.681411167512696
11.841215510812827
193.48058823529414
31.388193891102265
77.47095238095238
8.679592760180999
9.097277440566515
30.67309307875895
256.31541973490425
134.08456582633053
34.09078249336869
195.23687258687258
67.10409836065574
36.667968253968255
55.386444444444436
158.26410926365796
101.16138576779026
38.1784388185654
178.94365750528542
157.52380952380952
24.468299319727894
244.63000000000002
116.50974358974358
171.4717391304348
50.44565217391303
26.522567567567567
13.941578947368424
37.72466927592954
101.99941176470588
26.493886397608367
43.087726838586434
63.99624277456647
11.821532498509246
131.27529411764704
11.41076276664512
102.55509090909091
205.9400552486188
99.51501901140684
37.74445544554456
91.41323651452282
191.28254901960784
97.038093385214
13.092291079812206
181.6049478079332
4.023125000000004
146.31615384615384
12.811948398576515
45.32838709677419
160.83504672897197
3.6562063674721905
6.020714285714288
82.829009009009
124.27372372372372
67.05333963453057
94.10459016393443
41.30724137931034
160.23303317535547
70.98261096605744
23.924328358208957
104.97
71.60061068702291
145.5314814814815
150.94411471321695
100.80782771535581
65.69031339031338
85.97818181818181
38.09670995670996
36.672562432138974
75.17308457711442
130.1793103448276
126.16080118694362
36.73508771929825
43.92187265917603
118.90343848580443
34.25793333333334
145.77025839793282
84.14866666666667
22.291639344262297
56.36417218543046
31.01209827357238
36.61233995584989
38.555950054288814
18.46488386308069
31.76252747252747
8.239914129586264
89.0995652173913
30.48613725490196
31.79779026217229
115.81688311688313
13.24657657657658
107.24619718309859
9.086564534661047
97.18846153846154
65.69822349570201
14.218484848484852
73.95303030303029
22.0712734082397
25.007896613190727
49.95285256410256
95.3164
76.98502392344497
35.741025641025644
127.93545454545455
84.07
122.75424242424242
119.53873417721519
87.44
50.87461538461538
24.91714285714286
20.22047328244275
67.33055555555556
39.68688610240335
211.9542477876106
110.68324324324324
5.978246032569238
12.716516290726819
70.70518324607329
108.06736111111111
148.22189873417722
162.22813519813522
30.78246268656716
83.75533333333333
99.38264432029794
171.35315789473685
17.078526011560694
7.886697645600993
81.55523364485981
139.5845945945946
105.58462897526502
67.56513812154697
73.3361855670103
28.56466666666667
0.9279041248606497
38.339615384615385
139.20972602739724
53.79805555555555
83.07325791855203
19.242962962962967
20.826657534246575
79.11744186046512
12.52312679288583
44.79951807228916
19.297039800995027
22.291340482573727
75.691
34.34306666666666
29.134601226993862
54.706168929110106
113.10247524752475
77.30463414634147
28.677041942604863
171.1471806167401
149.19040100250626
169.51062360801782
191.71644400785857
9.61919254658385
82.45765237020316
101.4265543071161
43.680804597701155
27.612592592592595
32.407979942693416
85.23609865470851
12.820974025974028
86.74844155844156
168.55143176733782
25.74544217687075
11.820275779376498
23.87512820512821
28.683369963369966
15.125366336633665
20.765869120654404
23.056574132492113
30.757579952267303
105.265
36.069867986798684
156.56465346534654
82.93531531531531
107.38702127659573
16.67213060686016
41.16266666666667
113.21930693069308
93.79619047619047
83.89027649769585
9.808861313868615
61.38698795180723
25.893717357910905
37.206601307189544
152.03039408866994
144.0574345549738
42.3981503461919
48.060769230769225
94.86843137254903
128.27988095238095
19.575553719008266
44.465
44.59725469728602
32.887932279909705
114.399
33.262264699306954
46.47209486166008
197.67910815939277
76.19797385620915
88.46795698924731
3.8437965260545894
153.8562407862408
123.09429447852759
53.11170473537604
23.989682539682544
23.613637630662023
29.33623017902814
31.731762177650435
17.876139534883723
57.35947894361169
110.94999999999999
42.869619047619054
14.333159097400742
42.10737089201878
93.59737588652482
18.578142474147835
28.313736263736264
80.39976798143852
103.56971014492753
160.4369976359338
15.818379754417489
163.10148148148147
111.61757679180887
37.31636363636363
5.0927283105022845
111.30142857142857
13.793007518796994
142.51864864864865
86.77062780269057
85.43892857142858
125.65060606060607
116.27662337662338
43.91
19.59649572649573
124.46640866873065
7.211160151324087
32.757988826815634
124.57850299401198
38.10875139353401
7.287579787234044
55.52261744966442
123.86204892966362
98.14546874999999
99.52469696969698
163.1358275058275
94.6084
2.8331239935587753
124.63716417910447
47.674800000000005
62.77695652173912
11.649346572709803
35.94846938775511
31.13978260869565
104.39676258992806
96.53303501945524
115.07366013071896
130.9980924855491
20.271888246628134
96.44120622568093
110.85238907849829
47.47290836653386
31.611245421245417
5.703714953271028
86.89353982300884
86.43173913043478
123.49245398773004
30.34518927444795
53.71054794520548
156.86478260869563
87.86324894514767
18.860203619909502
18.81789695057834
4.777995495495496
102.97564102564101
4.171828771112406
19.64791666666667
84.96155555555555
7.793219013237067
40.11328275164391
88.99389473684211
234.0748387096774
233.89797427652735
16.41271729957806
18.607886044591243
85.48937093275488
65.17487895716945
10.436653910149754
16.04272567922875
20.333216494845363
41.88891862955032
38.614124087591236
3.415191814330889
7.5575161349806415
181.17336798336797
165.88182844243792
73.8883950617284
10.760956146657083
27.00494623655914
257.3656342182891
84.23070796460176
12.95297135662575
13.102787234042555
16.590050272308336
24.20837125748503
31.15315521628499
34.65229885057471
4.342379310344828
11.6429710982659
59.386708860759484
79.4047663551402
21.041887875717666
24.943382436260624
149.23759493670886
27.973030303030303
124.18454545454546
179.9375
58.77255747126436
54.014089347079036
10.16793156478278
70.71465608465608
24.72984639016897
7.758055964653902
72.11969072164948
24.342139941690963
43.63124414715719
124.94891238670695
128.09810495626823
132.13
63.94005730659026
66.4721978021978
59.480625
59.626168224299064
36.54754452926208
49.46358208955223
9.071197352587244
135.95637362637362
11.486619718309857
64.42782608695651
55.62178807947019
6.3755602665051505
91.04685950413224
100.86791044776119
23.403529411764705
83.48982142857143
72.30692307692307
57.482278481012656
6.738188034188035
50.82850746268656
17.96827160493827
61.46438438438439
199.81395437262356
150.84654135338346
90.2910743801653
74.09377892030848
13.759240506329117
54.65196969696969
111.79705479452055
149.33827067669174
40.39554411764706
5.937437037037039
170.44188470066518
30.51809523809524
18.344476961394772
15.892477911646584
36.05881773399015
29.388553459119496
96.30346303501945
10.209100529100528
44.400000000000006
67.41260869565217
5.517237107461828
121.38015384615383
0.07585931834662674
11.08586542718017
30.17412698412699
11.164299711815563
32.96197802197803
44.655698151950716
114.79539440203561
63.60973025048169
70.47608294930875
90.64701030927836
190.37653465346534
33.20536353829557
174.6013043478261
37.686039603960396
131.39962750716333
47.996041257367395
15.145622009569376
47.58136398585269
81.31418013856812
264.6760258249642
126.0322619047619
27.439477124183004
211.91085106382977
17.01102990033223
28.748749999999998
117.29019543973939
200.58804511278194
163.10788990825688
183.45372188139058
59.70526645768025
22.828853658536584
150.385175879397
98.07927756653991
119.50619047619048
29.54515151515152
37.58666666666666
55.60026315789473
19.681428571428572
19.784865844815084
89.85481012658228
53.231818181818184
14.852154540327131
54.65883959044369
17.345095103197085
76.47495049504951
107.87482758620689
74.452
129.68061224489796
6.000582010582011
99.63980842911877
34.31885644768856
33.52007092198582
87.33283261802575
21.04563829787234
164.48272727272726
136.63714285714283
14.231699948796724
34.817234042553196
146.2747300771208
70.58978835978837
88.60948717948718
91.7363829787234
143.90157894736842
127.29654761904763
118.79402515723271
11.133838383838384
157.13187050359713
14.988915989159896
37.65970588235294
133.5557142857143
63.99624277456647
59.22229813664596
0.10011583011583092
6.849569185834245
2.7888231221876083
8.66546885391266
109.54141868512112
24.28469696969697
94.73453125
86.59519480519481
26.01095890410959
30.800544488711825
33.74099360341151
137.80475409836066
30.476510339734123
21.694485623003192
21.087862318840582
66.12235294117647
181.35543933054393
20.415944676409186
9.35030036630037
21.011794871794873
42.706086956521744
25.467133956386295
19.391963898916966
13.731320574162677
108.48517241379311
8.945410978797561
27.16738853503185
86.02130434782609
54.3484175084175
21.100672268907562
40.83504504504505
49.456015037593986
139.82215053763443
37.16803921568628
37.75
24.177639405204463
31.251466666666662
140.82837837837837
30.55266666666667
56.6022268907563
172.00008771929825
36.629000000000005
71.86046922608166
32.2542735042735
67.37254335260116
5.642837420152485
27.325336700336702
9.117147335423198
9.049006745362565
10.750113636363636
65.87834964122636
17.984178743961355
14.323333333333334
152.962039800995
8.334009009009012
3.636203645505976
121.83606811145509
35.14498207885305
56.11780701754385
152.47554455445547
81.46751740139212
129.02696793002914
148.64012658227847
9.69560393258427
14.78654761904762
52.884818565400835
41.93815663801337
15.910294930875576
14.83068862275449
35.41526315789474
135.05167597765362
83.65637168141592
39.12217391304348
134.69670454545454
19.56682269503546
55.16023598820058
106.55939501779359
106.37685512367491
25.481937269372697
108.74602739726028
212.30298747763865
80.44358490566037
47.002788844621506
176.98699570815452
11.993762176687941
39.69934959349594
14.884024691358025
38.53135105204872
71.87416666666667
19.13301886792453
50.97496370235935
94.12233201581027
17.670291262135922
74.85890818858562
158.16383886255926
99.18598455598456
12.421480017566974
31.65669278996865
199.92333333333332
31.738505747126442
36.037818586533106
39.60271983640082
7.308678899082569
49.815641025641014
23.279629856225146
173.02010940919035
26.849459459459464
22.532752023546724
111.75145695364239
26.71681547619048
68.41574931880109
16.033874570446738
6.116177112408021
146.82219638242893
18.178412698412703
34.43328630705395
83.70053571428572
34.60275058275059
47.93279232111692
70.89507772020725
9.847581468394186
33.16362110311751
7.256019271948613
20.366677571792078
110.47953020134227
21.528383838383842
3.840686602400158
99.41492537313432
22.792878048780484
155.58759036144576
188.56844311377245
57.67382165605096
78.00526570048308
22.081407211961302
116.67524590163936
190.96069306930693
179.5286610878661
42.06478260869565
32.34318295739348
148.77517766497462
7.523557422969187
163.4266355140187
6.7865882352941185
134.75502793296087
22.810217391304352
4.724670015985385
51.09571428571428
141.5670822281167
110.88256756756756
71.13666666666667
18.19850550964188
44.55844036697248
68.65379310344827
108.53364261168385
151.23911392405063
110.12747440273037
129.97497109826588
76.0155
17.02022831050228
79.3726224328594
80.15291666666667
128.9517391304348
45.61766816143498
46.281937984496125
42.3288785046729
135.43555555555557
21.45667567567568
63.99624277456647
13.962339181286548
33.57901138952164
12.285577271082158
4.1007539984767725
75.96562189054725
41.37598290598291
29.196547987616103
115.12770491803278
116.17917578409921
15.25555810748737
112.55307692307693
12.443208137715178
143.8703149606299
96.37153846153845
30.86254501216545
109.05713286713288
29.977309236947793
48.60484848484849
42.87507575757576
165.0512356979405
23.893259259259256
14.799172354948805
49.79611528822055
70.79161290322581
8.065602944909877
136.29914127423822
122.06148148148148
21.696165413533837
93.19162601626016
66.66910614525139
64.26907514450866
112.25533333333333
22.455580057526365
51.18918727915195
113.62695364238411
15.306756247053276
78.35710280373831
111.52698996655519
20.577630522088352
89.98251028806584
54.33069444444445
49.73999168744804
27.164434845212387
121.03235294117647
13.270533333333336
72.48425287356322
26.3962137049942
97.45114068441065
14.621428571428574
4.345977480100952
142.04301837270341
46.30885375494071
118.19815286624205
4.650995670995673
70.12623376623377
34.732542955326466
81.55530751708427
20.88641025641026
70.98319371727749
28.197417131604855
237.2101898734177
99.13097744360903
86.32170305676856
57.83852411807055
6.641712158808932
66.85571602681293
64.59531270148291
250.80864661654138
207.4236231884058
100.38333333333333
34.027851428571424
60.381454418928314
203.94933456561924
13.644325032765401
18.829215686274512
162.93759259259258
149.05835443037975
150.1039240506329
40.41202127659575
65.84542857142857
121.41975270479136
127.7005882352941
165.44913439635533
37.27663771712159
5.770749829584187
23.159756706175923
193.37640776699027
133.73000000000002
199.0814177693762
47.931023622047235
163.97009132420092
88.80924050632912
11.699739292364992
129.63393063583814
4.77090041223693
9.286047587574355
54.801855136733195
25.566438356164387
8.456858054226476
81.47466970387244
64.59852272727272
39.462500000000006
173.30246753246755
55.997785234899325
109.80529010238908
14.06055162659123
24.49982456140351
176.19206896551722
84.22733333333333
147.291475826972
71.73485165794065
155.17582524271845
93.2868
100.86791044776119
49.92082314588427
73.0590909090909
133.08101123595506
157.38654676258994
52.40333333333332
9.744417670682733
20.71136842105263
7.477289377289377
5.70010752688172
17.31843537414966
178.245
118.16057324840764
83.92266365688488
87.3523044397463
27.52245614035088
27.72947368421052
86.557130620985
257.10020527859245
25.505603788476716
20.780218068535827
141.1451742627346
75.79343234323433
6.760966143682907
151.31178660049628
20.145
90.71934426229508
14.883333333333336
23.61716932907348
5.911218317358895
70.40248677248678
31.405503875968993
16.84760942760943
12.194129793510324
220.19470187393526
53.52928057553956
143.21842105263158
36.26650485436893
90.2125
97.76520912547528
24.057428571428577
17.914886634844873
95.63629032258063
13.567215130023637
17.578575875486383
14.955079365079367
31.795817245817243
7.488544600938969
55.44499999999999
24.52716606498195
65.03431818181818
8.71523674911661
19.681403508771933
79.72116279069768
9.490228034875923
8.380679908326968
25.996270903010032
49.230606060606064
17.40193984962406
70.52208333333334
64.40549132947976
55.04006802721088
86.77575107296137
34.437002398081546
148.94254408060453
13.168496732026146
83.42535469107551
15.327714285714286
17.632251082251084
10.941023255813956
45.601632653061216
22.32269841269842
32.75788586251622
23.493458110516936
112.31628762541806
131.43900284900283
112.35756756756757
73.06521739130436
16.84998356074306
85.51324324324324
31.74174129353234
13.40413857677903
163.03914549653578
11.651559233449479
27.50616438356165
18.111212121212123
10.290115501519754
11.28304213374565
44.41711812627291
67.57016079158936
9.297035092567011
16.351230442853357
160.05735849056603
178.99882352941177
26.536301369863015
112.6969798657718
45.804065040650414
10.889239226033421
70.33526315789474
9.202388101195442
122.27445820433437
14.891788944723618
158.30364928909952
90.2125
124.10838006230529
12.651266651086704
97.84175572519084
72.88604278074865
82.55511415525115
20.307394957983195
18.26691387559809
11.583568075117373
7.200735930735934
6.2802385321100935
87.33283261802575
96.14999999999999
80.50757009345794
173.37332613390927
8.833439366578691
51.38623188405796
71.87331606217617
42.27547409579668
145.58731266149871
74.9676119402985
46.24396825396826
3.76536453790742
58.13725039619651
18.79393162393163
8.491595358955767
62.270759878419454
4.407388888888889
9.575331799002686
5.554426186750131
34.70089605734768
8.011142857142861
51.180476190476185
66.05222222222223
114.60236842105263
29.660781893004117
29.35982456140351
37.336228941684666
5.280712250712252
114.97178217821781
51.97514647664292
69.85716577540107
211.4494671403197
42.74715586690017
27.884751773049647
70.08807387862797
154.31243902439024
3.898586206896553
82.11144144144144
3.390510613884107
26.374657534246577
17.302087912087917
48.768919368246046
127.31882352941176
86.13545454545455
131.29819484240687
21.855199222546158
11.444121951219511
54.146855345911945
44.22763948497854
44.37769797421731
65.1135294117647
47.86808988764045
19.36474809160305
21.609062209842154
8.449444444444445
12.376820388349515
30.78356679636835
3.0514743589743603
122.2255828220859
129.98290697674418
22.720693739424707
141.19265957446808
41.30225274725275
113.05976744186046
31.50666666666667
10.098614431164233
10.414990536277603
133.13760563380282
152.59237623762377
30.944666666666667
58.927499999999995
84.17464285714286
47.53514170040485
24.882628205128203
58.74312499999999
62.37385093167701
9.650299145299147
115.9221052631579
9.08482939632546
33.73968553459119
18.300388349514566
112.23735785953177
81.42255813953489
5.310141105713626
63.070238095238096
5.592307545367717
65.83786127167629
32.82348484848485
40.09689922480621
59.056270096463024
22.098196721311478
36.57213930348259
185.92215605749487
45.54666666666667
66.63426966292134
56.86096774193548
125.79363636363635
231.47766233766234
164.3033333333333
27.088079470198682
84.69512415349887
20.283333333333335
48.39793650793651
49.55968560200071
110.24933333333333
6.04235341365462
5.433246203634553
64.88347578347577
11.404
4.85577639751553
17.424626403406894
18.575517241379313
100.04071729957805
39.755859030837
12.62267955801105
23.401168831168835
19.706444906444904
14.179326113116726
111.13713725490194
56.35587848932677
64.41333333333334
76.22222748815166
6.666884022443757
21.472105263157896
65.93760869565217
60.01546325878594
54.08134687735139
24.354879879879878
12.338526486236415
139.60725067385442
130.83289855072462
52.07758007117438
130.80616279069767
90.85122448979591
212.1239222614841
2.566654199251957
82.56834862385321
11.375563093622798
23.261832061068706
13.59010314595152
101.17611940298508
1.964147021546264
18.61743610223643
11.545675675675678
24.657037037037032
7.303636363636361
125.81065281899109
11.1116062992126
28.743636363636366
110.63
74.0660824742268
151.514
38.90692307692308
52.9831506849315
104.24872340425532
104.34469534050179
49.5076119402985
8.919599999999999
33.124559585492236
27.873037974683545
166.76607142857142
10.467967722653917
78.29088669950738
65.16722222222222
56.64558441558442
12.247767955801109
54.28052631578947
55.806
6.682962962962964
13.205538922155693
20.940571939231457
122.89551083591331
94.0892
134.63501392757658
27.18439716312057
136.02120879120878
18.527880184331796
65.52777777777779
45.78331516802906
47.76927083333334
122.63513761467891
82.91047404063205
34.92558685446009
48.33361216730037
29.010394736842105
25.400097276264592
58.39437699680511
118.9053459119497
27.15885852090032
19.116154721274174
10.96144684252598
74.12148337595909
15.388010041077134
123.97030581039755
93.53120481927711
45.36081632653061
94.042
24.29716312056738
5.770449378799892
32.703065099457504
55.25059602649007
31.72257142857143
173.60896103896104
28.738148148148152
50.2730894308943
111.93849315068493
194.0750965250965
99.99601503759398
9.354904214559387
144.47155844155844
22.137829457364344
40.36999999999999
19.303019824804057
6.153367263843652
25.552139037433154
18.170693815987935
86.10991341991343
34.859745811669555
23.836756591048438
22.66790262172285
17.01754188330445
95.58601178781926
184.34720739219713
6.634115226337446
127.96088235294116
10.75941272175464
79.78336606655755
15.671863455693245
34.56908390022676
32.485925925925926
8.736986597492436
1.8809682187730985
27.602379043801893
4.676363489237744
46.5643775351014
31.5418404535331
16.682753623188407
50.10094428152493
6.514712871287127
7.0131510224193185
81.68727272727273
15.162443559096946
25.473052023121387
94.591683991684
172.50369803063458
116.55990228013027
178.50063829787234
93.8144262295082
32.582156862745094
152.18346534653466
328.00664739884394
117.42472312703583
43.25935779816514
66.62222841225626
78.3701923076923
39.8931455399061
14.550847926267284
69.69918918918918
18.203333333333337
11.242210884353742
65.02666666666667
166.22590909090908
73.803
53.67
16.29509677419355
32.5049063670412
20.11433537832311
113.55333333333334
82.7560090702948
21.27431539187913
51.32766423357664
76.89581280788177
14.514783715012722
26.771034482758626
28.48730496453901
48.56875968992249
168.17234234234235
18.38878884462152
153.32257425742574
27.412577030812326
4.642834376448775
95.74859375
40.24497435897436
122.57830769230767
67.34460012795904
30.5180194647202
64.51011976047904
49.84220588235294
153.59185819070908
73.74168384879725
39.0623826879271
4.680340136054422
1.958502590903052
58.704743589743586
31.49692307692308
93.59032258064515
40.987391304347824
50.03597014925373
87.40379912663755
160.15329411764705
53.63416666666666
34.07475935828877
125.05586102719033
14.470930232558143
7.552541254125412
182.38850931677018
31.411350148367955
5.874056847545223
46.2222463768116
32.862468384074944
29.918398058252425
13.763529617946023
142.81907161803713
16.743556561085978
7.693703703703704
55.460875420875425
133.2251820728291
49.547490636704126
16.746
21.283333333333335
20.519803921568627
145.69761154855644
27.177851690294442
72.33793650793652
31.65038243626063
141.53578249336869
14.944022988505747
7.450275629056637
157.85195704057278
65.04264367816091
71.4748051948052
141.6197050938338
58.65827476038338
118.00772151898732
6.359811320754719
36.73907103825137
59.12241379310345
31.9406037735849
133.89334277620398
50.78777777777778
44.275555555555556
123.34610942249239
34.00235772357725
21.5461507936508
12.783049482163406
141.94267904509283
26.382896358543423
73.51959183673469
15.684871794871796
143.56319371727747
6.044508717614466
7.292589285714289
18.79162027608056
11.606019690576655
18.211190476190477
28.018376068376067
28.604285714285712
128.77647058823527
171.8448245614035
87.77600896860986
73.82061224489796
20.549785714285715
76.49463768115942
107.65763888888888
34.05582403965305
151.28250620347396
66.53240997229916
31.711379310344828
50.32761904761904
35.74796234772978
37.96763855421686
7.713446601941747
8.947753623188408
130.31601156069362
48.632239185750635
84.91626373626374
40.54236399604352
51.26795539033456
125.68107142857144
43.39307692307692
47.202799999999996
53.660140845070416
25.1312660944206
44.40162393162393
12.512222222222224
68.79141304347826
63.352636248415706
27.335938606847694
151.12067331670823
8.447824648469808
138.71141304347827
146.28860465116279
31.80526315789474
35.74546853146853
48.95360655737704
27.79228434504792
18.02406658238517
53.158439716312046
117.97031746031746
100.99562737642586
49.795745950554135
28.777084832904887
7.611859711170055
65.72022662889519
33.32338253382534
55.18238907849829
19.281446540880506
24.78971929824562
55.46511111111111
132.5491977077364
10.628805774278216
42.21043835616439
12.380779569892471
29.816341463414634
138.22078590785907
45.63944223107569
14.816886836027717
142.39699738903394
5.6245839598997485
48.96452830188679
108.60031358885017
19.131650530198247
79.34284382284382
122.0187306501548
194.5187427466151
57.23378378378379
62.70030303030303
17.80002487562189
14.655481296758108
19.810789473684213
141.122688172043
202.32165120593692
104.22697841726618
138.01713896457767
8.90080808080808
8.36180361757106
19.694285714285716
132.54771428571428
28.80902439024391
54.52257839721254
111.78306122448978
120.98124999999999
38.958737864077676
31.44981586402267
12.452446483180431
106.66450704225352
115.76777777777778
154.51508557457214
9.47698550724638
50.423284671532855
78.25761904761904
119.75880503144654
9.876153846153848
6.563877766069549
49.85666666666667
106.50829787234042
82.65272727272726
78.82943396226415
