24
35
15
24
15
17
33
55
45
52
196
86
49
56
53
12
15
50
7
12
6
27
80
13
47
51
35
38
26
53
29
18
32
63
31
32
35
58
6
144
32
85
119
17
42
106
15
148
51
27
13
14
324
64
40
276
18
26
99
17
27
72
9
186
15
38
17
86
32
78
263
55
17
45
10
66
9
73
55
11
38
44
30
23
102
105
22
231
107
20
171
116
38
9
10
148
20
69
43
13
135
153
151
21
108
252
80
10
84
11
26
13
101
66
52
17
5
48
33
16
42
189
13
109
151
16
24
128
31
10
38
51
15
33
30
25
15
24
44
22
180
37
34
42
20
61
31
42
12
5
38
20
25
31
33
24
107
153
7
81
130
24
45
27
41
327
87
152
80
18
7
147
44
8
83
65
29
23
90
28
34
87
126
4
134
75
85
21
7
9
241
58
41
33
1
28
15
106
36
63
157
155
83
38
177
58
30
10
12
155
17
68
54
69
65
90
57
59
65
41
58
16
36
14
132
153
26
11
117
20
273
27
46
92
65
59
99
16
30
63
39
20
22
30
10
30
59
57
44
57
149
55
46
14
18
59
17
28
112
32
57
189
21
61
55
61
69
30
132
151
9
31
26
19
24
87
25
58
22
13
36
38
70
28
48
22
34
14
32
229
48
262
44
34
9
29
81
25
56
144
170
19
200
99
53
242
10
120
176
130
189
164
18
181
104
125
25
41
179
49
172
52
56
57
25
43
9
134
58
52
48
55
11
31
127
24
140
55
97
38
39
44
45
152
43
12
16
24
165
27
162
34
23
21
24
36
101
125
41
34
29
166
20
131
58
59
53
53
23
137
62
42
77
203
17
12
22
22
27
38
32
229
7
174
216
16
109
45
25
56
10
28
155
20
212
50
9
28
218
6
37
27
112
129
98
46
25
31
102
22
12
84
42
16
263
34
125
13
9
293
42
9
17
10
50
29
54
171
72
158
38
22
112
59
30
38
5
211
34
39
10
4
77
33
25
11
23
110
98
19
16
33
49
49
30
81
57
98
16
15
15
72
77
70
30
100
31
28
38
16
57
214
6
1
37
102
262
83
40
35
13
9
93
111
10
14
108
142
27
32
44
81
69
64
14
168
52
48
25
138
26
8
164
81
26
135
28
10
110
43
50
46
146
38
79
163
134
41
45
16
27
182
35
19
26
14
77
197
106
5
102
21
29
16
117
16
19
133
140
33
99
25
65
25
96
131
18
5
9
74
26
145
32
52
180
137
22
5
136
50
225
46
17
16
24
145
96
45
54
81
13
16
38
55
24
25
24
51
38
36
179
46
101
278
25
121
17
69
63
193
72
45
75
76
197
27
126
207
195
8
61
26
21
35
72
18
158
107
14
8
22
244
49
27
41
12
50
32
12
14
116
19
133
177
52
53
58
45
44
77
59
62
15
23
59
56
26
15
97
21
122
18
12
56
7
7
83
94
61
26
76
45
15
61
30
181
63
48
27
61
57
109
94
38
17
12
44
28
56
55
352
31
53
5
40
25
6
17
17
25
17
54
38
26
101
60
265
28
37
181
229
23
16
186
180
17
27
41
208
25
172
185
165
77
118
36
8
6
46
29
128
17
160
58
4
18
67
96
139
30
118
13
32
27
44
77
129
15
133
8
108
161
129
36
23
88
16
83
16
44
20
106
138
25
57
122
79
71
27
71
148
111
44
76
3
107
86
65
36
4
171
9
38
4
91
54
67
28
24
124
74
49
23
204
17
17
160
7
172
184
121
11
115
48
23
118
5
77
105
22
69
5
31
25
17
97
16
8
67
24
24
17
28
63
18
7
18
34
11
33
53
19
40
15
108
46
95
141
42
32
71
17
45
87
52
193
12
27
38
100
145
27
125
165
10
73
30
149
32
20
17
15
13
68
33
61
128
14
112
5
69
151
77
109
57
12
95
121
55
8
160
79
20
53
35
100
29
53
47
22
32
115
155
45
24
44
14
6
122
107
73
22
56
37
43
38
171
14
14
22
77
83
260
63
52
78
86
52
39
88
37
241
83
110
113
131
104
46
182
134
62
21
39
28
40
121
97
153
228
71
135
62
78
22
113
121
123
27
116
130
167
25
177
91
147
106
44
64
30
164
101
142
16
308
79
8
55
62
159
125
61
77
119
84
22
156
79
90
126
29
25
17
6
45
43
31
31
58
153
49
84
61
8
70
114
29
162
53
18
6
45
48
124
174
105
70
104
79
25
46
3
189
176
49
54
50
51
192
120
278
67
151
45
49
22
33
23
44
77
65
98
47
65
112
100
93
82
107
28
116
207
32
9
18
7
130
12
63
163
120
97
178
120
13
74
39
53
109
178
27
12
38
50
43
176
124
109
222
184
58
22
67
22
48
4
145
23
34
26
57
29
16
46
21
70
105
57
3
78
14
38
58
19
26
52
44
34
24
16
6
82
78
18
76
36
158
67
119
52
161
50
55
15
67
56
33
60
135
17
98
14
48
8
36
85
102
12
58
50
132
30
181
13
70
103
66
12
171
58
141
1
21
73
13
99
27
51
76
11
72
120
73
65
30
129
66
114
84
129
38
83
45
79
5
75
1
111
74
36
112
58
149
119
62
62
103
83
117
26
3
145
5
120
134
113
60
113
128
37
37
152
31
51
178
85
11
13
9
37
7
29
141
45
36
24
173
7
129
19
112
49
38
139
14
100
16
79
24
9
7
49
60
34
53
126
9
34
126
51
44
13
49
39
99
123
27
23
130
85
34
7
16
16
16
8
15
5
17
22
17
29
8
59
8
14
7
6
50
28
26
4
6
37
7
14
5
7
41
7
8
20
4
16
10
26
11
15
10
7
31
18
49
4
8
8
10
6
10
8
39
10
107
47
19
75
10
15
13
2
8
7
14
3
17
101
2
25
9
94
6
24
19
21
6
2
10
14
139
21
46
26
27
37
61
24
176
3
51
85
13
40
100
55
180
197
124
50
160
46
50
76
55
45
133
171
16
163
63
41
116
47
75
50
27
81
11
215
32
28
110
55
64
22
161
74
62
8
123
17
15
29
65
35
34
36
91
147
24
0
18
30
121
185
42
113
93
62
99
89
16
18
32
41
32
188
151
220
24
66
164
22
27
36
321
48
56
169
29
56
22
33
25
160
141
67
150
95
97
18
15
160
34
87
158
22
7
50
308
8
83
17
12
17
12
96
99
77
66
74
7
21
62
8
66
79
22
76
27
30
52
89
34
27
20
82
17
32
102
24
8
10
238
62
31
26
46
4
106
8
124
112
43
4
9
4
5
52
94
47
39
18
7
18
37
159
145
70
156
57
44
119
125
62
94
21
87
165
133
48
25
19
3
98
163
82
11
96
144
22
15
47
58
30
110
159
42
62
14
3
15
76
55
113
18
22
177
33
6
21
149
63
29
49
24
35
80
60
25
18
131
53
177
113
66
47
54
27
13
25
124
69
6
30
57
31
33
131
34
132
23
56
73
48
9
133
20
59
71
16
53
82
91
60
68
42
4
225
44
23
10
180
18
78
52
88
9
32
88
34
12
24
26
16
44
74
17
15
75
72
34
18
18
11
33
6
30
30
122
12
15
14
185
15
25
113
14
11
173
37
35
51
187
16
92
19
10
64
138
10
51
168
24
34
11
55
15
2
45
67
79
27
24
6
2
20
27
25
169
15
17
121
158
133
16
15
39
35
3
72
8
9
48
12
36
22
15
12
2
77
1
85
1
106
116
16
20
36
86
53
14
15
28
60
138
239
28
14
51
45
43
75
115
30
54
50
18
33
25
70
22
35
32
45
50
59
6
27
51
8
142
14
11
6
34
73
40
18
75
43
121
25
148
51
37
9
114
141
113
14
15
36
39
158
136
109
24
194
32
113
111
37
130
45
20
48
170
128
127
58
147
119
88
78
36
16
14
102
36
25
140
40
145
30
25
133
27
144
8
11
92
155
43
7
33
55
45
37
6
138
15
106
156
96
31
117
29
12
19
28
9
101
114
52
122
4
138
75
29
53
28
148
86
23
39
53
65
31
79
20
98
9
41
51
6
24
59
68
72
26
113
54
134
35
165
38
125
28
26
17
141
60
12
23
15
7
53
76
121
10
80
26
21
29
5
18
21
34
100
135
55
8
33
22
12
189
123
40
55
24
161
56
36
54
130
47
27
140
20
79
29
20
18
47
78
48
40
14
62
27
62
128
6
4
49
8
7
85
59
19
56
87
133
47
21
43
9
32
24
14
51
84
20
63
189
50
22
17
22
29
49
57
60
22
21
95
61
79
33
10
184
33
63
37
36
1
36
149
28
56
93
16
52
9
42
9
90
82
146
99
55
139
24
17
139
185
81
184
32
50
73
47
39
113
176
29
128
1
175
15
49
18
36
157
38
9
3
143
59
127
24
101
111
121
219
71
77
34
48
126
75
53
21
106
99
26
22
179
44
83
41
152
23
36
114
23
66
70
118
118
33
105
123
23
19
118
112
110
27
4
27
110
41
139
166
125
20
132
36
7
18
83
110
151
19
159
91
107
92
124
26
72
5
82
42
88
22
147
94
9
113
4
163
85
16
104
85
73
100
7
13
47
4
10
36
28
104
109
39
21
49
32
86
125
120
121
44
71
48
132
141
71
37
89
154
101
12
88
16
126
97
118
117
136
19
9
107
119
13
132
144
95
125
29
61
62
56
118
24
89
67
39
147
32
8
184
75
21
44
15
69
60
67
40
21
4
24
199
5
242
246
190
27
29
28
170
8
55
2
75
86
31
18
176
148
65
132
20
136
17
23
52
204
75
79
151
7
74
55
21
32
31
25
21
34
57
140
55
33
61
152
149
175
6
83
32
38
96
68
139
31
115
127
140
34
39
3
152
45
30
111
123
14
84
116
29
119
55
32
64
36
154
24
155
44
68
96
158
133
130
122
23
159
85
112
99
20
20
41
38
83
24
96
57
29
21
41
7
47
133
42
2
54
37
12
15
38
80
45
5
129
11
7
182
48
43
5
27
78
66
27
50
124
142
73
37
161
99
4
77
177
30
91
24
217
10
25
88
138
129
6
51
50
54
44
196
112
15
8
87
8
16
56
144
3
3
7
105
19
75
31
42
56
23
66
27
17
72
74
9
12
128
37
31
24
65
63
15
164
8
149
86
32
123
71
228
7
112
155
173
23
116
142
132
33
27
31
58
65
194
98
113
122
74
138
16
13
153
29
119
28
77
53
142
203
22
9
57
86
15
34
20
22
88
26
19
137
137
157
119
200
6
145
32
163
32
115
30
148
10
107
20
141
174
22
13
42
15
24
62
63
28
93
156
137
133
29
27
23
52
63
88
28
62
41
6
15
129
8
98
133
17
145
89
21
211
27
115
161
68
122
9
34
55
37
87
15
65
19
198
138
124
35
126
26
57
14
62
147
35
16
5
135
59
151
134
52
17
7
33
14
139
165
13
28
49
65
35
31
92
73
124
17
65
141
138
5
7
91
12
16
36
40
49
55
67
146
94
52
37
139
31
8
32
28
139
23
112
57
146
32
36
47
127
71
127
141
126
56
34
21
82
54
136
65
57
47
50
43
25
11
26
82
55
132
59
155
42
34
21
56
31
18
12
16
18
32
68
44
20
16
13
53
44
24
28
37
41
29
19
19
20
179
20
28
21
60
53
64
188
22
49
44
18
26
118
35
16
15
76
27
35
87
103
38
14
18
338
50
29
9
92
12
81
30
180
9
51
31
9
131
129
111
98
86
156
125
118
43
12
16
97
42
53
116
81
28
155
159
87
123
47
20
21
8
90
79
103
86
117
172
93
56
130
33
91
83
85
108
127
67
17
42
100
14
8
61
113
11
33
12
46
166
10
3
11
76
99
61
159
181
108
276
80
15
88
93
19
9
66
14
20
162
3
11
67
100
5
16
54
127
51
136
21
110
17
18
147
133
4
51
132
110
18
30
7
14
82
127
133
7
13
56
103
105
25
30
2
6
117
83
41
171
107
96
99
77
81
15
106
34
5
73
17
130
47
22
50
20
91
76
53
9
67
85
58
24
45
163
15
93
27
113
124
90
136
162
21
12
32
56
6
72
32
100
28
46
49
105
56
136
168
24
6
151
37
90
163
37
156
14
15
34
93
141
66
153
33
78
137
15
203
11
60
165
27
8
21
16
10
24
101
148
130
45
7
13
4
84
18
77
171
139
94
69
11
29
13
188
10
7
172
63
87
115
113
15
116
37
19
33
192
138
82
179
41
105
25
22
15
98
36
134
105
92
101
52
16
15
154
152
140
13
27
8
6
7
34
28
20
65
6
14
25
103
9
29
107
19
29
38
49
11
95
72
122
97
62
46
16
6
15
74
18
18
82
7
72
21
16
68
20
22
90
14
9
93
4
131
64
18
64
47
15
58
9
13
65
173
49
27
121
31
8
18
99
150
72
12
22
141
69
86
36
36
99
59
42
106
72
38
136
18
37
93
143
71
132
138
16
22
125
34
120
30
107
9
33
84
13
123
63
42
48
14
24
27
145
109
129
127
9
29
14
39
89
7
15
19
54
70
25
50
34
107
6
132
123
77
114
12
28
78
32
58
11
93
69
42
83
28
19
4
7
74
94
20
40
100
9
31
25
43
129
140
11
27
15
60
2
56
10
23
13
21
47
89
63
49
18
68
12
11
90
24
8
56
5
59
55
20
15
18
63
75
66
0
53
4
23
15
21
34
12
122
85
40
128
50
121
168
291
71
87
30
36
39
226
33
26
21
18
16
10
77
86
125
17
55
94
34
119
160
15
13
9
30
86
49
154
14
42
38
90
29
21
91
121
27
198
33
138
58
29
23
10
32
16
85
30
17
65
153
34
46
33
12
47
36
14
25
35
8
9
13
35
109
131
22
46
40
123
13
155
39
112
71
13
177
155
46
163
136
32
126
108
19
29
159
37
11
87
164
90
103
6
164
167
34
147
31
33
51
32
91
160
6
130
24
7
49
97
2
74
33
59
27
101
84
11
98
62
74
40
59
137
23
68
45
24
23
46
28
39
9
8
79
46
9
34
31
38
26
212
19
10
32
38
9
190
59
97
53
17
37
24
145
175
163
54
35
18
8
23
140
28
16
42
18
56
68
37
51
107
110
37
16
8
112
12
24
70
113
11
23
14
27
7
48
41
64
25
106
6
99
66
35
25
12
5
16
34
48
20
37
213
20
130
5
110
90
152
149
98
100
36
94
142
30
100
7
72
8
44
34
11
69
137
37
121
54
154
17
133
15
20
23
24
82
147
69
7
24
5
57
36
121
85
21
131
4
123
123
149
3
88
18
28
16
137
70
92
107
127
128
25
124
147
57
22
43
145
35
19
22
16
78
102
63
78
52
143
110
131
109
58
82
24
134
117
95
95
59
144
58
17
22
102
21
18
22
28
55
7
184
44
52
48
132
68
7
37
55
25
50
11
131
13
70
153
87
45
19
59
50
14
48
24
74
38
22
82
33
31
114
106
11
52
138
124
78
136
52
56
67
55
41
128
7
137
100
15
28
142
30
54
95
14
21
9
108
195
123
31
99
45
14
150
44
118
7
25
79
117
148
80
114
51
16
21
14
65
81
72
55
52
57
82
21
88
5
102
22
101
61
82
56
61
8
12
61
7
77
69
61
87
46
67
102
34
15
45
38
61
21
15
20
72
55
18
73
83
28
61
102
11
51
35
48
12
8
47
66
20
48
10
66
6
40
90
74
49
79
40
60
4
101
67
70
78
65
31
78
82
154
1
19
25
167
54
235
52
86
108
168
121
21
183
58
53
150
54
16
51
30
23
221
43
117
37
185
113
171
70
73
42
54
8
130
123
9
43
32
27
152
25
53
141
112
8
19
30
51
116
23
19
123
97
11
22
147
139
54
80
94
39
84
34
108
23
104
39
46
25
4
99
80
9
130
110
14
112
85
67
89
134
90
68
80
185
45
4
9
134
32
51
20
71
13
133
18
57
13
80
157
68
30
130
44
122
101
119
19
107
24
123
76
19
190
164
12
110
147
150
156
17
79
61
120
81
153
15
111
6
12
36
114
73
49
63
120
21
65
32
69
112
88
100
95
98
65
127
23
208
25
10
34
11
112
67
121
44
35
123
69
113
26
5
81
62
69
136
146
113
68
77
112
24
125
111
86
91
123
40
110
26
67
29
97
47
134
95
67
4
57
28
62
22
123
140
170
6
106
66
91
149
124
56
80
58
11
61
17
17
56
49
30
10
9
13
80
128
77
10
116
32
8
4
5
72
2
22
5
40
93
133
73
55
28
147
-7
283
239
133
27
43
37
58
47
47
11
16
63
63
246
56
91
37
90
62
129
24
8
6
130
59
154
110
67
47
179
20
118
171
10
27
54
23
9
149
116
173
193
34
29
14
35
6
71
45
93
46
17
8
27
34
18
42
79
84
34
135
8
68
13
158
69
38
65
7
91
151
110
59
8
30
10
9
48
7
107
79
174
152
181
109
135
13
5
51
305
15
236
91
1
14
11
49
36
119
7
7
95
2
8
88
4
21
177
20
63
5
8
28
12
193
31
77
9
9
31
256
134
34
195
67
37
55
158
101
38
179
158
24
245
117
171
50
27
14
38
102
26
43
64
12
131
11
103
206
100
38
91
191
97
13
182
4
146
13
45
161
4
6
83
124
67
94
41
160
71
24
105
72
146
151
101
66
86
38
37
75
130
126
37
44
119
34
146
84
22
56
31
37
39
18
32
8
89
30
32
116
13
107
9
97
66
14
74
22
25
50
95
77
36
128
84
123
120
87
51
25
20
67
40
212
111
6
13
71
108
148
162
31
84
99
171
17
8
82
140
106
68
73
29
1
38
139
54
83
19
21
79
13
45
19
22
76
34
29
55
113
77
29
171
149
170
192
10
82
101
44
28
32
85
13
87
169
26
12
24
29
15
21
23
31
105
36
157
83
107
17
41
113
94
84
10
61
26
37
152
144
42
48
95
128
20
44
45
33
114
33
46
198
76
88
4
154
123
53
24
24
29
32
18
57
111
43
14
42
94
19
28
80
104
160
16
163
112
37
5
111
14
143
87
85
126
116
44
20
124
7
33
125
38
7
56
124
98
100
163
95
3
125
48
63
12
36
31
104
97
115
131
20
96
111
47
32
6
87
86
123
30
54
157
88
19
19
5
103
4
20
85
8
40
89
234
234
16
19
85
65
10
16
20
42
39
3
8
181
166
74
11
27
257
84
13
13
17
24
31
35
4
12
59
79
21
25
149
28
124
180
59
54
10
71
25
8
72
24
44
125
128
132
64
66
59
60
37
49
9
136
11
64
56
6
91
101
23
83
72
57
7
51
18
61
200
151
90
74
14
55
112
149
40
6
170
31
18
16
36
29
96
10
44
67
6
121
0
11
30
11
33
45
115
64
70
91
190
33
175
38
131
48
15
48
81
265
126
27
212
17
29
117
201
163
183
60
23
150
98
120
30
38
56
20
20
90
53
15
55
17
76
108
74
130
6
100
34
34
87
21
164
137
14
35
146
71
89
92
144
127
119
11
157
15
38
134
64
59
0
7
9
110
24
95
87
26
31
34
138
30
22
21
66
181
20
9
21
43
25
19
14
108
9
27
86
54
21
41
49
140
37
38
24
31
141
31
57
172
37
72
32
67
6
27
9
9
11
66
18
14
153
8
4
122
35
56
152
81
129
149
10
15
53
42
16
15
35
135
84
39
135
20
55
107
106
25
109
212
80
47
177
12
40
15
39
72
19
51
94
18
75
158
99
12
32
200
32
36
40
7
50
23
173
27
23
112
27
68
16
6
147
18
34
84
35
48
71
10
33
7
20
110
22
4
99
23
156
189
58
78
22
117
191
180
42
32
149
8
163
7
135
23
5
51
142
111
71
18
45
69
109
151
110
130
76
17
79
80
129
46
46
42
135
21
64
14
34
12
4
76
41
29
115
116
15
113
12
144
96
31
109
30
49
43
165
24
15
50
71
8
136
122
22
93
67
64
112
22
51
114
15
78
112
21
90
54
50
27
121
13
72
26
97
15
4
142
46
118
5
70
35
82
21
71
28
237
99
86
58
7
67
65
251
207
100
34
60
204
14
19
163
149
150
40
66
121
128
165
37
6
23
193
134
199
48
164
89
12
130
5
9
55
26
8
81
65
39
173
56
110
14
24
176
84
147
72
155
93
101
50
73
133
157
52
10
21
7
6
17
178
118
84
87
28
28
87
257
26
21
141
76
7
151
20
91
15
24
6
70
31
17
12
220
54
143
36
90
98
24
18
96
14
18
15
32
7
55
25
65
9
20
80
9
8
26
49
17
71
64
55
87
34
149
13
83
15
18
11
46
22
33
23
112
131
112
73
17
86
32
13
163
12
28
18
10
11
44
68
9
16
160
179
27
113
46
11
70
9
122
15
158
90
124
13
98
73
83
20
18
12
7
6
87
96
81
173
9
51
72
42
146
75
46
4
58
19
8
62
4
10
6
35
8
51
66
115
30
29
37
5
115
52
70
211
43
28
70
154
4
82
3
26
17
49
127
86
131
22
11
54
44
44
65
48
19
22
8
12
31
3
122
130
23
141
41
113
32
10
10
133
153
31
59
84
48
25
59
62
10
116
9
34
18
112
81
5
63
6
66
33
40
59
22
37
186
46
67
57
126
231
164
27
85
20
48
50
110
6
5
65
11
5
17
19
100
40
13
23
20
14
111
56
64
76
7
21
66
60
54
24
12
140
131
52
131
91
212
3
83
11
23
14
101
2
19
12
25
7
126
11
29
111
74
152
39
53
104
104
50
9
33
28
167
10
78
65
57
12
54
56
7
13
21
123
94
135
27
136
19
66
46
48
123
83
35
48
29
25
58
119
27
19
11
74
15
124
94
45
94
24
6
33
55
32
174
29
50
112
194
100
9
144
22
40
19
6
26
18
86
35
24
23
17
96
184
7
128
11
80
16
35
32
9
2
28
5
47
32
17
50
7
7
82
15
25
95
173
117
179
94
33
152
328
117
43
67
78
40
15
70
18
11
65
166
74
54
16
33
20
114
83
21
51
77
15
27
28
49
168
18
153
27
5
96
40
123
67
31
65
50
154
74
39
5
2
59
31
94
41
50
87
160
54
34
125
14
8
182
31
6
46
33
30
14
143
17
8
55
133
50
17
21
21
146
27
72
32
142
15
7
158
65
71
142
59
118
6
37
59
32
134
51
44
123
34
22
13
142
26
74
16
144
6
7
19
12
18
28
29
129
172
88
74
21
76
108
34
151
67
32
50
36
38
8
9
130
49
85
41
51
126
43
47
54
25
44
13
69
63
27
151
8
139
146
32
36
49
28
18
53
118
101
50
29
8
66
33
55
19
25
55
133
11
42
12
30
138
46
15
142
6
49
109
19
79
122
195
57
63
18
15
20
141
202
104
138
9
8
20
133
29
55
112
121
39
31
12
107
116
155
9
50
78
120
10
7
50
107
83
79
