35
15
24
17
45
86
276
11
50
37
120
6
27
9
51
46
38
20
17
18
51
134
63
66
13
14
35
266
44
39
45
43
41
59
6
39
91
85
119
37
26
6
9
15
56
49
19
99
14
38
78
263
84
31
96
10
9
73
55
119
58
13
11
11
6
40
38
30
44
176
30
7
27
136
9
87
12
148
40
110
105
22
231
58
20
180
211
171
101
116
81
32
38
50
100
184
85
30
104
64
15
9
67
215
67
34
33
47
78
148
19
37
18
89
59
69
19
5
26
29
58
26
52
43
88
13
22
15
30
135
151
83
8
51
45
113
21
108
27
252
93
10
90
84
95
13
46
11
13
74
21
91
108
42
30
106
133
63
101
66
192
52
43
49
280
5
32
30
67
16
54
45
61
151
37
31
7
128
51
95
30
9
27
49
22
25
14
10
24
15
24
24
180
30
159
45
37
22
34
42
20
61
22
31
12
5
49
24
20
25
31
22
45
33
24
26
7
36
81
30
28
130
61
9
24
40
13
29
45
25
29
123
327
87
152
80
39
22
99
44
7
24
12
78
38
27
41
58
44
32
12
10
118
20
83
37
28
63
23
62
7
71
39
134
127
94
11
85
50
27
9
47
26
33
1
28
130
10
15
106
36
142
120
33
63
101
155
23
49
69
30
80
58
7
12
23
24
17
68
70
43
25
35
38
20
64
54
30
16
23
44
121
142
168
28
65
61
69
16
11
18
75
76
59
42
57
4
75
44
16
12
47
73
58
16
13
32
97
36
161
14
32
132
26
72
89
25
282
99
184
34
273
56
84
27
156
5
46
30
36
99
34
11
61
59
19
12
36
122
27
99
16
41
10
56
36
176
29
20
12
27
8
26
68
6
28
91
47
5
22
120
17
73
64
22
10
69
26
49
50
38
95
10
16
35
38
50
53
24
22
149
62
55
19
19
26
10
91
16
46
272
24
22
18
52
189
4
44
32
9
160
128
44
40
9
25
22
42
93
40
36
27
10
160
218
28
12
28
14
133
223
158
28
111
46
94
32
262
24
59
52
89
40
40
9
12
81
56
144
170
14
19
4
16
200
156
99
53
242
10
120
177
67
307
176
130
112
43
164
18
57
23
68
181
27
47
12
104
47
242
23
125
133
184
25
41
179
49
18
68
62
73
172
117
30
69
45
52
56
159
124
106
55
17
196
57
73
142
25
166
43
67
23
9
22
16
52
103
134
157
52
31
23
177
48
108
8
164
200
73
55
87
11
27
41
84
34
31
127
42
214
61
92
252
55
48
140
203
9
38
204
5
72
97
133
183
44
13
83
53
83
94
28
107
44
5
1
16
45
169
164
301
17
62
55
179
152
11
11
222
63
9
112
17
22
51
66
84
62
142
95
19
143
36
34
73
102
26
7
23
14
72
31
49
111
23
9
3
21
15
18
69
16
22
11
28
20
114
27
31
58
22
41
213
37
12
166
57
66
62
25
131
166
18
17
37
25
35
27
17
62
15
98
77
203
18
39
22
34
7
61
174
21
106
228
25
136
23
14
36
10
60
276
22
113
7
46
29
22
72
68
28
218
6
42
21
58
63
46
28
112
133
129
20
98
159
131
13
35
137
18
30
40
108
214
38
27
8
5
160
12
30
37
27
42
341
54
79
28
10
76
9
254
84
52
53
48
89
54
85
56
82
48
26
109
147
135
13
24
18
36
75
53
38
217
47
63
73
139
141
8
24
135
112
37
21
12
38
161
30
54
59
38
57
72
23
68
211
24
24
99
10
134
86
26
39
16
42
20
26
26
11
78
86
33
31
25
11
38
47
23
50
98
207
20
19
19
98
16
20
6
33
49
11
30
81
17
98
16
15
48
15
19
72
139
20
70
30
100
102
38
12
31
28
38
47
11
181
16
57
214
45
21
31
6
37
26
102
262
16
24
24
29
83
40
35
13
9
93
111
10
14
41
108
142
27
32
44
81
69
64
14
168
52
26
8
141
164
81
26
135
28
10
43
56
146
38
79
163
134
112
41
45
16
27
182
35
19
26
14
77
197
66
102
21
29
16
16
19
133
140
33
25
25
155
18
9
74
26
32
12
52
180
137
22
20
110
24
50
17
6
14
42
46
62
149
32
6
100
40
68
54
24
143
7
24
49
4
92
101
44
20
12
48
72
75
11
76
19
117
63
41
21
82
35
72
1
29
37
107
29
129
27
15
50
32
190
215
52
23
44
8
76
43
15
8
21
60
43
23
210
46
39
59
46
63
21
29
140
56
53
111
26
12
15
97
63
26
77
169
3
54
13
21
131
34
48
40
17
27
122
96
103
66
18
47
60
66
29
41
11
35
64
12
90
48
11
44
31
52
41
20
10
78
44
56
20
14
45
19
75
23
26
125
52
12
85
42
160
123
192
7
16
124
83
104
178
94
131
108
102
90
59
186
18
73
5
34
119
120
41
121
9
67
7
48
68
99
137
26
5
74
13
4
37
66
65
13
27
158
55
97
6
53
21
76
6
3
6
150
22
15
61
40
11
62
22
111
229
30
118
39
5
35
99
159
47
63
27
35
61
151
77
72
19
119
33
42
22
20
73
225
12
85
44
45
56
74
54
140
219
18
5
40
25
15
227
85
8
60
41
79
25
25
83
29
33
145
37
90
9
60
20
265
98
236
235
135
108
70
94
229
33
17
53
134
101
56
28
132
29
84
299
60
132
225
38
250
80
71
50
186
180
17
20
17
54
32
168
56
180
145
12
50
29
149
110
208
25
172
165
77
118
36
8
6
46
29
128
17
160
4
18
67
96
139
20
30
118
13
32
27
129
133
8
36
23
16
44
21
138
25
79
71
71
148
111
76
107
36
4
171
9
25
67
28
49
17
77
22
16
8
7
40
141
38
28
9
16
21
189
32
37
64
5
98
20
8
19
231
69
24
47
35
96
26
125
142
122
51
54
93
69
152
23
56
77
46
24
67
57
147
260
143
47
192
55
11
70
52
65
16
29
15
25
22
34
15
83
142
40
244
63
52
41
13
28
209
30
192
112
86
87
39
13
87
102
32
42
88
38
34
38
37
42
54
14
7
107
204
26
113
182
134
228
78
8
77
67
188
176
22
201
120
97
115
13
39
27
38
105
141
30
8
56
93
22
22
63
97
49
92
23
145
23
104
40
37
34
11
30
122
18
21
60
13
46
46
239
21
37
17
30
19
40
155
86
67
89
31
28
21
17
10
5
7
42
101
39
33
20
53
97
48
41
5
108
23
15
73
121
12
18
60
13
32
127
9
27
70
48
127
62
155
112
14
97
17
85
51
105
45
16
16
11
86
21
89
16
188
88
82
6
57
8
5
16
44
119
28
22
56
28
22
37
38
12
70
28
40
16
64
29
120
33
99
32
28
10
132
27
158
177
17
100
23
43
23
190
16
26
38
19
12
52
43
47
40
60
28
135
28
6
21
6
43
128
46
85
43
26
5
29
14
196
32
94
11
60
27
111
1
35
31
494
34
2
96
9
33
47
85
29
11
28
74
45
27
59
10
13
10
17
10
59
16
12
7
5
7
10
43
8
21
45
26
54
40
46
8
53
26
34
10
28
24
161
30
25
7
132
7
16
5
46
109
11
71
16
6
77
53
256
133
21
24
29
85
40
14
84
14
27
18
45
23
76
66
204
5
53
89
38
45
133
171
16
163
63
41
116
47
75
27
81
11
215
28
110
55
64
22
161
74
32
8
123
17
4
29
65
35
34
36
91
147
2
0
18
30
121
185
42
113
62
99
89
16
18
32
41
188
151
24
66
164
22
23
7
321
48
56
29
22
25
160
11
150
95
97
18
15
34
87
158
22
7
50
8
83
17
12
12
96
99
77
66
74
27
7
21
57
8
66
79
22
76
27
30
118
52
89
106
34
32
49
27
20
82
31
17
102
8
10
238
62
26
46
4
106
8
16
39
145
59
48
163
15
110
42
33
32
59
24
80
40
66
47
34
65
159
91
27
60
68
4
10
20
52
32
88
24
16
74
17
15
75
171
24
34
18
30
122
52
17
15
29
14
185
25
24
84
11
35
92
65
19
138
10
51
168
34
15
45
18
67
79
92
11
27
24
6
151
27
25
23
12
83
169
15
17
158
16
15
31
39
8
59
9
28
22
15
2
44
116
170
53
64
129
152
18
47
23
60
93
101
32
194
33
33
16
32
54
42
231
83
52
40
118
145
50
42
8
29
48
139
15
28
25
115
70
44
31
149
37
12
19
138
239
15
36
28
35
18
138
60
89
19
136
41
253
130
120
51
25
58
15
52
29
35
57
12
66
37
63
45
67
182
75
30
115
85
26
53
28
11
19
54
33
67
14
59
50
31
52
55
285
11
12
50
31
33
30
71
42
177
35
110
164
95
135
193
90
40
77
43
44
55
96
70
112
44
30
44
6
37
43
45
57
90
22
18
35
110
45
7
80
32
182
11
100
24
162
104
40
61
37
100
76
69
43
215
23
78
11
59
3
215
200
44
27
27
61
57
35
45
50
48
109
51
49
28
8
142
90
39
96
36
10
176
14
22
100
49
238
56
48
57
11
16
85
53
65
177
10
196
41
6
40
41
185
49
81
35
24
36
61
235
43
248
34
127
36
14
15
46
24
15
65
73
72
73
27
172
12
17
170
30
71
23
62
5
133
18
150
62
35
77
117
75
20
34
101
93
83
87
39
63
55
27
74
43
22
51
120
12
158
77
51
22
49
208
90
22
225
45
17
233
52
30
24
130
135
59
88
20
35
49
79
24
50
17
76
20
45
78
38
14
20
20
27
117
110
71
41
80
26
174
20
30
18
143
151
53
39
25
330
113
35
27
275
95
43
5
18
97
213
78
8
39
35
84
58
13
34
19
148
17
60
176
223
71
93
87
40
60
118
31
116
75
7
185
20
133
155
6
100
125
52
36
39
39
12
28
20
59
55
12
13
260
49
80
46
23
162
32
46
23
10
184
37
199
25
24
25
24
125
172
123
17
26
70
19
246
47
15
25
7
22
22
8
257
5
17
81
19
8
23
184
47
75
277
21
29
8
17
47
44
10
61
18
11
16
20
60
27
51
290
44
67
40
28
171
17
104
31
55
36
5
275
27
224
300
58
80
186
173
60
106
40
33
85
17
99
178
63
159
246
256
33
36
36
78
215
8
55
85
110
52
86
217
136
59
42
11
145
52
25
122
43
9
17
79
101
19
40
7
202
50
21
32
252
205
20
44
152
32
31
24
7
18
28
61
42
202
13
65
37
231
19
12
56
99
95
77
7
53
72
80
92
19
85
80
155
217
194
19
31
197
179
18
142
211
203
101
41
222
9
81
28
263
46
26
58
43
41
35
17
86
39
86
26
74
233
211
34
23
82
191
5
18
9
19
163
23
8
145
48
211
37
67
27
136
74
122
9
37
15
65
19
198
138
124
35
126
26
57
14
47
35
16
5
135
59
134
14
139
28
49
65
35
31
92
73
124
65
141
5
8
28
174
189
34
46
31
71
68
18
12
16
99
18
32
68
44
21
21
20
16
13
53
183
44
46
24
63
28
37
41
29
21
25
19
12
19
20
119
20
179
20
28
23
31
21
55
15
60
53
18
18
68
29
34
4
37
64
30
101
21
6
188
17
16
68
48
19
22
49
44
18
26
118
15
15
45
57
76
27
35
103
18
23
338
31
24
76
15
50
11
90
16
63
32
174
11
92
72
9
29
127
94
52
18
134
81
30
180
26
14
9
42
51
31
54
343
14
37
24
62
17
21
11
32
83
15
64
33
11
65
60
28
64
10
60
11
52
63
56
21
34
36
80
32
14
11
70
30
37
75
15
9
47
134
50
23
73
39
132
6
4
4
139
63
10
27
113
276
85
10
91
39
207
186
29
199
23
93
162
212
136
21
22
20
91
76
33
9
100
102
85
117
8
12
48
58
89
163
96
55
128
93
162
21
12
32
56
6
100
28
136
24
6
163
37
11
21
10
24
32
41
7
18
21
73
36
35
43
189
76
13
25
127
50
34
142
24
105
6
123
123
49
77
114
59
69
12
102
31
50
30
21
119
28
20
7
7
95
117
34
32
34
93
42
41
50
7
15
10
35
17
50
15
47
59
18
128
169
36
19
81
63
63
97
39
53
33
68
10
109
310
220
177
97
26
10
77
125
94
160
14
130
42
90
29
21
91
121
143
6
67
25
19
105
29
123
75
10
198
11
33
20
22
101
15
138
58
19
47
31
9
53
133
57
26
154
88
133
56
29
23
71
139
73
10
24
32
16
12
85
30
17
65
202
39
60
96
88
10
153
41
54
32
32
34
64
163
39
12
237
100
70
21
98
138
70
121
11
30
7
7
50
40
46
17
63
67
23
131
16
103
26
10
45
57
70
5
6
33
9
22
53
31
87
238
66
80
23
44
12
36
35
8
9
119
131
119
123
71
83
64
16
35
155
36
114
67
86
53
161
79
65
45
31
51
50
34
212
28
36
90
243
39
25
24
16
67
97
53
17
34
24
113
56
175
37
30
8
20
210
124
12
37
36
94
137
22
121
94
23
16
17
22
24
133
97
89
40
131
17
196
134
72
60
30
201
146
100
86
27
68
167
7
132
31
55
11
153
31
110
137
77
45
20
14
39
150
121
44
56
35
95
79
104
68
148
137
128
39
93
5
8
26
36
43
40
19
94
18
173
46
29
82
91
31
44
82
51
245
33
214
19
28
25
89
22
84
201
167
123
54
175
100
19
103
29
2
185
16
20
50
92
7
213
41
85
16
19
56
49
158
36
33
181
105
71
85
51
49
19
99
5
20
19
146
63
52
26
64
56
4
42
34
64
58
28
61
30
71
55
183
52
242
44
52
136
26
50
166
8
47
132
22
24
70
202
292
11
167
166
12
119
33
96
45
142
20
66
146
23
15
28
62
172
185
77
22
177
63
25
134
12
45
101
116
110
292
42
19
7
23
19
40
20
55
35
197
6
17
8
17
81
53
89
69
273
137
27
15
28
141
117
198
88
103
88
3
61
9
60
73
202
42
51
128
34
27
30
150
25
179
142
63
115
76
19
60
231
7
106
142
88
21
30
74
25
27
193
87
10
48
216
66
324
26
88
131
39
34
41
57
187
29
121
141
144
179
184
29
185
42
123
32
25
53
19
34
67
62
80
17
22
58
9
42
10
71
91
79
34
161
87
199
183
70
29
156
35
149
25
32
47
10
38
115
37
119
102
107
166
83
67
8
6
23
17
71
142
136
28
60
72
12
123
200
40
53
99
24
153
41
123
156
130
63
140
45
125
81
7
52
19
6
86
106
90
106
148
113
66
103
20
144
8
20
83
50
108
153
15
94
12
135
208
73
8
73
88
24
28
35
24
239
94
109
59
191
24
133
44
76
26
34
81
216
27
11
43
15
37
58
122
71
82
223
101
27
47
6
142
10
124
99
102
47
42
20
11
245
13
11
135
104
49
194
76
37
83
17
70
73
39
62
21
109
22
100
82
5
31
10
146
62
41
28
24
14
8
11
65
69
107
43
42
13
12
74
50
125
13
72
31
39
223
102
82
16
70
25
20
50
16
19
76
105
36
23
22
47
70
61
128
110
16
81
67
185
106
80
189
36
152
94
116
84
110
29
249
20
208
28
33
109
14
35
6
71
46
17
36
79
159
191
36
83
61
40
21
124
152
155
24
73
79
35
156
238
38
36
76
198
74
11
46
36
41
94
162
59
22
183
212
54
58
15
47
99
91
69
26
27
205
188
89
126
16
102
185
42
137
21
36
17
66
145
7
23
43
140
13
55
27
181
29
41
90
28
109
37
135
54
197
3
39
22
179
13
5
305
15
236
91
1
14
49
36
119
7
7
95
2
6
8
88
4
21
177
20
63
5
8
28
12
193
31
77
9
9
31
256
34
195
67
37
55
158
101
179
158
24
245
117
171
50
27
14
38
102
26
43
64
12
131
11
103
206
100
38
91
191
203
97
13
182
146
13
45
161
4
6
83
124
67
33
94
41
160
71
24
105
72
146
151
86
38
75
126
37
7
44
119
34
146
84
22
39
73
14
53
48
37
77
46
20
12
12
83
78
102
90
222
29
120
6
130
73
152
54
28
152
31
84
54
73
44
71
103
50
22
23
199
43
143
106
98
72
94
45
97
4
122
58
162
87
175
76
102
84
39
16
76
39
53
33
30
27
39
95
111
12
28
95
51
11
53
80
41
26
88
62
17
12
157
142
187
53
38
99
152
39
140
44
124
34
21
40
16
55
31
29
192
101
44
28
144
41
113
50
99
94
45
10
61
214
104
37
17
24
41
105
4
23
42
48
111
128
12
109
8
39
44
45
60
41
133
83
48
102
93
216
47
42
85
103
127
48
84
77
130
105
220
28
38
21
82
99
42
15
45
33
156
11
114
55
46
130
130
76
88
147
197
45
50
152
4
129
12
154
32
123
26
33
17
128
98
23
146
110
4
19
23
17
38
29
251
144
29
80
166
45
27
104
77
24
8
32
132
212
233
42
79
23
26
135
98
18
169
23
87
58
13
144
116
66
57
11
188
19
20
74
59
14
51
252
91
62
111
38
19
29
78
43
35
15
29
15
14
11
103
78
90
42
56
212
21
14
75
15
8
17
17
16
182
28
50
72
130
192
20
16
14
13
154
14
27
30
24
18
51
21
141
47
134
32
36
9
11
114
41
20
139
28
198
10
41
20
41
99
30
5
24
80
17
23
213
71
176
82
90
118
72
34
38
15
72
145
16
9
20
13
189
85
65
102
10
138
31
10
59
26
213
20
160
20
133
178
42
59
14
3
22
33
125
128
18
19
64
90
60
37
9
136
11
64
56
6
91
101
23
83
57
22
61
63
86
42
49
33
21
18
31
79
340
72
188
167
58
244
36
45
178
214
65
164
31
124
142
46
116
45
149
84
262
6
50
18
51
128
30
11
99
12
33
15
179
45
73
115
241
64
123
162
24
30
8
11
8
33
6
19
15
6
85
70
91
13
95
8
190
53
46
65
33
83
7
175
83
38
182
31
131
8
17
7
19
48
24
137
85
15
216
65
109
14
48
81
162
24
119
48
265
126
27
212
128
50
39
113
273
12
31
141
64
139
51
18
153
149
55
227
7
191
17
43
21
77
121
65
8
78
46
65
165
52
26
50
206
31
53
34
151
20
31
12
220
149
13
114
67
87
52
35
15
149
46
161
31
96
22
21
20
27
3
224
9
106
26
14
77
29
76
72
42
44
146
53
49
10
268
103
27
73
12
2
4
58
78
26
110
19
11
62
78
17
9
3
21
16
52
53
271
83
17
43
145
66
84
115
21
30
171
43
15
19
32
55
12
5
56
54
18
2
44
25
56
9
9
27
60
11
189
162
35
28
17
50
13
11
39
47
59
28
69
43
103
26
147
63
147
63
26
9
6
38
39
37
38
23
23
45
33
62
9
142
66
135
140
33
263
50
55
6
99
76
127
110
103
17
87
34
59
19
18
81
33
16
43
46
24
14
19
7
146
125
46
36
18
68
66
40
43
77
80
100
51
43
227
17
51
180
52
58
137
184
85
164
150
214
118
167
71
126
33
78
100
27
8
18
44
82
53
169
65
38
317
48
74
76
220
46
57
84
64
22
38
96
143
17
57
72
51
81
51
177
83
119
32
29
100
19
23
128
32
9
2
47
50
7
25
154
43
67
78
40
15
70
18
11
65
41
16
20
21
7
49
33
35
33
98
57
32
74
57
33
41
96
26
20
53
57
78
180
42
140
162
128
127
27
213
80
66
225
21
128
168
17
80
33
56
7
68
50
219
5
207
216
11
109
29
22
69
29
247
111
71
135
213
38
127
199
78
150
37
58
217
154
13
9
95
8
30
40
88
4
19
60
71
134
186
141
35
149
48
13
126
16
59
10
31
94
41
50
87
160
54
34
125
14
8
182
31
6
33
30
14
143
17
8
12
55
133
50
17
21
146
27
72
32
158
5
12
36
67
32
78
78
36
8
9
130
37
49
51
54
10
34
43
39
11
19
9
32
-1
63
32
25
50
56
6
136
40
