35.296350629938075
14.992517250191671
23.910373482726424
17.48637704918033
45.20705394190871
85.69428571428571
275.87705234159785
10.789253731343283
50.3077566539924
36.964683195592286
120.38995305164318
5.520586734693879
27.177931034482757
8.695379911200472
50.70651612903225
45.78008130081301
38.411525616698285
20.46050519031142
17.44524475524476
17.623597535934298
50.77590419161676
134.07539325842697
63.1132326951399
65.95333333333333
13.267293233082707
14.371884205180297
34.90390887290168
266.28741109530586
43.95206896551724
38.5401776384535
44.999591836734695
42.57782608695652
40.93827231121281
58.60730158730158
6.391055246252677
39.28476190476191
91.3664609053498
84.93557522123893
119.4990566037736
37.20814829659318
26.39496392496392
5.541870882740451
9.14761151891587
14.523221629855296
55.66379310344827
49.456428571428575
19.291190476190476
98.5790891840607
14.21332456140351
38.287962962962965
77.80385542168673
262.6319624819625
83.87628033680039
30.785903684363216
95.67847358121331
10.468493251987429
8.62064116462754
72.93291139240506
55.16916666666667
118.79444444444445
58.18897007654836
13.442732282129537
10.714561403508771
10.980075075075074
6.195379249448127
39.994545454545445
37.67272275334608
30.12359615384616
44.314073019594716
176.34620320855615
30.27173652694611
7.375468879668052
27.419853658536585
135.95637362637362
9.202388101195442
86.51675213675213
12.205402298850576
148.4624681933842
39.72349908592322
109.95687074829931
105.43060245739198
21.620630630630632
230.85235294117646
57.74367088607595
20.48477111540942
179.99327044025156
210.67758497316638
170.79898876404494
101.41375
115.88307443365696
80.85303030303031
31.701098039215683
38.2283548579376
49.92638783269962
99.72313432835821
183.5743762781186
84.54398230088495
30.2993657219973
104.10409982174689
64.49795454545453
15.209545454545452
8.927954684629515
66.70056179775281
214.79225352112675
66.50168539325843
34.48261947165331
32.94696132596685
47.24240310077519
77.52134328358208
148.09050505050504
18.59317772317772
36.659508816120905
18.464362934362935
89.0922338204593
59.408865248226945
69.12513513513512
18.632380952380952
5.4889517764836775
25.656230017761988
28.841428571428576
58.35689320388349
26.482420091324204
51.6855072463768
42.77621973929236
88.29032258064515
13.462499999999999
21.82183463796478
14.685963470319635
29.631420765027325
135.47317548746517
151.35608478802993
83.20466666666667
7.578733931777382
50.9586956521739
45.15650406504065
112.68548821548822
20.753613445378154
107.52319248826291
26.598000000000003
252.3878475336323
92.6564705882353
10.096490924805533
90.31973720608575
84.2011111111111
95.356796875
12.911626553132333
46.328267716535436
10.868854219948847
12.556007194244604
73.58573604060913
21.12546218487395
91.03809195402297
107.57830155979202
42.27950937950938
30.4144495412844
106.35410934744269
133.33704225352113
63.49555964653902
100.55970149253731
66.20765363128491
191.61929133858266
52.28676991150442
43.297462845010614
48.53276923076922
279.6646414073072
4.614616780045353
32.26477272727273
29.602647975077883
66.73666666666666
16.47382532751092
53.7512293144208
44.94544715447155
60.665644171779135
150.91884422110553
37.44409823182711
30.74285714285715
6.575682008368201
127.90765140324962
50.56089430894309
95.1185294117647
29.9474637356064
8.822431190150482
27.37490984743412
49.36469696969698
21.87655624568669
25.41081632653061
13.926176470588235
10.17079776847978
24.337167151290867
14.621230650154796
24.07428571428572
24.029365079365082
180.40458333333333
30.055140364188166
158.59142857142857
45.27341365461848
37.13757575757576
21.52304347826087
33.80467065868264
42.133042635658924
19.63
60.86841463414635
22.198587420042646
30.78356679636835
12.008828828828829
4.891397849462365
49.28804334365324
24.124572072072073
19.60157971014493
24.69271929824561
31.38472897196262
21.897099337748347
44.56333333333333
32.83739130434783
24.366666666666664
26.127352472089317
6.522807881773399
35.97545454545454
80.92915262889228
29.875935001737925
27.95024429967427
130.11809667673717
60.90353951890033
9.34558176100629
23.982442748091604
39.73938129496403
13.166228292024954
29.44395533498759
45.49964646464646
25.14105691056911
28.71897394136808
123.08123456790125
326.5291425260719
86.64627705627706
152.3951612903226
80.37976744186047
38.91277227722773
22.15425
99.28297709923665
44.486397812713605
6.826900562124443
24.15825719120136
12.35304195804196
77.9204761904762
37.84779213012797
26.951956947162433
41.27223214285715
57.96772151898733
44.43297520661157
32.23277258566978
12.12142857142857
10.375140692640695
118.38230283911673
19.679946683727874
82.81363636363636
36.75589465054314
27.555163398692816
63.19963855421686
22.7081223628692
61.648553076402976
6.964352402745998
70.99299465240642
38.676114068441066
134.10154929577465
126.74467455621303
93.89358565737051
10.951439966414778
85.30063063063062
49.90810408921932
27.00891891891892
9.385588235294119
47.21417749603803
26.141457579972187
32.76786892975011
1.2319310344827592
27.95854895104895
129.56020408163266
10.252961513372476
14.835111111111114
106.13095238095238
35.8273883161512
141.97311258278145
119.77890282131662
32.776340136054415
62.929761904761904
100.91194029850746
154.6459708737864
22.994087301587303
48.906666666666666
68.94180327868852
30.179471947194717
79.60867924528301
58.06179487179487
6.759459915611817
11.634226190476195
22.799272727272733
24.441844660194175
17.427142857142858
67.63923076923076
69.52440476190476
42.57879310344828
24.961014492753623
35.30414918414918
37.51478776290631
19.80071719325451
64.45490421455939
53.812413793103445
29.566306265889043
16.16268115942029
23.044660894660897
43.930572483841175
120.9075
142.37828496042218
168.3402460850112
28.315897435897437
65.32389972144846
61.49361445783133
69.237311827957
15.918701754385967
11.129402298850575
17.800126903553302
75.15197044334975
76.20844660194174
58.95174291938997
41.917586206896544
57.49448717948718
4.3893089430894285
74.983
43.67833333333334
16.369259259259263
11.776142611683849
47.0071875
73.21408740359897
58.18952681388012
15.621094228504123
13.364087951094458
32.492727272727265
96.94395393474088
36.18434523809525
161.02803738317758
13.575846917080089
31.86114691943128
132.00113475177304
25.94754864520822
71.9038961038961
88.56799242424242
24.906825817860305
281.9677479892762
99.1960700389105
183.64453798767968
33.561914893617015
273.0880359612725
56.40659935379644
83.54657657657657
26.668327796234774
156.17629807692308
5.166787576513261
46.05666666666667
29.553417721518986
36.12449622166247
98.59552308343922
34.07508196721312
11.180428134556575
60.97425076452599
58.80073737373738
19.491785714285715
11.692902097902099
35.737703081232496
122.09385321100919
26.680218068535826
99.34940074906368
15.669593114241
41.2789467849224
10.41139406487233
55.60197278911565
35.85478941034897
175.51239316239315
28.716225895316807
19.76226480836237
11.898259705488623
27.206796536796535
7.928163265306122
26.353048780487807
67.79438202247191
6.3081933842239195
28.25234602917342
91.43694214876034
47.3590404040404
5.022117647058824
22.069841269841273
119.72169811320754
17.293908450704226
72.55217391304348
64.06445086705202
22.350303643724697
10.010651897122486
68.96679045092837
25.59376811594203
49.32516129032257
50.162835249042146
37.529686998394865
94.81711170449488
9.793154761904763
16.08104868913858
35.04737588652482
38.3951653543307
50.40208645054031
52.73283831282953
23.600657534246576
21.786909378141605
149.14179066834805
62.21712443095599
55.203454821564165
18.70282213438735
19.03966562173459
26.281719045165726
10.030170454545456
90.7329288702929
16.31569858712716
46.11498234349919
272.3339667128988
24.13718181818182
22.330000000000002
17.75017158884673
51.69737625178827
188.94450199203186
4.189050376375217
44.300769230769234
31.821676959619953
8.77192377495463
160.22286384976525
127.72263157894739
44.025886224729675
39.789331291475236
9.13589966112902
24.807029520295206
22.229677523379554
41.975867346938784
93.22965903992821
39.896076782449725
36.273434343434346
26.760416480071658
10.305737704918034
159.9906619385343
218.25648083623693
28.047200647249195
12.101277258566977
27.868269441401974
13.644110831234261
132.68994334277622
222.75
157.5363417569194
27.56299090422686
110.94999999999999
45.9837933227345
93.98589743589744
31.538201834862388
262.34167630057806
24.024986449864503
58.63585987261146
51.97672320514695
89.08521698984302
39.50867931688805
39.618319391634984
8.997409493161708
11.717243874480584
80.6122084623323
56.446338439095555
143.89880829015544
169.55803571428572
13.745285714285718
19.17729434697856
3.7698809523809516
15.617941747572818
200.0011363636364
156.42443645083932
99.40607879924953
53.127798306389536
242.30208722741432
9.928283555235698
120.27827586206897
177.2017094017094
66.62555555555556
306.746354679803
175.69254859611232
130.28565217391304
112.13733333333333
42.783043478260865
163.75372093023256
18.140184964200476
56.50947712418301
22.793385012919902
68.05675675675676
180.98514644351465
26.962891373801913
47.12637176050045
11.524646648468305
103.55992700729927
47.47108527131783
242.4402021772939
22.798
125.44731343283581
132.98157303370786
183.95122448979592
25.098426512968306
41.30768463073852
178.51282051282053
49.46358208955223
18.271381987577637
67.96411764705883
61.73571428571428
72.80570680628271
172.1130434782609
116.50718849840254
29.740361445783133
68.63163069544365
44.80798353909465
51.62157715260017
55.51694352159468
159.33377358490566
123.97987804878048
106.24894736842104
54.97999999999999
16.801884570082454
195.8519305019305
56.95612903225806
73.06333333333333
142.09423592493297
24.5057094972067
165.71792710706148
43.00349301397205
67.0973631840796
23.430873015873015
8.75017391304348
22.19009009009009
15.701914893617023
51.97610062893082
103.44144927536232
134.07623955431754
156.9801941747573
51.61888475836432
31.42573099415205
23.09829457364341
177.3470401691332
48.38407407407408
107.71739130434783
7.858918762088972
163.7673271889401
200.19
72.91432225063939
55.243875432525954
87.37371905274487
10.65233031674208
27.227333333333338
40.715321100917436
84.1262831858407
34.46854460093897
31.348484848484848
126.89611275964393
42.06478260869565
213.7083745583039
61.34763916834339
92.31534412955465
251.67514970059878
54.67587412587413
48.401153846153846
139.85168021680215
203.01674115456237
8.91753623188406
37.70790849673203
203.94933456561924
5.3825998547567195
72.26161512027491
96.69495145631068
132.89050991501418
182.88319672131146
43.59399176954733
12.99985507246377
83.38446428571429
52.80361972951471
82.99038374717833
93.7588
27.760526315789473
106.66412587412589
43.78283746556474
4.909240889509839
1.1741555977229616
15.857249799548075
45.403125
169.12946188340806
164.0120276497696
300.69968553459125
17.1890990990991
61.84903614457831
54.6027027027027
178.90846481876332
151.573
10.73846153846154
11.010769230769231
221.59659863945578
62.82294117647058
8.835758112094396
111.7243143812709
17.30097292724196
22.113500931098695
50.962592592592586
65.59450467289719
84.09778270509977
62.34893119572479
141.72617021276594
94.94924262439454
19.00371761459451
143.2851832460733
35.77789115646259
33.87509972489684
73.02474522292994
102.06380073800739
25.944756995581745
6.884345172031079
22.630026160889475
13.942795580110499
72.30129533678756
31.34620961952621
48.74188679245283
111.26128378378378
22.97971014492754
8.631538461538462
2.7325396825396844
20.515361111111115
14.573080726647316
17.62041237113402
69.34837837837837
16.481096718480142
21.614590163934427
10.998195211786378
28.02
19.650692883895136
113.88135313531353
27.344520547945212
30.676038575667658
57.78101265822784
22.23107142857143
41.04765765765765
213.18717314487634
37.095186379206126
12.343013698630141
166.0445205479452
57.17111346018322
65.74438596491228
62.3110843373494
24.84091860465116
131.34443181818182
165.62517673888254
17.84142857142857
16.573159744008034
36.831094567404435
25.428899371069182
35.45813186813187
26.643811659192824
17.301611451942744
62.32238095238095
14.821043256997456
97.98554982817869
76.64268292682927
203.3697026022305
17.820179337231966
39.43428134556575
21.83756862745098
34.19164879356569
6.683357501394308
60.90353951890033
173.7281659388646
20.988237762237762
106.05140319715808
227.6786898839138
24.900840336134454
136.4904958677686
22.813058608058608
13.911128205128207
35.70980473751601
10.192338461538462
60.3558315018315
275.8891780821918
22.328535622656407
112.89759381898455
6.699090909090909
46.361754385964915
28.598383939774155
21.808032786885246
72.38643790849673
67.73977715877436
28.438510971786837
218.07525951557093
6.128611111111113
42.16739130434783
20.903249475890984
57.60429992892679
62.99508584686775
45.73567088607595
27.90016795865633
112.06381112984823
132.5491977077364
129.1645772594752
20.352366522366527
97.84990403071016
158.67313609467456
130.8957142857143
13.230177209973213
35.089275362318844
136.50747252747252
17.763973885193398
30.461904761904766
40.47919864559819
107.55514938488577
213.5427659574468
38.142834914611
26.515813586097945
8.034521112255408
5.339030100334451
160.00169811320754
11.864574468085106
29.521172839506175
36.7432607003891
26.985522437489653
42.05595342066958
340.6355555555556
54.05212351945855
79.10373291272344
28.227289377289377
9.887725337374615
76.26063725490195
9.091517835178355
254.06323442136497
83.88677130044843
52.20898039215686
53.283643410852704
48.47921937673557
88.78193277310923
54.448951048951045
84.82957549445248
56.49797957695114
81.84390804597702
48.28464752791069
25.795737347294942
108.70561643835617
146.55273427471116
134.99657381615597
12.955582922824302
23.95709677419355
18.232916139907292
35.53233369683751
75.19013400335008
53.06116838487972
38.47530878859857
216.61188153310104
46.802963696369645
63.32918128654971
73.2426913425345
139.30807486631016
141.37928381962863
8.346510086665209
23.511809045226126
134.7714606741573
111.68724832214764
37.09325957727873
21.220575163398696
12.001542940320231
38.11269230769231
161.39372093023255
29.542344258193648
53.58947368421052
59.324030683403066
38.46594339622642
56.83
72.11969072164948
22.85184824902724
68.20355072463768
211.45428571428573
23.73860465116279
23.644796460176995
98.84201520912546
9.562695875271363
134.07539325842697
86.40448275862069
26.48958620689655
38.93050351288056
16.288894009216587
42.31007640878701
20.49783882783883
25.71782874617738
25.5091785150079
11.435580246913581
78.43981132075471
85.92129310344826
33.33812154696133
30.81093023255814
24.866042916893978
11.021575067890861
37.858045801526714
47.22461538461539
22.801574340377645
50.20340337865679
97.84335282651072
207.2910909090909
19.644195011337867
18.806701754385966
19.474081451969898
98.26841634738187
16.027902264600716
19.962321232123212
6.288
32.93766371681416
48.679851301115235
10.624315912333032
30.438351648351645
80.6937037037037
17.352341463414636
97.5201550387597
15.907055806938164
15.016155857740586
47.71514348785871
14.609753086419754
19.242392052392052
71.72046632124352
138.73258760107817
19.80991596638656
69.59
30.09508982035928
100.24205607476635
102.09834862385321
38.18822222222222
12.11665440425097
30.819662756598245
28.047873288761547
37.534379446640315
47.415539754363294
11.371904668689442
180.69958333333332
16.35328853240841
56.66163254593177
213.83567375886523
45.195161290322574
20.549988528821334
31.429944954128448
6.361337693631668
37.2859217221135
26.049640287769787
102.41877450980392
262.3246242774567
15.509890109890112
23.76923076923077
23.783782287822877
29.12348297213622
83.17303370786516
39.51522988505748
34.79678082191781
12.780392976588633
9.300569741900059
92.915140562249
110.97320819112628
10.452046204620462
13.804634146341463
40.78934523809524
107.51255319148936
141.7690374331551
27.470376731301943
31.988295739348377
43.97333333333333
80.61761904761904
68.50282608695652
64.16272727272727
13.679581646423753
167.82866369710467
51.744545968882605
26.135314009661837
8.265891455483295
140.98699731903486
164.4340366972477
81.29462962962963
25.901378504672895
135.34832402234636
27.653795986622075
10.186655948553057
43.12585774058577
55.59932432432433
146.4976923076923
38.14652772466539
79.45990654205607
163.11063781321184
134.4481512605042
111.685
41.05362884160756
45.02367346938776
15.947104926423545
26.873336032388668
182.49246913580248
35.343095238095245
18.864209523809524
25.68935664939551
14.477058823529411
76.7378431372549
196.95137404580154
66.11302244039271
101.51962962962962
20.843174273858924
28.794842767295595
16.419238423268272
16.17985347985348
19.126541850220267
133.26333333333335
139.6635483870968
33.14771428571429
25.191433021806855
25.34
155.47385542168672
17.56844282238443
8.958130364184644
73.83383838383838
26.22243772241993
31.771395348837206
12.136396396396396
51.557620743988494
179.6520920502092
136.7688950276243
22.386935483870968
20.058471177944863
109.92581081081082
23.584470046082952
50.39951664254703
16.715920526014873
5.976948051948053
14.011296582759108
42.360098039215686
45.88315315315316
61.842121212121214
149.0440404040404
32.486558951965065
5.802924126172211
99.64112781954887
39.60405565862709
68.2356473829201
53.96700835231587
24.429641025641022
142.70626666666666
6.724376296296295
24.49364261168385
48.90976635514019
4.462136687817477
92.24411550704866
101.34287784679087
43.95009602194787
20.045394075740536
11.930647534952172
47.6132261208577
71.57028686173264
74.70343283582089
10.615744890038808
75.93562262098968
18.83658126195029
117.4496805111821
62.99839850560397
41.113633257403194
20.54294117647059
81.51479238754325
34.751839080459774
71.512
1.1939137071334116
29.493632043448745
36.61696593186373
107.11797202797203
28.629189535778405
129.00304347826085
26.59252410166521
14.855193113075849
50.22546125461254
32.49650613567955
190.44663366336633
214.9215789473684
52.46567223548129
23.15994923857868
44.27694214876034
8.054554593933037
76.07830423940149
43.138275862068966
14.658880208333333
7.665311355311356
20.557549962990382
60.129202211690355
42.51903085299456
23.29107552870091
210.3763309352518
46.328267716535436
39.27109195402299
59.08148459383753
45.910850202429145
62.512905634758994
21.343523809523813
28.55843848580442
140.10750677506775
55.979866220735786
52.87533333333333
111.06061224489795
25.81079083094556
11.825115658362993
15.00426742649488
96.67313725490196
63.39818713450292
25.973802816901408
77.07019704433498
168.91780269058293
3.2666467065868297
53.507241379310344
12.946590563165909
21.06171633554084
131.33218390804598
33.97562130177515
47.674800000000005
40.298538812785395
17.103708368317943
26.993296587926512
121.68221183800622
95.56421875
103.44144927536232
66.07581005586592
18.264386554621854
46.90645383104126
60.03375
65.73666666666666
28.841428571428576
41.472882882882885
11.204519685039369
34.85351598173516
63.7653488372093
11.643979153893316
90.03244897959183
47.97
10.697030812324932
43.695641025641024
31.2835446123842
51.53074074074074
40.864292237442925
19.522641509433964
9.684119278779473
77.81851485148515
43.93299904489017
56.298947368421054
20.339743589743595
13.866779141104296
45.16409420289855
19.107207207207207
75.17308457711442
23.418713757540377
26.357558216899537
125.07120481927711
51.769999999999996
11.62219424460432
85.17363636363635
42.278679245283016
160.2365882352941
122.80472392638038
192.43228346456692
7.028333333333332
15.64238095238095
123.97987804878048
82.75289592760181
104.26942446043165
178.0455602536998
93.94059760956175
130.626
108.39460869565217
102.3062962962963
90.15246913580248
59.23734177215189
185.63235294117646
17.5374213836478
72.62736040609137
5.0340424853956485
34.46827956989247
118.54297124600637
120.09332288401254
40.53543589743589
120.75037037037038
9.408127090301004
66.61830985915493
6.970632183908048
47.869554655870445
67.7607182320442
98.70954887218045
136.7326815642458
25.638912655971485
5.25060606060606
73.88886075949367
12.502594268476624
3.818655462184875
37.00633819951338
66.1106936416185
65.12333333333333
12.572349206349205
26.889984276729567
158.29213776722088
54.786259426847664
96.81687258687259
5.7547509800141405
53.46138321995464
21.087422680412377
75.67512315270936
6.093537549407117
3.031380323054332
6.32848191543556
149.67361809045227
22.2006301369863
14.684767676767681
60.89439252336449
39.80681818181817
10.829109905565602
62.41424242424242
22.090738362760835
111.40715008431704
228.8405785123967
30.436892327530625
117.95862619808307
39.23793650793651
5.059851463521188
35.137680672268914
98.99022900763359
159.13896226415093
46.917632696390655
63.38564152159897
27.22455408970976
35.0303326572008
61.03030487804878
150.58748419721869
77.23784841075795
71.66316076294278
18.97381970970206
119.4481690140845
33.26364498644986
41.85956521739131
21.821265597147953
19.8605559566787
72.68725888324873
225.26396984924625
11.68416380655226
85.03999999999999
44.23101289134439
45.02367346938776
56.02390777338604
73.84333333333333
54.119854748603345
140.25673360107095
219.49896551724137
18.205848946135834
4.861999027237356
40.16703252032521
24.992893081761007
15.064539200987742
226.924
84.98736141906873
7.566524851431659
60.19846421904168
41.29377777777778
78.56588516746412
25.25648492549382
24.900518042157916
82.79294503277862
29.294879154078547
33.12406593406594
144.6443455497382
37.01586419753086
90.38081967213114
9.392215639810427
59.64802935010482
19.527234200743496
265.12628571428576
98.26947942905122
235.6924
235.48576923076922
135.25315789473686
107.90820069204153
70.00022538552787
93.95393401015228
229.3086776859504
33.2722605965463
17.34788961038961
53.13375094912681
133.67734265734265
100.65314606741573
55.599999999999994
28.19127293844367
132.22742857142856
28.71127554615926
84.22732142857143
298.7889886219975
59.65688976377953
132.0292176386913
225.46505843071787
38.255563218390805
250.21825301204817
79.88698113207548
70.5686170212766
50.387191011235956
186.03202429149798
179.77
16.61983325822443
20.15178970917226
17.143068181818183
53.850699300699304
32.201851851851856
167.80027027027026
56.24719298245614
179.67167714884695
144.84647668393782
12.09853191489362
49.80114427860697
29.316356107660457
148.63173469387755
110.19413793103449
207.8386388384755
24.895293113261236
172.37814814814817
164.69651480637813
76.63805825242719
118.31677316293928
36.45361018826135
7.8141904761904755
5.790184612363138
46.480909090909094
29.061544041450777
127.69322580645164
16.55679032258065
160.09322274881518
3.991814959234315
17.762861565678907
66.68478873239437
96.18725490196078
139.44862258953168
20.308681384248207
30.023091028159786
118.4573015873016
13.220730797912008
31.713096196868012
26.873449735449736
129.37877192982458
133.22478753541077
8.029556541019957
36.33543147208121
22.81082706766917
16.416363636363638
44.275000000000006
21.055474402730372
137.78726027397258
24.8653091684435
78.82023529411765
70.90737400530503
71.24540106951872
148.16215189873418
110.89760942760942
75.95012658227847
107.03845070422535
35.77680134680135
4.10025396825397
170.60136563876654
8.837820512820514
24.50818181818182
66.93872549019608
27.666417033773865
49.3671875
17.028643256185152
76.92217391304348
22.18230240549828
15.97814432989691
8.445073375262059
6.984285714285715
40.209090909090904
140.9723872679045
38.29204654895666
28.216063218390804
8.86476621417798
15.998861283643894
20.966660577274386
188.576369168357
32.405672268907566
36.92223367697595
63.78147928994082
4.576252692031588
98.09615384615384
20.40666666666667
7.753214285714289
19.46242990654206
231.144332247557
69.12328912466843
23.55785714285714
46.825199999999995
35.209791666666675
95.80439121756487
26.391526803255683
124.9290361445783
141.88397849462368
122.25870170015457
50.54954713493531
54.27237105465743
93.098
68.69521739130435
152.00071253071252
22.53809523809524
55.899219858156016
76.58077669902913
45.55069168026101
23.766776630571652
66.67907960199004
57.32298850574712
147.00230473751603
260.46351664254706
143.25966057441252
46.609687400318975
192.4125396825397
55.3308347386172
11.453990147783255
69.71496062992125
51.81187388987567
64.50228070175439
15.548013986013988
29.215313479623827
15.189450549450552
24.501086705202315
21.9388840905165
34.235663082437284
15.145825082508253
82.66921348314607
142.223178807947
39.58493638676845
244.10906976744187
63.014910581222054
51.53647106764467
40.67054972875226
12.721040268456374
27.729387367850368
208.85342342342344
30.112110453648913
191.96025440313113
111.51343434343434
85.65913000977517
86.78453961456103
39.260032686021916
12.797747252747254
87.37086206896551
102.38985294117647
31.527809523809527
42.15545195729537
88.44310892940626
38.12815533980583
34.49085106382978
38.40271042471042
36.950992063492066
42.127281600780876
54.481152512998264
13.528422061328794
6.97327625056332
107.07319148936169
203.69793296089387
25.827095363079618
113.0661204013378
181.76917012448132
133.77305439330542
228.4114876033058
77.80288461538461
8.031039541707418
77.15019323671497
66.90047702407001
188.2910101010101
175.6252688172043
21.943529411764704
200.90268656716418
120.05937499999999
97.11017612524462
114.66344262295081
12.829849170437406
38.619841269841274
26.860000000000003
38.26705882352941
105.08964412811387
140.98783783783782
30.14251188051595
7.956717783823894
55.67789473684209
92.7134547908232
21.77131596091205
21.89822566173172
63.142523809523794
96.67675048355899
48.51463086209564
91.54474254742547
23.1331746031746
144.92631578947368
23.18111111111111
103.58649910233393
39.864845522974946
36.537194719471955
33.564357608052106
11.288939740655987
30.0596645856286
121.64656298600312
18.373834900731456
21.27322344322344
59.926049382716045
12.993961144090665
45.645737704918034
46.20204991087344
239.24794628751974
21.26308250825083
37.29213535228678
16.930612576064906
29.808005249343832
19.049288537549405
40.133488372093026
155.26219512195124
86.18728476821192
67.36955801104972
89.08166666666666
30.739265129683
27.601005524861886
21.15613122171946
16.505292096219936
10.049120879120881
4.8390534598472605
7.270445930880715
42.084293598234
101.2574074074074
39.330501165501175
32.695972738537805
19.865349823321555
52.98551428571429
96.70111111111112
48.13613475177304
40.67570776255708
5.159202898550728
107.70404844290658
23.28401002506266
14.946735785953184
72.81341772151899
121.03235294117647
12.01062717770035
18.214466019417475
59.570581395348825
13.157309439676933
32.28880637813212
127.4509970674487
9.451047619047621
27.148981077147017
70.12856893542757
48.3174458874459
127.23343195266273
62.227380952380955
154.54999999999998
112.35
13.94881022203603
97.17583657587548
16.79059617547806
84.76491228070175
51.43156862745097
105.04257950530035
45.0356846473029
16.108752997601922
16.414481605351174
11.073888759055858
86.36867841409692
20.651358296622615
89.13271604938272
15.6807624890447
188.38390781563126
87.59
81.92649289099526
5.820342771982119
56.92306188925082
7.544243733794296
5.000072522159552
16.392723631508677
44.08509030100335
119.06375
28.152464751958224
22.36106870229008
55.92399999999999
27.503333333333334
22.414753246753254
36.896601941747576
38.30823899371069
11.622839274546592
70.08684210526316
28.244670912951168
39.68163770794824
16.397299798115746
63.56070381231672
28.529964463397302
119.57307086614173
33.45025157232705
98.53564053537285
32.088438799076215
28.367570291777188
9.616936936936941
131.87603988603988
26.980095238095235
158.31047619047618
176.618025477707
16.6888344988345
100.3934450651769
22.64266411378556
42.697674502712474
22.845755329008345
190.00103174603174
15.86319510898458
25.96532428355958
37.512595963593185
18.921869324705145
11.843119310952336
51.95403508771929
42.823884297520664
47.13187943262412
40.08382262996942
60.013456790123456
28.18211920529802
134.85432584269662
27.582354124748495
6.2890684596577024
20.918181818181818
6.45816137566138
43.3687610619469
127.55480938416423
45.51296693476317
84.67451327433628
42.88408704883227
26.39188811188811
5.253277962347731
28.918607594936713
14.477999999999998
195.91130518234164
31.71936950146628
94.1364
11.395333333333333
60.396880733944954
27.41684314620417
111.3749180327869
1.2663986013986026
34.839206106870236
30.919593495934958
493.90960030745583
33.54870370370371
2.037464812054978
96.44060606060606
9.228397608370706
33.17333333333333
46.826190476190476
85.17186274509803
28.968726434855466
10.674923774894086
27.812645161290323
74.39670886075949
45.42622368421053
26.764470588235294
59.32302861685214
10.074605139085339
13.063468886462882
10.084780108508138
17.415346112886052
10.259814094249894
59.09210768685796
15.729620733249053
12.16009049773756
6.635390982503363
4.689091932457785
6.576740340404939
10.110088250498485
43.02285714285715
7.880046511627906
20.602211123443087
44.99354166666667
26.228255551979398
53.98622786759046
40.27037267080746
45.59693718477763
8.123333333333335
52.874247191011236
25.614158006684907
33.682243574901605
10.029664570230608
28.34675324675324
23.768590341697138
160.94792452830188
29.577214105793455
24.509173126614986
7.312584192439864
132.37914285714285
7.38554288128433
15.972822742474921
4.793680159376983
45.9239837398374
109.32151462994837
11.390559440559443
70.63541889483066
15.718761904761909
6.167651962664621
76.6450124069479
53.124545454545455
256.0429203539823
132.83845070422535
21.456744153867444
24.11228096228096
28.755913978494622
84.83275938189846
39.97074279379157
14.141798063623792
84.20098214285714
13.558567170534385
26.99619047619048
18.47128358208956
45.05860824742268
22.541524879614773
76.21754820936638
66.47579545454545
204.0730426716141
4.929173806609548
53.32980158730159
89.38181434599156
37.89520437070013
44.91750521920669
132.868
170.70352549889134
16.32982905982906
162.79387990762123
63.21071428571429
41.255126142595984
116.03582524271846
47.06539811912225
75.101
26.76595744680851
80.80800947867299
10.553048272482236
214.8801754385965
28.38588203753351
110.03917808219178
55.23003344481606
64.33860058309038
21.68876357560568
161.23792540792542
73.82532994923858
32.33463308028526
8.27232675183895
122.84363636363636
16.81841530054645
3.592359925487184
29.347006369426754
65.07000000000001
35.231330749354
33.63495495495495
36.45286626746507
90.75429752066117
146.96289002557546
2.308785185185183
-0.00423893268647646
18.125736625514403
29.51180124223603
121.2109090909091
184.70852760736196
42.21314148681056
113.33418604651163
61.79731343283582
98.8632584269663
88.70966244725739
16.01604958677686
18.331140642303435
31.979431870669746
41.38608442503639
188.23475806451611
151.29015037593985
24.325555555555557
65.73666666666666
164.32217391304349
21.7064
22.545381319622965
7.477347316114869
320.99047003525266
48.46113508442777
56.443240525908735
29.064285714285713
22.198835016835016
25.26842774566474
159.97356807511736
11.389671361502348
149.86395465994963
95.03039215686275
97.27923076923076
17.540476190476195
15.033465045592706
34.15068880688807
86.62381974248927
158.0857142857143
22.195681818181814
7.258892561983469
50.24072727272727
7.8849485562562265
83.01504504504504
17.084158867290615
11.552782283218967
12.085723270440251
96.32522417153996
99.37496240601503
76.68968215158925
65.97692737430167
74.06810126582278
27.16708413615928
7.4211745875400155
20.774822654462245
56.65795698924731
8.31068181818182
65.90505617977527
78.72017377567141
22.256736474694588
76.35212560386472
27.386666666666667
30.23678728606357
118.36515103338633
52.24111111111111
89.40922746781116
106.00353982300884
34.215679012345674
31.63589025237324
48.74787878787879
27.454389009399858
20.354210526315793
82.36168564920273
30.798996705600477
16.84942257217848
101.81688073394494
7.871804910418053
10.187943262411348
237.80142857142857
62.202367538564715
26.306804915514594
46.05666666666667
3.6633857442348017
106.41690909090909
7.705555555555556
16.200853002070392
39.133846153846164
145.2003664921466
59.188748091603046
47.820068728522344
163.45657407407407
14.758871391076116
109.78281833616299
41.95033622559653
32.827417654808954
32.40899138991391
58.632318840579714
24.494975399754
79.78293706293707
40.3797247706422
65.81171428571429
47.27410256410256
33.90738636363636
65.20242251739404
159.34905437352248
90.72130081300813
27.447599999999998
59.70937187723054
68.4762015503876
4.350042194092829
10.410081300813008
20.264053662073966
51.99991869918699
32.29124452782989
87.58439232409381
24.035440613026818
15.505094269180514
73.9011111111111
17.122603448275857
15.0562987012987
74.99555555555555
171.09519823788546
23.60727874276262
33.8278418230563
17.67891625615764
30.38775925925926
122.07
51.60041362530414
17.08948117154812
15.142500000000002
28.69535166745693
13.927211595346083
184.94479674796747
25.18885082872929
23.592134969325155
84.02981651376146
10.560724078834621
34.571270788912585
92.32137931034482
64.598
19.3180163599182
138.11359673024523
10.313766640042598
50.70560606060606
167.88596412556052
34.45097838452787
14.89155555555556
45.4552688172043
17.625617161716175
66.83888888888889
78.94075471698113
92.06212851405623
11.194802955665029
26.50429653679654
23.71989517819706
5.769164607019281
151.35767209011263
26.900383202099743
24.880489675516227
23.08937380191694
11.906470588235297
83.01504504504504
168.57782997762865
15.218082971538838
16.920392156862743
157.99276849642004
15.643140995812008
15.133650306748468
31.084923766816143
38.59519696969697
8.184375451263538
59.489263803680984
8.744514563106794
28.20837116154873
22.384094488188975
14.63723424723425
1.6030000000000015
43.75872591006424
115.8551948051948
169.84494407158837
52.555511932255584
63.95023391812866
128.6261855670103
152.16091811414393
18.434393241167438
46.64978835978836
22.581613108495066
60.112163009404384
92.61721088435374
100.70916666666668
31.56526605504588
194.35980392156864
33.061230391230396
32.95406515580737
16.059322344322343
32.32501400560224
54.016241134751766
42.303628318584074
231.36414075286416
82.84016064257028
51.99413124108416
39.70805323193916
118.15761904761905
145.33559585492227
49.523161512027485
41.599720430107524
8.250103039073807
28.734435736677117
48.47886486486486
138.77561569688768
14.985940012368584
28.35110374414977
25.26029411764706
115.060826446281
69.98022029372497
44.20783832879201
31.49824302134647
148.98367088607594
37.121764705882356
12.061394557823132
19.04127966976265
137.75460674157304
238.558214849921
14.858823529411762
35.6673433166944
27.909982817869416
34.63492125984253
18.282711294347404
137.9849863760218
59.71729559748428
88.87425531914893
19.114505494505497
135.58002770083104
41.31749722735675
252.8233532934132
130.34834532374103
120.24690402476779
51.12900709219858
25.04357142857143
57.77451612903225
14.967451298701295
51.87441923774955
29.25310606060606
35.41699034639409
56.6652661498708
12.175114840989401
66.25456582633053
36.546400000000006
62.94456780923994
45.35438900203667
67.33666666666666
182.47049586776862
74.86917098445596
29.60098201936376
115.42482200647248
84.79579868708971
26.26629343629344
53.36596899224806
28.222890052356025
10.773233429394814
19.075787545787545
53.751499316005464
33.29698881431767
66.88060773480663
14.454850244752343
58.85461964038727
49.89962264150944
31.09994744386049
51.6427536231884
54.861999999999995
285.01401062417
10.881447596988998
12.25951265229616
49.65310432569974
30.926706114398424
33.24581038498425
30.24954072999758
71.07503916449086
41.775129589632826
177.46983014861993
34.95033509700177
109.99700680272109
164.23949771689496
95.43914728682171
134.93083565459608
193.30515625
89.54799163179916
39.79513761467891
76.70861386138614
42.93551059730251
43.74651214888851
54.79346786248131
96.17093023255815
69.52440476190476
111.55725293132329
44.1820218579235
29.563233132932535
44.23793388429752
5.5878422047436125
37.122196595277316
43.02327635327636
44.86261261261261
57.248453355155476
89.99851239669422
21.869469901168014
17.52474613686535
35.427925407925414
110.06326599326599
45.17863453815261
7.1584883720930215
79.5231381733021
31.542344740177445
181.6885446985447
10.524489164086688
100.2641121495327
24.43285714285715
161.6537962962963
103.98983993597439
40.17594594594594
61.09637462235649
37.11411167512691
99.8043396226415
76.44862745098038
69.38938337801609
43.09051282051283
215.07594405594406
22.939012313335088
78.24143884892086
10.943265124555161
58.81703442879498
3.137841055341056
214.59035087719298
200.210977443609
43.642324397692576
26.590127897681857
26.546950875211746
61.377272727272725
57.17877192982456
35.16684210526316
44.71086419753087
50.434498141263944
48.11626459143969
109.03243523316063
51.47311986863711
48.93262626262626
27.811401971522454
7.6321302673047775
142.04
90.15246913580248
39.00300157977884
95.771640625
35.94563291139241
10.30845126835781
175.6888888888889
13.86216435738175
21.892532467532465
99.70295880149813
49.19147058823529
238.12506329113924
55.819489465153964
48.4315503875969
57.28228070175439
10.843844797178132
16.21904761904762
84.59983479105928
52.68654545454545
65.24980952380952
177.094033970276
10.498493070751277
196.21665071770335
41.10995475113123
5.792696629213484
39.70277511961723
40.55980260707635
185.08869918699187
49.11261505273251
80.74833333333333
35.345
23.583570093457947
36.40071222725402
60.774090909090916
235.3529392971246
42.985675302245255
248.31515151515154
34.49579104477611
126.73464285714286
35.76756367663344
14.140406504065044
15.07508771929825
45.61387096774193
24.148650020300455
14.871390300230946
64.55304761904762
72.73051282051281
71.587134604275
73.30819444444445
27.306281949934128
172.2853711790393
11.506654135338348
16.622118417859742
169.9371111111111
29.97918200408998
70.62100529100529
23.1337929786464
62.15714285714286
4.601564596716631
133.37028169014084
17.98016400380912
150.47412060301508
62.332662721893485
34.567912929337126
77.16444444444444
116.78912280701755
75.35541871921183
19.59583698030635
34.49248677248677
101.34867647058823
93.0744
82.72224719101123
86.97059829059829
38.93460491493384
62.524674556213014
55.02390410958904
27.348081692195482
73.59802383939774
42.96117117117117
21.565306553911203
51.388716814159295
119.98144654088051
12.443348066298345
157.67535885167464
77.37726591760298
50.51128528528528
22.326900662251656
48.53015267175573
207.81722323049001
90.48455852156057
22.424044558697513
225.04680672268907
45.361999999999995
16.861099575271357
233.48210950080514
51.60614840989399
30.087417043740576
23.65629268292683
130.11034582132567
135.4472067039106
58.87817034700316
87.8138266384778
19.942549467275494
34.61638297872341
48.89706766917293
78.95796116504854
24.184639328063245
49.83427057864711
16.50265258215963
76.33390804597701
20.327226890756304
45.37060768543341
77.618896882494
38.32506066536203
13.601428571428574
20.093865546218485
20.26871016122985
26.652760646108664
116.50649350649351
109.7160544217687
71.15715277777778
40.816289592760185
79.72364681295716
26.028333333333332
173.77047722342732
19.584940646745803
30.375288208932158
18.413920187793426
143.3892105263158
151.1305
52.6996855345912
38.89596244131455
24.86187219529707
329.56670886075955
112.85685950413225
34.91219114219115
26.77856062651904
274.62553719008264
95.28765625
43.0512312633833
4.729419611037574
17.96341925090616
97.08380952380952
213.39530973451326
77.67430107526881
8.457254045723094
38.82849875930522
34.57832432432433
83.57874125874126
57.944394904458605
13.151232876712331
34.16275362318841
18.519681617476184
148.16215189873418
17.194642857142856
59.61923497267759
175.86446808510638
222.53
71.06224370240186
93.1895256916996
87.36787234042552
39.60424242424243
60.30479674796747
118.1961829652997
30.65857142857143
115.57496732026144
74.52731343283581
6.697859520056053
184.73663951120164
20.29688172043011
133.32507082152975
154.80170731707318
6.471384048732116
99.77421052631578
125.39447761194029
51.937990543735225
35.92879581151833
39.16915376676987
39.031904761904755
12.202881602914392
28.219617834394906
19.998327766644397
58.633773584905654
54.87943452380952
11.873540145985405
12.656354775828461
260.3788791848618
49.23421052631579
79.50275224511358
45.784259136212626
22.79656303972366
162.25472222222223
32.14899676375404
46.05196721311475
23.3060621761658
9.75705002337541
183.62030800821356
37.43290429042905
199.39370510396975
25.409360516280433
24.49645238095238
25.470590781767253
23.856320754716986
124.63609022556392
172.37459518599562
123.44669710806696
16.825232641374374
26.029025046226256
69.92243243243243
18.79742099322799
246.3408588957055
46.9889603960396
15.442937488475014
24.953882049813917
7.468505747126439
21.66351158645276
22.341631578947368
7.706317135549874
256.89026354319185
4.568184816880912
16.884364351245086
80.5412293144208
19.01
8.26342013888889
22.856488549618323
184.40278350515464
47.47108527131783
74.55763819095478
276.8662397820164
21.184057971014493
28.632727272727276
8.443781512605042
16.7051582278481
46.92245901639345
44.03102880658436
10.410871794871795
60.682142857142864
18.139120603015076
10.907837837837835
16.481415525114155
19.89074468085106
60.23526946107785
26.515664335664344
51.47173913043477
289.7161538461539
43.717823691460055
67.25495792426366
39.58845070422535
28.475159235668794
171.05905077262693
17.194349881796686
103.83393829401089
31.031520467836263
54.96150333778371
36.048191730388
5.39492017416546
274.99433470507546
27.005070480928698
224.08441624365483
299.9412121212121
58.447408293460924
80.00305164319248
185.6258452138493
172.86518599562362
59.72602240896357
105.97905096660809
40.078949640287775
33.43466507695642
84.58377192982456
17.351381096245152
99.18618042226487
178.07818763326225
62.572238805970144
159.39417061611377
246.4471251931994
255.79926253687316
32.98871508379888
36.1452
35.9111497005988
77.90337349397589
215.42187390542907
8.458216560509555
54.78
84.9102004454343
109.55424657534248
51.74247262247839
85.87043103448275
217.03618055555555
135.88290697674418
58.691912170639895
42.11508928571429
10.616311190105908
145.2003664921466
52.460387596899224
25.1891935483871
122.4205882352941
42.89260504201681
9.461871279761905
16.92517012448133
79.27363067292644
100.53768656716417
18.790421516200066
39.940204667863554
7.007522761459899
201.56313432835822
50.01052631578948
20.606731343283588
31.754021510404495
251.91222222222225
204.51643253234752
20.340682730923692
43.94132791327914
152.47
31.765573065902583
30.663048600883652
23.556462450592885
7.270282015718909
17.90071794871795
28.432545587162654
60.64754601226994
42.00479086115993
202.2670093457944
13.214506688963215
65.15242165242165
37.10157977883097
230.8247145187602
19.27690909090909
12.31997957099081
56.13912509038322
99.41809160305344
95.49417322834645
77.19428571428571
6.880067476383267
52.527991655076505
71.54234060228453
79.99558139534884
92.48450819672131
18.677269447929735
84.87874316939889
79.76038922155689
155.26174757281552
217.40155709342562
194.03943907156673
18.664999999999996
31.48490980009751
197.04374280230326
179.2180761099366
18.014285714285716
142.443474801061
211.49170818505337
202.75557620817844
101.29020332717191
41.375906432748536
222.15211604095563
8.617200947493092
80.7730886850153
28.324152106885922
262.6783213773315
46.258799999999994
26.459541984732827
57.62118270799347
42.57782608695652
41.22483483483484
35.172882767456755
17.136337475474168
86.09363834422658
38.72976525821596
85.93579710144928
26.337011494252874
74.458810720268
232.96073170731705
210.93566308243726
33.568170940170944
22.574765469061877
82.32162861491628
191.4983003952569
5.295425696594428
17.524828191622777
9.436545918959713
18.762942176870748
163.43597701149426
22.87816666666667
7.515742393509129
144.91651162790697
48.452086513994914
210.55093023255816
36.51881650380021
67.35187690432663
27.253423423423424
136.4254820936639
73.53585858585858
122.07284644194755
9.257563710499493
36.67102186797466
15.401504264198877
65.29925714285714
19.141956834532376
198.27228571428572
137.65896935933145
124.12897280966766
34.704294068504595
126.33587537091987
26.176040216550657
57.495426356589135
13.832991960183769
47.10056793359546
34.9658598860519
16.40429598308668
5.379427767354596
134.91111111111113
59.16890282131661
133.71078651685394
13.807051571192307
138.88297297297296
28.20426097711812
49.31107011070111
65.22877423389619
34.89433276547416
31.371282274441544
92.08837398373984
72.60614987080103
123.86272727272728
64.50333333333333
141.45753315649867
5.0087257525083615
8.430386864597391
28.474693877551022
174.11241900647948
188.76226452905811
34.34811688311689
46.18049695740365
31.28181481481482
71.20157480314961
67.7364835164835
18.096535947712415
12.16770510613884
16.336461038961044
99.43333333333334
18.22186274509804
31.759482200647252
67.82222222222222
43.72120171673821
20.531378026070758
20.852773109243696
20.10285714285715
15.6941499330656
12.886115832546427
52.700882123341145
183.49915811088295
44.0779746835443
46.24489959839357
24.03652338811631
62.7951779935275
28.37304560260586
37.41617224880383
40.62925049309665
29.167316017316015
20.77402443162538
25.071326164874552
19.157291512915126
12.268774845226456
18.933636363636364
20.22610215053763
119.49874015748031
20.342659574468083
178.94365750528542
19.82908071748879
27.88248630887185
22.97955357142857
31.448385416666664
21.011083743842367
55.34992385786802
15.032587064676616
59.918571428571425
52.55170212765957
17.94747252747253
18.43247104247104
67.56003058103975
28.57733004926109
34.218606060606064
4.412591487187761
36.51083629191322
63.71961240310077
29.55047520661157
100.75783582089552
21.4115306122449
5.860274470899473
187.82412474849096
17.42723885562209
15.811196581196583
67.66856257744735
48.03876218323586
18.52186351706037
22.33284910588708
48.90851851851852
43.794368421052624
18.108679311556028
25.722806378921828
117.80356687898089
15.236907514450866
15.329767461889592
45.07852670349908
56.68300653594771
76.42934640522876
26.96390208989408
35.49037155669443
102.90169981916819
18.267807125307126
23.327156862745102
337.6590827740493
31.37491116173121
24.046870748299316
76.39586374695864
14.939329214474842
50.176336996336985
10.985215276526752
89.81916666666666
16.01153790087464
62.6383435582822
32.01710947109471
174.40073593073592
10.971794871794874
92.3428
71.51144329896907
9.149263285024158
29.07240816326531
126.60041358936485
93.50296593186373
51.62088235294118
17.607827835880936
133.83212290502792
80.79139534883721
29.88069230769231
180.1887394957983
26.296889115877878
14.288337551099861
9.149507445589922
41.50972527472527
50.679297935103236
31.089770114942528
53.97321917808219
343.354895259096
14.273475177304963
37.25366467065868
24.25444444444445
61.784909090909096
17.008588807785888
20.963333333333335
11.370347394540946
31.599369863013695
82.53666666666666
14.778211302211304
64.10837209302325
33.35589655172413
10.556596736596735
64.81914040114613
59.72278481012658
27.99807806993766
64.33728323699421
9.801076923076923
60.41718579234973
11.027250889679717
51.882198581560274
62.90491329479768
55.806
21.363378995433795
33.7292817679558
36.23288659793815
80.33226415094339
31.740115606936417
13.99613471502591
10.740535714285716
69.78543478260869
30.494966799468795
37.159203980099505
74.72380710659898
14.52658792650919
8.82705765407555
46.79283464566929
133.76620111731842
49.5515625
22.76087719298246
72.91895833333334
39.3212669683258
132.03
5.630567226890758
4.194135338345866
3.7402363074204956
138.56373297002725
63.43375934230194
9.531405458612976
27.04952380952381
112.89612687813022
275.78747599451304
85.22233960443802
9.721264604810997
90.50544715447154
39.456549450549446
207.32326047358833
186.19923076923075
29.396582278481016
199.45684210526315
23.45712769184107
92.53679513184584
162.06351851851852
212.06535714285715
136.08125348189412
20.692074746769126
21.969586776859504
19.512597872821903
91.26764826175868
76.21522336769759
32.88618429189857
8.91015623150669
100.49846441947565
101.88963099630996
84.92017543859649
117.25866242038217
7.945797101449276
11.95973544973545
47.78846153846153
57.89844236760125
88.55605095541401
163.08333333333334
96.41692307692307
55.126644295302015
128.1170588235294
92.77775510204081
162.25472222222223
21.218674242424246
12.35662721893491
31.529285714285717
56.374927536231894
6.499191721132899
100.28357541899442
27.87975884244373
135.86166666666668
23.632473347547975
6.30217197096594
163.38172413793106
36.66933604336043
11.480877021068107
21.087807855626327
10.473525835866258
23.65483642793988
32.37232209737827
41.15084066471164
6.655350140056022
18.10681576144835
21.48791304347826
73.42641025641025
35.88583333333334
34.948043165467624
42.60062571976968
188.61430894308944
76.42626262626263
13.217557471264367
25.06666876971609
127.02396449704142
50.43138576779026
33.663373983739845
141.50448275862067
23.73116708648195
105.09642857142858
6.0572932330827065
122.82575757575759
123.03207951070337
48.9160515378221
77.06766990291261
114.0371287128713
58.58454849498328
68.63123287671232
12.353068783068782
102.17160919540231
31.244849056603773
49.51307692307692
30.09578313253012
21.221085271317836
118.71952380952382
28.16070254110613
20.39981308411215
6.614022988505749
6.816564567507964
94.68587301587301
117.33658146964856
34.19692763938315
32.35730994152047
33.94659300184162
92.5680487804878
42.11589147286821
40.83016152716594
49.733333333333334
6.828763636363636
14.599128205128206
9.624991412958625
35.16684210526316
16.91181659388646
49.73263940520445
14.663098159509204
47.151519861830735
58.81820512820512
17.9188401826484
127.87652818991097
169.00020134228188
35.59727891156463
18.612871287128716
81.47144796380091
62.919024390243905
62.96517725258494
97.376
38.94541958041958
53.37248665141114
33.446630434782605
68.36914406268836
10.316994173196708
108.8985910652921
309.74225334957373
220.4551724137931
176.6324892703863
97.38637065637066
26.446019134775373
9.959450493795899
77.22846715328467
125.1422891566265
93.54274193548386
159.8347169811321
13.525270599707458
130.45242774566472
41.89762728146013
90.24958847736626
28.767283950617287
20.540686567164183
91.30645161290322
120.80540372670808
143.4087434554974
5.616666666666667
67.10111111111111
25.23860294117647
19.268214285714283
104.84357142857144
29.389617486338796
123.40755690440062
74.82962779156328
10.490312500000002
198.19409867172675
11.437721046077211
32.85378186968839
20.043768115942033
22.476490614063
100.55272727272728
14.545280898876406
138.25276422764227
58.38253968253969
19.049051987767587
46.878125
30.910126551472377
8.732400932400932
52.51866043613707
132.92
57.487599681020725
25.592544483985765
153.909217603912
87.9999567099567
132.86333333333334
56.481390728476825
28.71945147679325
22.98827067669173
71.29248704663213
138.88297297297296
72.8432911392405
9.624611111111111
24.19619285120532
31.85966292134832
16.082063492063494
12.217425474254743
85.45093681917211
29.658333333333335
16.988602150537634
65.28689458689459
202.46574626865672
39.096311475409834
59.78436426116838
95.863828125
87.94
9.50145316027088
153.18794621026896
41.471277533039654
53.72014886164624
31.738651399491093
31.812017857142852
34.2255611814346
64.09778425655976
163.3934180138568
38.963653846153846
11.88051625659051
236.97730158730158
100.447843866171
69.6188524590164
21.3830658436214
98.22848484848485
137.95283378746595
70.48923884514436
121.3146105919003
11.139210110584518
30.143492063492065
7.350000000000001
7.320812500000002
50.453256880733946
39.87222222222222
45.69
16.895870769230772
63.10058823529411
66.99465408805031
23.493458110516936
131.0609195402299
15.556250000000002
103.28
26.219744027303758
10.159746478873242
44.7
56.97222222222223
70.10130846654825
4.667333333333335
5.648027465667919
33.13055555555556
8.720221238938056
21.676742138364784
53.26541666666667
31.288625162127108
86.54516021042564
237.61412698412698
65.80419029615628
80.14154929577464
23.433333333333334
44.310554455445555
11.993940886699509
36.18723918575064
34.736666666666665
7.639374407582938
9.223529495380244
118.83113207547169
130.65443804034584
118.94428571428571
123.27437689969605
71.39923076923075
82.85065439672802
64.37959885386819
16.08484293193717
35.22521276595745
154.94669902912622
36.393
114.48592105263157
66.75742927429275
86.17076252723312
53.41037542662116
161.20583138173302
79.1448427672956
65.33288268955651
44.971532258064514
31.18272667971299
51.20904761904761
49.699924242424245
34.21792408066429
211.68001776198935
28.422159600997507
35.70838053282988
90.23340206185567
243.24263157894737
38.75825242718447
25.080337552742616
24.433861198738175
15.681198630136986
67.44923172242875
97.25236614853195
52.88960401721664
16.578072512023677
34.037407407407414
24.371007326007327
113.02888888888887
55.50422523744912
174.9390829694323
37.49654093097912
30.43090291921249
7.64898550724638
19.770091603053434
210.39755395683454
124.41158536585365
11.820024967542196
36.75952088452088
36.249489795918365
94.26444444444445
136.96447513812154
22.303968253968254
120.57851735015774
94.36051689860835
22.832274570982836
16.194444444444446
17.476332046332043
22.24153439153439
23.637283950617284
132.514
97.20413127413127
88.86717842323651
39.95451282051282
130.65402298850574
17.361309236947793
196.25860420650096
133.79916201117317
72.24134020618557
60.03818181818181
29.603333333333335
201.16295880149815
145.98369509043928
100.32210332103321
85.6108695652174
27.211929824561405
68.11804347826087
167.1186995515695
7.030701176364875
132.4815759312321
31.25540453074434
55.241892183288414
11.239688720856964
152.84418719211823
31.153953488372093
109.8858361774744
137.090989010989
76.99635491606715
44.941686746987955
20.33022769004774
14.22727310333416
39.23403141361257
149.6143216080402
121.24854889589906
43.60255506607929
55.96085808580858
34.654036908881196
94.97194552529183
78.59037558685445
104.09964028776979
67.74054495912807
148.49075949367088
137.08471389645777
128.02351032448377
38.7994470046083
93.38349593495936
4.5077704547594415
8.04607351712615
25.953939393939397
35.539473684210535
43.11571428571429
40.00869955156951
19.39289156626506
93.74891089108911
18.434356472795496
173.14938997821352
46.11318363273453
28.60417543859649
82.47161371659104
90.71998158379375
30.962549019607838
44.45068507157464
81.7917381489842
51.26820297951582
244.6986153846154
32.779637931034486
213.89894366197183
18.627977695167285
28.30843609022556
24.79779220779221
88.94892177589853
22.445796879779746
83.90002949852507
200.6545864661654
167.0827027027027
122.61461538461538
54.15516324981017
174.73709677419353
100.46180451127819
19.441290780141845
103.33358208955224
28.525527346810843
2.4868944099378893
184.62551020408162
16.413181359353967
20.336599647266315
49.71056525353282
91.51116182572613
6.86405731523379
212.53851063829785
41.071164658634544
84.59832229580574
15.691764705882353
19.47561188811189
55.543642384105965
48.74188679245283
158.40425178147268
35.744
32.599771929824556
180.70725571725572
105.04375886524822
71.16739583333333
85.17308370044053
51.05691176470587
48.71962264150943
19.120401606425705
98.5790891840607
4.63309265277007
19.65051063829787
18.96047619047619
145.6377120822622
62.54206851119895
52.27516431924883
26.189403973509936
63.51878612716763
56.224155844155845
3.8000000000000007
42.02712581344903
34.28609195402299
63.64183431952662
57.698387096774184
28.479644633973
60.69787878787879
30.374201680672268
71.08052631578947
54.75911564625849
183.18061224489796
51.55370716510903
242.22467918622849
44.33002640264027
51.72803730017762
135.50111111111113
25.90768645357687
49.74649446494465
165.85593607305935
8.236551724137936
46.51010866091403
132.14897727272725
21.96458934032329
24.293134759976862
69.63758865248226
201.58514925373134
291.97651162790703
10.68895104895105
167.37831460674155
166.19816326530614
12.191839080459772
119.10062499999998
33.49204531902207
96.1634375
45.40581560283688
141.92973684210526
19.741620879120884
66.32936140018921
146.20841432225066
22.576670890085527
15.045747126436783
28.327236193933107
62.27554216867469
172.06648351648352
184.85331288343556
76.72142857142858
22.349734426869755
177.47905982905982
63.09152313167259
24.682100371747214
134.47314606741574
12.45288888888889
45.34837398373985
101.35654916512058
116.39408945686901
109.96567567567567
292.2855756791721
42.25199654576856
19.05597682119205
7.2681038647343
23.313228346456693
18.587979797979795
39.79125304136254
19.539070422535215
54.80986577181207
35.45263092269326
197.23838095238094
6.3235870646766195
17.17011144883485
8.492222222222221
16.98526598754952
80.90275494672755
53.324137931034485
88.53403361344537
68.91967391304348
272.6616666666667
137.10812672176309
26.958207623682082
14.58261139311901
27.527884972170686
141.47318302387268
117.32
198.1538783269962
88.21970037453184
103.0201451905626
88.38370108439415
2.958717672711213
60.776594427244575
8.68597536945813
60.06728971962616
72.5654675846242
202.04685393258427
42.199030837004415
51.32046418338109
128.37332361516036
34.31239130434783
27.083511348464622
29.954534373476353
149.6259493670886
24.885211267605637
178.57315789473685
141.9772340425532
62.962153502235466
114.62922077922079
76.1610642895732
19.260676691729326
59.85716253443526
230.5101302931596
7.2765485795542375
105.83879432624113
141.66098143236073
87.61680672268906
20.993526570048306
30.484497041420116
74.275
24.85051900584796
27.293290414878403
192.7059375
86.74021276595744
10.175390070921985
47.50702034428795
216.47874125874128
65.93820224719101
323.5360443407235
25.878477272727277
87.69247403210576
130.51839080459771
38.511099236641215
33.82030769230769
41.42767350928642
57.327540867093106
187.29819277108433
29.081878528323923
121.11107644305773
141.34852589641434
144.35339425587466
179.29630252100839
183.5261145194274
29.334954193093726
184.50327868852457
41.64480686695279
123.19049382716051
32.21764044943821
25.303676470588233
53.23060606060605
18.71166371681416
34.45834498834499
67.44472527472527
62.20852852852853
79.86983833718244
17.031494824016566
22.098196721311478
58.38425728500356
8.593084421235858
41.81353862212944
10.453415788850752
70.89757255936675
91.07510288065843
79.37034965034965
34.36761904761906
161.30373831775702
87.31765957446808
199.0225616698292
183.47492813141685
70.25245614035087
29.38458598726115
156.35173913043477
35.20103117505995
148.71527918781726
24.686558139534885
32.00592039800995
47.470454545454544
9.649835616438356
37.80266009852217
114.79913907284768
36.93237113402061
118.7569182389937
102.34647058823529
107.39129963898918
165.85232346241457
82.8245205479452
66.53483146067416
8.460830280830283
5.9057308306709295
23.44043902439024
17.473698296836982
70.83393782383419
141.8178627968338
136.00495844875346
28.2878431372549
59.85559633027523
72.39340206185567
12.035347376201038
123.21250764525993
199.83444444444444
40.1818609406953
52.81923076923077
98.57281368821292
24.392764227642278
153.0889108910891
40.55132505175983
122.65993865030674
155.86719806763284
130.2838681948424
62.672994011976044
140.10750677506775
44.54470319634703
124.82818181818183
80.59930232558139
7.415735617039967
52.4123188405797
18.725139755139754
5.95074303405573
85.65183406113536
106.29346289752651
90.09124481327801
105.54588652482269
148.1994710327456
113.22397993311037
65.90505617977527
103.32745454545454
20.156499454743734
143.72180156657961
7.937199521029786
20.18666666666667
82.64297297297297
50.34052208835341
108.31319444444443
153.04313725490195
14.802793914246198
94.26228796844181
12.3440956651719
135.3839058171745
208.38557971014492
73.11631459398069
7.774586913417053
72.60218855218855
87.70179487179487
24.06385714285715
27.831212121212122
34.705775401069516
24.49772068511199
239.43436018957345
93.64160035366933
109.01686746987951
59.408888888888896
191.2206903353057
24.069404761904767
133.35849858356943
44.136983640081795
76.21554545454545
25.540503018108655
34.02301754385965
80.75504587155963
215.9887434554974
27.438381077529566
10.64449024659551
42.765942028985506
14.861742231278658
37.08743271221532
58.390928270042195
121.55636363636364
71.07665137614678
81.875
222.53
100.6086732591677
27.45170946822309
46.51027850304612
6.10029761904762
141.69365591397852
9.5963919796013
123.6839393939394
99.07399624765478
102.3247794117647
47.37171428571429
42.38984585741811
19.83211009174312
10.653809040121889
244.5027272727273
13.108642350557243
10.984848484848488
135.21648044692736
104.08985559566787
49.23138747884941
194.0750965250965
75.51149877149876
36.66440568475453
82.94656319290465
16.964233167082295
69.94469613259668
73.2751282051282
38.85712572533849
61.73806646525679
20.971056910569107
108.76564013840832
22.037251082251085
99.70295880149813
82.13801354401807
5.095943457593197
31.061201780415434
9.520079787234042
146.25811369509043
62.06817351598174
41.26027027027027
28.394080459770112
24.225652173913044
14.015564304461943
7.583377192982457
11.257573839662449
65.22487106017192
69.42763440860216
107.41180555555555
42.586239316239315
42.457499999999996
13.254242424242424
11.715739570164349
73.76543147208122
49.95046319272126
125.24976047904192
12.960436781609197
71.82578947368421
31.487391930835738
39.14558139534884
222.7047972972973
102.22489051094891
81.51284403669725
16.468985507246376
69.92026737967915
25.29410071942446
20.214006999125107
49.82814345991561
15.749397525551373
18.592510978043915
75.55886699507388
104.7253405017921
35.61091537132988
22.57456140350877
22.192557993730407
46.59552845528455
70.46492063492065
60.70198924731183
128.10216374269007
109.99343642611683
15.762297297297298
81.48577981651377
66.51111111111112
185.21948665297742
106.14495606326889
80.23186915887851
188.73331337325348
35.93432874354562
152.3951612903226
93.65673956262427
115.70803278688524
83.83385650224214
109.50058823529412
29.10236704900939
248.61717325227963
20.345256667622596
207.80840579710144
28.147767604098537
32.87079734219269
108.76388888888889
14.268292191435773
34.56861061419201
5.627635467980298
70.60321657910099
46.169113924050635
16.662354497354503
36.01075447570332
78.59604361370717
158.99285035629453
191.16005893909627
35.56876985743381
83.41053811659192
60.55094466936572
39.80305035971223
20.980528233151187
123.92680981595092
151.660199252802
155.11854368932038
23.859227751025504
72.54546391752577
79.37719626168224
35.03924845995893
156.2185441527446
238.08238095238096
38.242886227544915
36.31378004073321
76.26661835748791
197.80799616490893
73.78005037783376
10.673888370162882
45.54024752475247
35.83318114874815
41.04235099337748
94.35553359683794
162.03860465116279
59.350397553516814
22.35599647266314
183.19754098360656
212.05861209964414
54.15707482993197
57.58273504273504
15.310004683840756
46.55617416829746
98.67545454545456
91.21145790554415
69.43263315380011
25.569960784313725
27.06182274247492
205.258623853211
187.79040404040404
89.14779026217228
126.22100591715977
16.243722960151803
101.57375231053605
184.67367346938775
41.66628261939931
137.3745953360768
20.846863013698634
35.75273730684327
17.33243113772455
65.95708683473389
145.04896907216494
7.190996138996137
23.05326823121752
42.965227483751164
139.94903225806453
12.951113976276435
55.34750915750915
26.693676470588233
181.05921161825725
29.282491444216294
40.58439864483343
90.1204132231405
28.2842670025189
108.96979238754327
36.89660937500001
135.06549295774647
54.20269896193771
197.1836520076482
2.7653812949640297
38.5098076923077
22.357192982456144
179.21905263157893
13.111746031746033
4.545393459552496
304.8984289276808
15.354867380176827
236.35197767145135
90.67438155136267
0.5675431020381474
13.643454545454546
48.85176748582231
36.49997205588822
118.62535433070866
7.139238980716254
7.022273616794166
95.47203125
1.6037382559216624
6.249486287758348
8.422073744122745
88.46179916317992
4.128633540372672
20.710335664335663
176.86872340425532
19.787455460071268
63.39818713450292
5.448367408753597
7.538232860520093
27.681411167512696
11.841215510812827
193.48058823529414
31.388193891102265
77.47095238095238
8.679592760180999
9.097277440566515
30.67309307875895
256.31541973490425
34.09078249336869
195.23687258687258
67.10409836065574
36.667968253968255
55.386444444444436
158.26410926365796
101.16138576779026
178.94365750528542
157.52380952380952
24.468299319727894
244.63000000000002
116.50974358974358
171.4717391304348
50.44565217391303
26.522567567567567
13.941578947368424
37.72466927592954
101.99941176470588
26.493886397608367
43.087726838586434
63.99624277456647
11.821532498509246
131.27529411764704
11.41076276664512
102.55509090909091
205.9400552486188
99.51501901140684
37.74445544554456
91.41323651452282
191.28254901960784
203.47936802973976
97.038093385214
13.092291079812206
181.6049478079332
146.31615384615384
12.811948398576515
45.32838709677419
160.83504672897197
3.6562063674721905
6.020714285714288
82.829009009009
124.27372372372372
67.05333963453057
32.986302059496566
94.10459016393443
41.30724137931034
160.23303317535547
70.98261096605744
23.924328358208957
104.97
71.60061068702291
145.5314814814815
150.94411471321695
85.97818181818181
38.09670995670996
75.17308457711442
126.16080118694362
36.73508771929825
6.715056603773586
43.92187265917603
118.90343848580443
34.25793333333334
145.77025839793282
84.14866666666667
22.291639344262297
38.9260465116279
72.80705583756345
14.188774834437087
52.937586206896555
48.46708413001912
37.206082474226804
76.79568627450979
45.70920289855073
20.22047328244275
11.58752080149431
11.911688837478312
83.33577777777778
77.66761904761904
101.73911764705882
89.66070686070685
222.00390119250426
29.24567524115756
120.32208722741433
5.589320570570571
130.38530085959886
72.52523809523811
151.61546365914788
54.43538785834738
28.296244725738394
151.52674185463658
30.916274509803916
83.6757341490545
54.23786248131539
72.55632653061224
44.15435684647302
70.70518324607329
102.85545454545455
50.186747967479675
22.371875601771617
23.266368098159507
199.35842504743832
42.833751160631394
142.91020997375327
106.19204188481676
98.43821292775665
71.51526315789474
93.57
44.66244897959183
97.26776699029125
4.0484839432412265
122.19795031055901
58.45746031746032
162.22813519813522
87.04739130434783
174.76874186550975
76.08201970443349
101.51962962962962
83.75533333333333
38.59289099526066
15.76343859649123
76.12463414634146
38.908879078694824
52.62039130434782
33.1401431670282
30.422302600472808
26.58844126074499
38.549433962264146
95.47490118577075
111.34156462585034
11.75870348740197
28.385781493001556
95.0784584980237
50.509416058394166
11.019598997493734
52.84756862745097
79.91002341920374
40.68860940695296
26.253517441860463
88.19
62.19823529411764
17.102174547577352
12.466483516483517
156.67269230769233
142.38370078740158
187.1068
53.15277258566978
37.74445544554456
99.11121673003802
152.4935872235872
38.638571428571424
139.50013404825737
44.317499999999995
123.79168674698795
33.606956521739136
21.403448275862065
40.16703252032521
15.964330985915492
55.201317512274954
30.526949834698865
28.677041942604863
191.71644400785857
101.4265543071161
43.680804597701155
27.612592592592595
144.46122715404698
41.16266666666667
113.21930693069308
50.0042606284658
98.92267175572519
93.79619047619047
45.42354838709677
9.808861313868615
61.38698795180723
214.1680530973451
103.6045588235294
37.206601307189544
16.611
24.082458204334362
40.827213930348265
104.6697153024911
3.776661211129298
22.516680134680133
42.3981503461919
48.060769230769225
110.80698630136988
128.27988095238095
12.267921146953409
109.41892733564015
8.148765432098767
38.57600000000001
44.465
44.86758620689655
60.32177914110429
40.52870944741534
133.02056818181816
83.33665914221218
48.3725795644891
101.7825
92.98417004048582
215.8512543554007
46.50421985815602
42.009732142857146
84.90911111111112
103.41361623616237
127.47781065088756
48.00346869712352
84.17488888888889
76.7670297029703
129.5662536023055
104.62234657039711
219.69120481927712
27.95985507246377
38.339615384615385
20.779130434782612
82.3934703196347
98.88296875
41.816232741617355
14.88929676511955
44.59725469728602
32.887932279909705
155.66197352587247
10.73846153846154
114.399
55.31093591905565
46.47209486166008
129.5316184971098
129.67068965517242
76.19797385620915
88.46795698924731
147.32503836317136
197.02571701720842
44.73328638497652
50.012331360946746
152.46635467980295
3.8437965260545894
128.75835820895523
12.00563025210084
153.8562407862408
32.23197916666666
123.09429447852759
26.459347000759305
32.651838006230534
16.825899940793366
128.30918128654972
97.54583011583011
22.699688013136292
145.73300518134715
109.5879381443299
3.5061187728679997
19.10991304347826
23.02377289377289
17.343087660524848
37.789224343675414
29.33623017902814
250.66253012048193
143.9632283464567
28.923197763091007
80.25943925233645
166.1481941309255
45.26334661354581
27.248604651162797
104.09964028776979
76.8535294117647
24.30923791821562
8.015126050420168
31.731762177650435
131.892849002849
211.64392857142857
232.81631921824103
42.28159861591695
78.65492890995262
23.343134328358207
26.40265544041451
134.65614525139662
98.36846153846153
17.876139534883723
169.00286031042128
22.887850821744625
87.02516268980477
57.546129032258065
13.202499999999997
143.87052631578948
115.51038961038961
66.12135977337111
57.35947894361169
10.975722444317537
188.216
19.31733306353703
19.847986425339368
74.04213355970572
59.29625
13.727389195742962
50.97014705882353
251.78458646616545
91.30888888888889
62.414853801169585
110.94999999999999
38.33223459244533
18.66929138321996
29.018185654008438
77.57596153846154
42.869619047619054
35.477027718550104
14.724099021301097
28.90616352201258
15.107296587926509
14.333159097400742
11.226257237386271
102.58338797814207
77.60455323702514
89.68523908523909
42.10737089201878
56.0298825256975
211.76466192170818
20.607487019730012
14.484830048557559
75.39425742574258
15.401157894736844
8.21978964962629
16.82724481327801
16.747007025761125
16.20642857142857
181.80202505219208
28.026
50.20017210682492
71.6009947643979
129.73840579710145
192.19117416829747
19.811922635005747
16.126136363636366
13.613404907975461
13.027076802507839
154.01086903304773
13.793506493506495
26.873178807947017
30.14117647058823
24.12080808080808
18.272000757862823
51.31309636650869
20.546554307116107
141.3532
46.510620155038765
133.73324022346367
32.37232209737827
35.88583333333334
8.945115332428767
10.738754076973255
114.34867986798679
40.84603222557905
19.623911368015417
138.88297297297296
28.133594771241835
197.8452380952381
9.519722222222224
40.633333333333326
19.83361565836299
41.24391304347826
99.30752362948961
30.231411764705886
5.251356209150327
23.909232409381662
80.07790697674419
17.470751173708923
22.83970396001538
212.97787234042553
70.8321052631579
176.3169936034115
81.52483870967743
89.77
117.55929936305733
72.24641025641024
34.14418029350105
38.00590199246096
14.726623853211013
71.75220289855072
144.61692307692306
16.41271729957806
9.049444444444443
19.976428571428574
13.448997506234416
188.85107784431136
85.48937093275488
65.17487895716945
101.70447761194029
10.045014445856925
137.69027397260274
30.53615133724723
10.436653910149754
59.12654114365412
26.01712359550562
212.72699115044247
19.899090909090905
160.16867924528302
20.333216494845363
133.25823529411764
177.62014861995752
41.88891862955032
58.63890675241157
13.54976145038168
3.415191814330889
22.11551724137931
32.74797752808989
124.94891238670695
128.09810495626823
17.96827160493827
18.911582089552244
63.94005730659026
90.26932773109243
59.626168224299064
36.54754452926208
9.071197352587244
135.95637362637362
11.486619718309857
64.42782608695651
55.62178807947019
6.3755602665051505
91.04685950413224
100.86791044776119
23.403529411764705
83.48982142857143
57.482278481012656
21.95298089171975
61.46438438438439
63.43480910425845
86.04023622047244
41.86178835978836
48.95212612612612
32.61441441441441
20.73207201237022
18.2053883029722
31.42529411764706
79.21516746411483
340.3632591768632
72.31146596858639
187.74839357429718
167.21365688487586
58.243840732910485
243.91848297213622
36.33441441441441
45.18875770020534
178.24513742071883
213.7500706713781
65.32886116442737
163.62011441647599
31.206187322611168
124.21819277108432
142.28697612732094
46.185614500442085
115.92478330658105
44.72705075445816
149.33827067669174
83.59616926503341
261.7789855072464
5.937437037037039
49.79594972067039
18.344476961394772
50.611622286572754
128.1170588235294
30.17412698412699
11.164299711815563
98.58606060606061
12.36595015576324
32.96197802197803
15.105883141248995
179.1233333333333
44.655698151950716
73.3570707070707
114.79539440203561
241.1992834890966
63.60973025048169
122.62374233128833
161.90647331786542
23.50227637444279
30.451204819277113
8.171559447004608
11.06523076923077
7.609966942148763
32.995555555555555
6.1526849323800334
18.920879120879125
15.262247467834658
5.58085009578544
84.96475773070367
70.47608294930875
90.64701030927836
13.367257785467128
95.10730158730159
8.169120269944568
190.37653465346534
53.10962174940897
45.823440285204995
64.72743902439025
33.20536353829557
83.34880418535127
6.79733660130719
174.6013043478261
82.98321839080461
37.686039603960396
182.3834020618557
30.973254437869823
131.39962750716333
7.637997903563946
17.45757048092869
7.206649601820253
18.82208462332302
47.996041257367395
23.74653846153846
136.55550964187327
85.00236323851203
15.145622009569376
215.68893992932863
65.2801515151515
109.3667816091954
14.133463115180522
47.58136398585269
81.31418013856812
161.73303030303032
24.092861952861956
119.34794392523364
47.70177892918825
264.6760258249642
126.0322619047619
27.439477124183004
211.91085106382977
127.55480938416423
49.575940828402366
39.4903196347032
112.96857142857144
272.92855153203345
11.627317741640784
31.251466666666662
140.82837837837837
63.62291666666667
138.7781232492997
50.728790322580636
18.313772511848345
152.962039800995
148.64012658227847
55.16023598820058
226.76666666666665
7.256019271948613
190.96069306930693
17.02022831050228
42.87507575757576
21.402893772893773
77.37411764705882
120.93085536547434
65.27465116279069
7.884899389966311
78.00129186602871
46.30885375494071
64.59531270148291
165.44913439635533
52.40333333333332
25.505603788476716
50.30509090909091
205.6483486238532
30.728875739644973
52.67807122849139
33.71255319148936
151.31178660049628
20.145
31.405503875968993
12.194129793510324
220.19470187393526
148.94254408060453
13.168496732026146
114.204543946932
67.33696132596685
87.23372294372294
52.08259302325581
34.599145336225604
15.327714285714286
149.4533078880407
45.601632653061216
160.80877358490565
30.99144578313253
96.14999999999999
22.362113821138212
20.777777777777775
19.901507936507937
26.535345528455284
2.6111094747177255
223.8370707070707
8.833439366578691
105.92950177935943
25.87039237057221
14.136700239808153
76.97917874396134
29.322194656488552
75.81235294117647
71.87331606217617
42.27547409579668
43.695641025641024
145.58731266149871
53.12846416382253
48.51189505247376
9.579340206185567
267.5772496473907
103.12927007299271
27.161111111111115
72.56746192893401
12.189025198938992
2.4267316766278704
3.76536453790742
58.13725039619651
77.69571428571427
26.31558139534884
110.45857142857142
18.79393162393163
10.975031712473577
62.270759878419454
77.57927813163482
17.498446601941748
9.234937223695848
2.5415784712799656
21.209842696629213
16.121915584415586
51.657651245551605
52.75279151943462
271.03857938718664
82.91047404063205
16.614182444061964
43.41991701244814
144.52687500000002
66.05222222222223
83.80641425389754
114.60236842105263
21.028490367775834
29.660781893004117
171.34032967032968
42.502506151142356
15.02831746031746
19.36474809160305
31.50666666666667
55.38789297658863
12.432523825172531
5.021692307692309
55.85622516556292
53.56049441786284
18.300388349514566
2.4679811936288623
43.766569086651046
25.330952380952386
56.00738876732312
8.725748792270533
8.622622309197656
26.68964646464646
60.04040090771558
10.7518
188.5464
162.32379310344828
35.28693641618497
28.4777479338843
17.486209150326797
49.5823469387755
12.596152358855377
10.65360831656606
38.57055370985603
46.93026819923372
58.56116883116883
27.657580390089617
68.50282608695652
42.80869565217391
102.51218181818182
26.330843441466858
146.7818158567775
63.070238095238096
146.62400516795864
63.22289940828402
25.804606365159128
9.131935483870965
6.2782798427626005
38.335166130760996
39.42
37.43504854368932
37.70618357487922
22.75172043010753
22.76718164188753
45.17267774699907
32.71722328854766
62.001736526946104
8.78146682585707
141.94240105540896
65.50363636363636
134.6488888888889
139.85387096774195
32.95236559139785
262.75171919770776
50.34299625468165
54.89068965517241
5.510975609756098
99.27812260536399
75.573
126.93112759643915
110.26191919191919
103.32745454545454
16.814482463644143
87.06248394004282
34.45809523809524
59.299629629629635
18.732085427135683
18.40120079720977
81.2151376146789
32.793088642659285
15.704395604395604
43.14094017094017
46.363373493975914
23.751
14.0241095890411
19.263923652105472
6.878448598130841
146.09597402597404
124.7157831325301
45.88119999999999
36.120414507772026
18.362339544513464
68.09269662921348
65.83786127167629
39.940943396226416
42.50051051051051
76.63423645320196
79.85729857819905
100.04071729957805
51.10833333333332
42.954800000000006
227.45793969849248
16.57780502392345
50.552481751824814
179.56684210526316
51.96002272727273
57.96578516624041
136.79089408528196
183.89549898167007
84.63098901098901
164.4611009174312
149.921
213.93831858407077
118.12015873015872
166.759592760181
71.2907049608355
126.46880597014925
33.37686666666667
78.03059101654847
99.5910447761194
27.359822006472495
8.230513011152414
18.372148511119487
44.12919624217119
82.27235294117648
52.56888888888889
169.37973451327431
65.16974651457541
37.77764587525151
317.2521692491061
48.3068686868687
73.90465346534654
76.31453201970443
219.87521440823326
45.70633811802233
57.11524429967426
83.95149779735684
64.00551282051282
21.51364383561644
37.81848437500001
95.60919449901769
143.40873015873018
17.419339477726577
57.22286624203822
71.56761658031088
51.225559566787
80.93593175853019
51.18000000000001
177.4491897654584
82.91047404063205
118.9053459119497
31.72257142857143
28.738148148148152
99.99601503759398
19.303019824804057
22.66790262172285
127.96088235294116
32.10165672630882
8.736986597492436
1.8809682187730985
46.5643775351014
50.10094428152493
6.514712871287127
25.473052023121387
153.5270297029703
43.25935779816514
66.62222841225626
78.3701923076923
39.8931455399061
14.550847926267284
69.69918918918918
18.203333333333337
11.242210884353742
65.02666666666667
41.01408071748878
16.29509677419355
20.11433537832311
21.27431539187913
6.838306010928964
48.56875968992249
32.66894449499546
34.827344608879486
33.37624681639268
98.15869198312235
56.553699186991864
31.931943936624013
73.94210796915166
57.22446200150489
33.272578947368416
40.66495495495495
95.74859375
25.582063492063494
19.521878553803237
52.86971631205674
57.33245901639344
78.1273786407767
179.53563674321504
41.79392778993436
140.37059299191372
162.04813084112152
127.59647058823529
127.22292035398229
27.437689750692524
212.62219858156027
80.0824871001032
66.41153067678684
224.69401349072513
20.787148788927336
128.09810495626823
167.77606741573032
16.812193097422455
80.0669976359338
33.06830523917995
55.65883444691907
6.734549045424622
68.46566909975668
49.84220588235294
218.52439446366785
4.729804639804641
206.50765996343694
216.30859649122806
11.434909072437268
108.71222030981068
29.296588785046733
21.818779599271405
68.65375171467764
28.740189633375476
247.30786259541983
110.71
71.10122807017544
134.91983240223462
212.7105643738977
37.7464705882353
127.45764705882351
199.2189393939394
78.244578313253
150.49165413533834
36.55657248157247
57.69666666666667
216.6644055944056
153.59185819070908
12.512221574344021
8.996594339167753
94.54181102362205
7.687346938775512
30.162184750733143
39.98470387243735
87.87619450317125
4.310171849427167
19.208296903460838
59.8970731707317
71.44533678756477
134.485
186.44614604462475
140.52
34.5002380952381
148.67503778337533
47.69885057471265
13.265923682616599
126.46538461538461
16.383257525083618
58.704743589743586
10.039924812030076
31.49692307692308
93.59032258064515
40.987391304347824
50.03597014925373
87.40379912663755
160.15329411764705
53.63416666666666
34.07475935828877
125.05586102719033
14.470930232558143
7.552541254125412
182.38850931677018
31.411350148367955
5.874056847545223
32.862468384074944
29.918398058252425
13.763529617946023
142.81907161803713
16.743556561085978
7.693703703703704
11.70753753753754
55.460875420875425
133.2251820728291
49.547490636704126
16.746
20.519803921568627
145.69761154855644
27.177851690294442
72.33793650793652
31.65038243626063
157.85195704057278
4.9996755725190845
12.279779874213837
36.0558458961474
66.53240997229916
31.711379310344828
77.66333333333333
78.42692307692307
35.74796234772978
7.713446601941747
8.947753623188408
130.31601156069362
37.123245614035085
48.632239185750635
51.26795539033456
53.660140845070416
10.464201342281878
33.95238095238095
42.75
38.92153153153153
11.378688524590164
19.355660377358493
8.592631578947369
32.26357541899441
-0.6623076923076923
63.352636248415706
31.80526315789474
24.71886281588448
49.795745950554135
55.932769230769225
5.6245839598997485
136.41021978021976
40.21173076923077
