1.8153199394523192
1.5851378446115305
0.9355596168815801
0.9240779891942701
1.7477084909096021
1.2686831049726806
2.206117547460831
0.01466200626743408
2.304790750692071
0.9858085599831341
0.6955084243501837
1.1893123862403705
2.50220512820513
1.8007641953515758
0.8387144699756384
1.2658753404244365
0.021393939393940187
0.6351063829787229
2.6351144026974964
1.5909045691150965
2.5980319012091577
0.7793004561260908
0.18513647692555146
0.974764750569765
1.7848721855425786
1.3260527695837432
1.305624659028915
1.6667235955056192
2.043030303030303
0.6261579696237725
0.7597580645161273
0.6562174840085326
2.185418359668926
0.6669691328044927
1.0966894230313393
0.8168598130841147
1.481450818733542
0.9086507936507964
1.049972333838351
1.8820195275237097
2.562795180722894
1.7005991780229301
0.43562152133580767
1.359797878440368
1.7712936484777764
2.3590848757666834
0.939599402092675
1.0655712046056216
0.9606093536182918
-0.7423011085024811
1.1249959545165886
1.5886070164315527
1.5779389553178085
0.43211754611754927
0.9107619420708595
-0.3103665413533818
0.6872251400560252
-0.5169799673182833
0.2900487329434718
0.6408289241622604
-0.2107275720164612
0.5300214190093726
1.3594280458964683
0.6053458513329772
1.0374548440065716
0.40722378552212746
1.08592275211128
0.8013970400146171
0.5929130354343393
1.0092569803892992
0.8444970414201194
0.4172688440902199
1.4652032001361768
-0.03891695702671072
-0.16073615307150035
0.10059258798657211
0.26986614068525405
0.9468087243506957
2.0199416809605495
0.1872857928218039
2.0855489964580904
0.43089508437271107
0.5392391653290538
-0.36214742494508023
3.50111555111555
1.1688262658794066
0.8437609857751234
4.064474877098895
0.32377919863597704
0.1853192646578936
1.1289711454386477
1.934121248958828
1.5502608128667674
2.5606782253952076
-0.09812003244119794
0.44262626262626625
0.4706352683461148
1.5988368712947043
1.0726913929614348
-0.713963376784605
0.37920041899441337
0.2454545454545478
0.3469435215946852
1.951932295527552
1.3513274672749986
1.7621186961682476
-0.2526666666666664
0.26763984674329677
2.7952427184466018
-0.8580918220946909
0.9424623811243542
0.10604395604395656
0.9406398907380229
0.7682678770504872
2.5858793604651176
0.5752265849740361
1.046609042553193
1.0329651247628782
1.7434468064617086
2.0444179523141663
1.3797119161938056
0.977214144084602
1.3940173779708651
-0.627625768171221
2.338488382524446
1.8410175681390086
0.33246643231717954
0.07774774774774862
1.0303232323232336
1.8266566229469454
0.8234846846846864
-0.2746018893387312
1.1612153229202917
0.7902767358506289
0.3194549019607855
2.3015757575757583
0.27728078505856146
2.010635333658591
-0.42878246753246607
0.7186735700197247
1.9889629580763284
1.7739507931984448
1.7908345142497275
0.7414847161572062
0.8154964297857887
0.07103022353391175
-1.2843947368421027
-0.023414261041203588
0.9560404616122575
1.1894455033789662
0.7910151018084228
1.9276413043478264
-0.19517330366386787
0.9155165998023165
1.6878431372549016
1.0570366104483746
0.5037042697487841
1.6319956514986806
0.4044741532976843
-0.5606926188068737
0.7050275729187447
0.5649841955130697
0.9044392033543005
2.0756406202950934
1.1899944124323376
1.3261436280614376
0.9652800556527588
4.091935483870966
2.3973569211669776
1.7492538145335494
1.9925327102803756
1.508686302010286
1.4364700193423587
1.5843014301430145
0.8167762577228608
0.8077423167848714
-1.2093321718931485
1.8614970760233902
0.826743036340158
2.6342094209420956
1.174152380952382
0.12014860376430114
1.8499328214971236
1.6456828354800415
1.344499723424331
0.9817850693907069
0.9922805578342917
0.25793948319721416
0.9267579908675785
1.460284896992114
0.16579505300353503
1.8074793122573531
-0.23950102880658264
1.2112955377981116
1.5770908207867897
-0.29255249343831835
1.6111612903225812
2.313686635944702
3.9853861192570896
1.2409399332591775
-1.5650955833882652
0.1529850746268675
2.6561904761904778
0.32305903398926716
1.7548676949200512
0.6405162043271382
2.3684600704638896
0.30376245623484976
1.2115610182755638
-1.23499412915851
0.5640323285277411
0.6059947342438718
0.390400604686322
-0.3665359477124177
0.05276722090261465
1.4431310942578577
0.6958558558558572
0.6053445117655336
0.45796536796536813
1.531921670756752
0.7888722162677162
5.209650070842535
0.9711643171477569
0.6837369106538169
0.999426120575091
-0.37249152019734844
1.8372794890451942
1.1978944859367573
1.1470148804144848
1.069175641025641
1.4262195759512046
1.66896103896104
1.2638245538928565
0.6046572104018928
1.0250839404497931
0.4996324200913236
1.9810173697270486
2.302925170068029
1.4898090056285191
1.3882975326560256
0.40559725878188324
0.382472293265133
0.6160861056751479
-0.3515331610680459
1.559730902139549
1.591074061074064
1.378509245269445
-1.0110685249709626
-0.3584689655172397
0.5367659159350247
1.1250972689861598
1.0242482146303793
-0.43905603038936114
-0.1333172905525828
0.472157930565011
1.4232015076507665
0.5642544126597713
1.1714551883584967
1.3735208212839787
0.5367281288070878
1.0598850574712664
1.0801922855497992
0.9946233866307104
1.5510523108176741
0.17343023255814138
0.5406442376521134
0.5506504248439761
3.040592334494775
0.9998475168242642
0.8940478295650713
0.8994462421711908
1.6939569115482414
0.8372026811641682
2.2142062193126044
-0.07281891460838708
2.2773884807835607
2.0633761524577636
2.07050208885752
2.3527982162764793
3.718178956834535
0.27149253731343315
1.1511788526434188
0.615320574162677
0.7677263086860115
1.0729118773946382
0.8526498642344933
-0.1316667642666811
1.5810498625834342
0.4851759517595191
1.5446477625166182
0.3080000937602545
0.8271958955769279
1.0014734177215203
-0.10447257383966146
0.22082345882705923
0.43316813353566275
0.70102168445381
0.7079547132660586
0.6336735395977193
0.5283494138396136
1.2052011802575109
1.193754184600671
1.7258243204703518
-0.25368539325842576
2.3442380952380972
1.0828571428571436
1.1712048192771078
0.9021488681757646
-0.2356535781064082
1.2730769230769248
0.8267397260273981
1.0156630525437862
0.42684659090908994
0.7101573254670619
1.2147576690614663
-0.907421449199834
0.16798861480076077
0.38475132275132395
1.1496617965367975
-0.34509803921568505
1.10029411764706
0.4232168284789637
-0.005982905982904185
2.836324786324788
-0.1479999999999997
0.3708251572327068
0.787014925373132
0.4391888825865031
0.27728078505856146
0.8790024330900259
0.26111111111111107
0.7682758290510989
1.522969829153034
-0.17697126013264608
1.274918699186994
-0.20707429124100685
0.9455892857142842
0.3467016317016327
1.5431617647058822
1.4285181169241916
0.6762076605714888
2.435776266796182
0.22295834600182474
2.5910465073997315
0.9527502346268406
2.054551406040769
3.2729567840979676
1.2179135728142363
2.9998292096889436
1.235990396158467
0.09341090018371112
0.8953453612338294
0.35506506662510695
1.3898343187977353
1.0692456585560066
0.18086827504007452
0.18402742644122227
-0.3052383720930223
0.8096727384995361
0.01519709907591782
1.0515923384791321
1.747757757757757
-0.2218234781091919
0.2941741741741737
1.1482147929640547
0.456666666666667
-0.4664847207586895
0.32933130699088053
-0.22868300789364326
0.8428412518853712
-0.7336240103982021
2.37875886524823
0.24926634768740286
0.7997933513027853
2.4236219551111624
2.2136407538280345
-0.20141329258976093
-0.08177235772357605
-0.6308557306147655
-0.4125784471938303
-0.8646778711484586
0.7923857015898115
0.5899999999999999
2.014800637958537
-0.9224688057040975
2.182993527508092
1.3039047619047643
2.465040650406504
0.4971205673758874
-0.4281567489114657
0.9642667799490248
1.5067640869768546
0.11939650115593103
-0.0016190476190462988
0.6907666666666685
1.604920634920635
-0.8720193855288105
1.3789151079136701
3.9759774049982894
3.1758333333333333
1.6453640167364014
2.7478821462359804
0.8577855580557348
1.3747293447293458
0.8988800000000019
2.1298160601265828
2.0179046675315924
1.420866900175131
1.035296414112203
2.383491263440863
0.60792440300688
2.1349624060150383
1.5334543359262476
1.6381225874371275
0.9266527385657817
1.1056999789901276
1.2470072239422088
2.2464075235109746
1.3526762695390318
1.3410523343716427
0.578693035151371
0.15593062666762947
1.982594658815021
0.40283140283140284
1.3490331321591356
0.2997488584474901
0.3111753731343292
2.0257528957528983
2.1053709241578105
0.03098389982111094
0.45024987506246816
0.2915312020762073
1.7386001764722643
1.1019169220292824
1.685466481663262
1.0514867098329752
0.6630199053452124
2.1609463532248334
1.932744828155755
0.3851103074141058
0.5645289957567172
1.4689560439560445
-0.19891233766233718
1.3052349251056192
2.6597539985726897
0.9184174722520595
0.6071226195535608
1.9618909579993655
0.6253883407423473
1.0993298585256888
0.48464263594698664
1.9518165344990273
0.7756577266922129
0.5342284339557786
0.646704647119396
1.7519336785962771
1.2607142857142897
1.489905303030305
2.3427666666666696
1.5436902854935646
1.8159736040609147
-0.3904410385402457
1.8742504996668892
2.580974358974359
1.7403099369766046
0.4939542792367284
2.0085641025641046
0.7950957854406155
-0.5868428060247961
1.2224912280701759
-0.6342962206332992
1.8792020592020613
0.5329805436374713
2.137109728506786
1.5919609782413247
0.20762948635289113
0.36005974345457936
0.05093073593073605
0.9150598290598282
1.3560789800995003
0.4627182750088359
1.771371790999698
1.36930543999366
0.9255492331629291
1.7575229111236546
0.858877005347594
0.8098511714021228
0.48815875613748005
1.8206199328875492
0.46254880536130827
0.2234512856805857
0.47087301587301766
-0.44203333333333106
1.492408141686493
-0.9231974921630091
2.5245898996203273
0.9841264162194392
1.5922757475083067
0.024716981132076654
0.7138585858585849
-0.11891774891774887
0.14614035087719301
0.18897758323385183
-0.192749525616696
0.39289855072463986
0.6070838364671403
2.574568209946708
0.19343356643356735
0.6249462365591398
-0.543353910489369
-0.6514204902576974
1.2118532895391674
-0.21297591297591367
-0.6599487983281076
0.24913355874894627
0.1728458259325052
0.04736278447122011
3.4156322418136043
-0.18873526473526248
-0.21058099308099187
0.9169296375266534
-0.5551977843674791
0.38308483054120224
0.6900891668884732
1.0644007502889927
0.5568501098901102
1.0228282828282858
2.0638999115826735
-0.5986045971674017
1.1107912644405786
2.2814029151483624
1.9845852895148681
1.9561643835616458
-0.2625510087769296
2.2125591179457444
-0.511745764748289
0.09986836233824192
0.6180331541218642
-0.6682814598764253
2.155595829348801
2.0299727538995995
1.9385754683633785
1.8200662636596157
-0.25624999999999787
0.4362156862745117
1.3653849787435064
0.46951031054678083
0.9372172628209086
0.44776896738150995
0.5670502746679666
1.7147972972972987
1.8506607853312573
0.7417723066177793
-0.15674884437596148
1.4260356963298157
0.08777214655263421
0.21259391992090926
-0.5331474648079801
0.7212248062015512
-0.26538461538461355
1.0668498168498175
0.8975441538117614
-0.19084967320261548
1.441785429721989
1.958000198663985
1.5447043256997475
1.4808351857732625
1.4198152337858225
5.657896370582616
0.8239696969696979
0.43322270098210325
0.3874527575380604
0.774993317493319
1.0539347160829635
0.23771468144044405
-0.14056039850560254
-0.08064628094432003
-0.2834695980762625
0.9566989720998542
2.0283918722786645
0.8157783882783889
0.5358642353662297
1.0459821428571452
0.1872894199941726
-0.412721579197715
-0.8946622369878181
0.21266398645789586
0.3696721172583253
-2.2178787878787887
2.1171253624424367
1.572742886068628
1.352800238020233
0.5353333333333339
1.2558596096096117
0.9155813624633247
2.5993061554393684
1.2891927680162993
0.1830666666666687
0.7246356696738374
0.7603903795020557
0.6413945119208293
5.631503887269197
-0.0187856709168166
0.6728444073455755
0.9657509157509168
2.098543262444174
2.930297887512257
0.8891251361655783
1.1742724515120884
2.1920819198391754
1.8756729358410063
0.7600403582681352
0.020699303304645866
0.3289254029738853
1.3803638727830858
0.6812984073085921
0.612030303030302
1.1590418750612912
-0.9470849297573416
0.728844460748352
2.3310776320453748
0.7262045359288436
0.5863962136578778
-0.06703703703703567
0.7610952380952405
1.3983211568878495
2.044871794871792
-1.1392607313195544
1.1389442031406602
1.0010860280658953
0.13933333333333486
1.7032000000000025
0.18462543991955727
-0.1690964590964601
1.3746134981657399
-0.1593735800064895
1.8875000000000028
1.35926322043969
1.941111111111109
0.4833150584795334
0.2508600245331891
2.13808373590982
0.8138211935557074
0.16341792369121677
1.2044825174825178
0.1717204301075288
1.1129888143176743
-0.0821493401995479
2.001282051282054
1.3528108108108121
1.0018029838544855
-0.11710945582453824
1.715586234493795
1.0510141813493767
1.054740532959329
1.3053968253968264
0.6202210621294171
2.6533149950627717
0.2893531631897659
1.2421006770848209
2.366664658634541
0.25620799787078496
2.172849227880995
1.8993189964157722
1.5045443425076463
1.108880740804647
0.5842269801655071
1.3437096774193549
1.3074485761473404
0.7344262672811084
2.1624688603829725
1.6927207040799708
0.5196969696969695
1.2555758962623962
0.8614058624183372
1.3135446985446997
0.5507149084568432
2.282111204013379
0.1517807028013145
1.1982621884909044
0.8113570241768677
0.6753123438280859
1.2282797249334507
1.4057497541789594
0.559185953069754
1.023279893500689
-0.00871706758304569
0.6111844005777591
1.1099199199199212
1.984514211886303
2.298061661098412
0.009227038183695413
1.0625225731196295
0.3688860823440283
1.3445146215734454
1.4038554747741792
0.888553049289893
0.5305022962112496
0.39867647058823685
1.0851066174087798
1.390771538238237
1.9063756742366387
0.7372300469483584
0.853101902010355
1.8530952380952392
1.160186894429902
0.22001390677311505
2.3791147281590668
1.4110652920962217
0.958353520269899
1.4528245614035065
0.7102991913746628
0.5258171382084456
1.7282806837876166
0.965804750183807
0.21359550561797747
1.8418397863818434
0.5803713004951092
1.866985733447141
0.6734794734493512
0.5004545454545486
1.5682656181738786
-0.3160485101080628
1.4200000000000017
1.2859555179120399
1.098141232165169
0.2660057333970389
0.6489693793536055
1.2341818181818205
1.6450873382539726
1.5017221366548377
0.46926534374322415
0.8131960523170427
1.125973849550011
0.4944947089947114
0.9251725029073512
0.9550825751072978
0.34676356589147517
2.974987046632126
0.1737595916243997
1.290971106290673
2.267279656562117
2.9895331230283944
0.8164742268041252
0.10111111111111093
1.2746493500146627
1.263644688644689
0.5510667634252542
1.8324145350227106
1.9402923976608228
2.4867744423732105
1.7128209244765564
0.03561090347892559
0.6776496024550163
0.3853464442784844
3.1200232061293676
0.3089943034263207
0.06019345557607281
0.10902735562310184
0.6318680921765498
0.7432855838775403
0.35397898042231546
1.7322190344281765
0.6516013681592021
4.1882877855129195
0.20509855839953062
-0.540307847189105
0.6774912180924026
0.46139573070607653
0.28858669165885686
1.7854067755693244
1.3039620807000496
0.2689647397143897
4.3965411552596905
-0.6125925925925912
0.568611387947648
1.1959803921568657
0.9142680241601546
1.0540139949109424
0.010369290573374101
1.9395165094339646
-0.2436083916083902
0.42739978331527695
1.6794370651486403
0.5354377026401131
0.8259956790583338
1.370093251708429
0.04523809523809774
1.0610971765810469
-0.03196558099843472
2.0713836477987435
0.7277023971053822
-0.23978510450397295
-0.9331001445164055
0.767557544757036
0.7749133060588349
1.056644393275846
0.8436465147755463
-0.34956580640790946
2.7243254097470953
0.012651009138918923
0.8762836925269504
2.088432184869159
0.5698007111552137
1.1170896243200659
0.9319193312773919
0.646113081417603
1.6874453394706563
1.7175593272702692
0.5371001779811841
0.6020014798372166
0.7419709568570738
0.21821939586645556
0.8453538385890447
1.194339622641511
0.8020727145195252
0.8411883924458792
1.8532977619682818
1.1164412429743535
0.049793730859306606
2.1281039039168093
0.8637971903360828
1.610547619047619
0.5982674696807209
0.48905454545454674
2.114284145805886
-0.6304257246376803
0.2710658155616841
0.5987689463955661
1.1861253478523928
0.3345816636894714
1.4807019815487088
0.7014232833118079
0.8004504504504517
1.179870160252662
2.3460166226832904
0.08556665219279225
0.8622385861561135
0.9546584084084095
1.1054798417421452
1.3027961672473864
0.3115878530528242
0.8806769558943479
0.43887762396828833
-0.8246005204112095
0.7662528957528956
2.5526324786324786
1.8490909090909113
1.547696586599244
0.032561439670210746
0.5908557951482472
-0.22778897895238792
0.1717992424242425
0.9949926193209784
0.01964858010757453
2.102300370619947
0.4859727806990435
1.1343528256574658
-0.1838817120622558
1.598177391762075
-0.37468005295675155
-0.13860421325173533
1.0178439247838291
1.5333468559837726
0.8213286713286756
1.4685131362061448
0.4080972844660007
0.9626397666504616
1.4530615989515105
0.2602255639097777
-1.5332762586250954
2.0346283524904223
-0.6495574695574682
-0.04750312547978908
1.074177101967802
-0.29707008547008584
1.0695393893705258
0.11680902989627917
0.3479038695124075
2.1655269887345376
0.9983297695414599
0.6296930214194099
0.26718922775102705
-0.7348283328178162
1.4693471932047828
0.33324287652646056
0.5125773736667263
0.06798165137614731
-1.3391043779607656
0.3435865650969543
0.26014813351767785
2.4033569696811696
0.3514909090909093
0.9731581731617034
2.181583006723958
0.03334717913665486
1.2870674587307924
0.7282456140350888
-0.05786964694824803
0.5989472245009573
0.9580852241283893
-0.3698532833020636
1.8902222222222242
0.5111119894598168
0.3871428571428588
0.07714338507021523
0.5098749218261425
0.5857207567279517
-0.34808698038824204
0.492561878233186
0.2673026315789482
-0.12234915526950729
-0.37810958904109526
-0.3942337432800649
-0.8045138888888879
1.7342857142857149
0.4340721311475413
0.6331406244213191
1.8682223299598029
1.1097339390006518
2.880354525648645
9.800063441106783
0.4867876886299136
1.3316085376930076
0.591572793148881
0.45027407088534943
-1.0423744939271256
0.3007923112986415
-0.22769878183831516
0.7089704389369977
1.1883823083206906
0.20263570961412825
0.5728459738060856
1.9884000000000022
2.1684352223709666
0.06612706339298136
-0.339701314217443
0.7127173003347664
0.5328918835192091
0.8153463203463218
1.7350537247442297
-0.09319319880418497
1.9143152050348462
1.629812513762623
0.28883488790705414
2.1120101867572174
0.634496500920811
0.20074353189651362
2.1848423423423426
2.0225097601784725
0.7954066927210555
0.40137271501274796
1.5466629588431609
1.1082739463601534
0.4861747348437966
0.10140383101548167
1.1818559301115101
0.761621704753118
0.7170350900005573
1.1049136939010396
3.785434390040173
1.4050013422818814
0.900274725274727
1.8280493115217133
6.346621269197335
1.8282602815813007
-0.8361883327792121
0.6351893939393953
1.0066544566544593
0.5497075382028243
0.5602610229276941
0.2513415933919525
1.7990555771472998
1.190291262135922
1.6397080331218454
1.0172254822304474
0.5702678490634341
0.353889086384644
1.801389659520808
0.07239393939393857
0.8494883431541211
1.1589435336976344
1.6393589743589772
1.4030769230769238
0.6263063063063079
0.6493788819875803
1.6601891033093104
2.1592387768379986
2.2415200306689655
0.09864320065486609
1.073784655061253
0.3920288692862872
-0.29728767123287625
0.9523611147661803
0.6562454183266944
2.776971326164876
0.035975517278735936
0.22842208462332358
2.0451347075110995
0.8208757549611754
0.9402148954960268
2.3197297297297332
1.1762051467923165
0.40527832167832223
1.4379881656804727
1.9963687258687273
0.37688793585679825
0.732809706257985
2.4011807077983107
1.9646677904200018
3.0527767723008843
1.3935920852359232
-0.2742639970337404
1.4456203605514304
0.5461181434599176
4.335621301775149
1.1122115384615405
1.1334613228699553
2.7553333333333363
0.18165178571428697
1.3301764705882348
-0.11889606576629319
0.6141316526610652
-0.18441682013505023
1.7498314108252018
1.2862439917601272
2.4337500000000034
0.7487829209896262
1.2310628980891707
0.9379134709931165
2.8960313479623814
0.39164908470369575
0.6059113300492598
0.22818181818181849
-0.48577368296716017
-0.08157493810702832
2.0614398111723062
1.1481818181818184
1.505769230769232
2.7957407407407437
2.3760029652886807
1.6209815088237356
0.9463285486443382
3.134835007173603
1.6071040231968112
0.6827551533433898
0.6743928448572412
0.16245908183632807
0.9382973434072603
-0.22104040404040326
0.04153160293243552
1.5911095705757745
1.181322647117824
0.9121270543615694
0.3267883967883982
-0.10082228116710823
5.208418972332016
3.1502222222222223
0.2696057347670262
0.9627655799512098
1.9449788048680468
0.07555414174831476
1.7854545454545452
0.9173473341258322
0.7657591738079574
0.6962828535669594
0.747966796227665
1.1569041919501188
-0.12091503267973636
1.5149500300789818
1.0702786342354713
0.2026473234367998
2.3573417721519014
0.8342880045805892
0.5162499999999994
-0.15038672438672407
1.3507597645799905
0.9652788959171943
1.803958333333334
0.43447128287708026
0.7607421227197371
-0.8263159507859346
2.7860687548661467
1.7552982079258328
0.806772318253504
2.612698412698414
0.8945367892976606
-0.9101944167497482
2.2037897054981137
3.6464895287958115
0.13238760574090236
1.0514829080404446
1.1577777777777811
3.818655462184875
-0.3046104318034146
2.8482857142857156
0.9436988764044933
-0.3054285714285694
2.1004870856854545
-0.19420633130310527
0.9785700009368838
0.09902852049910926
5.466138588965006
-0.216515659955256
4.597422680412375
-0.13251996450754078
6.093537549407117
3.031380323054332
6.32848191543556
0.3612906403940883
1.487761904761907
1.0796532759445263
2.313692307692307
-0.2877132979380139
1.3669028520499111
2.607363125666083
0.06962665548031666
0.9827417568677888
1.561936326085263
0.5074350047087712
1.0667149900654955
1.3749768518518515
1.8152338772338794
1.6904166666666676
1.2500222222222241
0.1633554817275762
4.1869811320754735
-0.5528387780569943
0.7113453389830511
0.9579693285463868
1.1940120481927714
3.6995074552828946
2.145718111817878
3.730396825396827
0.4763422619047617
0.6321318792004611
1.587735961768221
-0.006788247213776799
0.6649735449735452
0.26948138297872326
-0.02192086261673154
1.3646906410542776
1.896100368980317
1.9165990674265423
0.35215037658336357
0.42248751248751404
1.4622378880185671
1.7187765803707826
1.9306666666666672
1.091674570640091
1.881205936920221
0.5113534220462626
0.8448641183284344
1.4511004087435602
0.9030339788089137
2.8928690476190475
2.3236092265943036
1.7209698996655511
-0.033556299840508785
1.649864905209732
0.20942703584625022
0.5211930910028357
0.5086914290658946
0.6974320485602377
1.10431412632051
-0.18893034825870636
0.4906894484412483
2.164188919888403
0.6530329670329671
-0.9117135907570688
1.898236760124611
1.2843362922150803
1.4257317927170874
1.590301213219913
0.021357895583623332
0.6788677145639177
0.5799159663865545
-0.12664012490241916
0.4907699023732057
1.741062559100186
2.7275749275951107
1.6101854074963349
0.8191931749978565
0.8644176735540157
-0.04823681936041169
0.05290031227480263
2.412776525077703
1.7112419485744894
2.114959817576729
1.3720329123993267
1.6046576663452292
1.138311105865693
1.259898316603934
1.348081309994356
1.1155142405063323
0.26626262626262687
0.654808140767436
0.5750119047619044
2.575903426791278
1.4633393829401093
1.5860852742584015
0.6462532910644221
1.7865765765765786
1.1391604938271627
2.913879551820731
1.8699845992036686
1.98294695553356
0.9399436992879622
0.7904358539966125
0.651930418539493
0.45603029145984664
0.2764088136927043
-0.1318226439790564
0.9448153687284169
1.24373877478439
1.34783111625217
2.2067910461431346
0.6721103896103919
0.2650548105122308
-0.6494041919781139
-0.1620225365068393
0.11090687618003692
1.0323455100536911
0.7422697563874046
1.2475753742357156
0.09703860191116753
2.2714422057264088
1.5847580280416125
0.19901477832512526
0.11446786427145739
1.9238971106412954
0.03387798036465739
1.7371479500891276
0.9327193701820597
1.4579781523683977
2.8219644772118
2.1096969959811496
-0.3944108019639927
0.8808924317390527
-0.1498762157382849
-0.43430670048615383
0.43411053540587474
1.329951573849879
0.8380693360194762
0.9940429136081335
1.0711241736927555
-0.5389628681177978
1.4996940418679578
0.9367433548334105
0.3842033898305086
0.577982683982686
1.336645450379347
0.4047363031234017
1.1564891548242358
1.5284740932642507
0.006713574982232018
-0.06282805984792716
2.8929850746268677
1.3598883296634163
-0.326086048454469
-0.3599516908212568
0.09276477146042694
-0.4445629565964744
1.1139150299090979
0.19831620910735026
0.8304163066954651
1.8394815996354126
-0.41835889300193685
-0.21816537467700137
-0.283308477873236
-0.8914597989949744
0.19321573948439763
-0.6559997356944631
-0.010748189863234003
-0.18584649177338264
2.4329178907385973
1.1359406118238091
0.22776097105509052
-1.1885804715936068
1.2273253012048215
3.429463291139239
0.41544566544566663
1.922994225927546
1.0499483819733975
0.5747593582887731
1.2308666032953148
0.452622128259339
0.44654135338345924
0.03715909090909264
0.0095596371231359
-0.3642516634380524
0.10582894736842263
1.600825396825396
0.506439909297054
2.418888015717094
0.9794979872128842
0.6559267036648144
1.5911333333333353
1.9797131648226873
1.6350802752293596
1.88294836956522
0.6825488424618875
0.23543960373747552
-0.35817005001471003
1.2814561962032798
3.7112724014336926
1.0751648351648377
1.3402173913043498
1.2280110997848013
1.1167650361586503
1.2970177886292298
2.0776735732460914
0.23516236132480373
-0.27861040068200893
1.4817327222540513
3.3534219715283378
1.4363237972378222
4.422863247863251
-0.7040398265740695
1.332482139212086
1.8760337927968003
1.6506074399623323
1.0838966365873688
0.668095238095237
0.6295049802155823
2.243632786382122
1.5249369070645677
1.090598959471869
0.08796441444018832
1.3323015396675686
1.0392907788491321
1.0634358974358982
1.3008215010141981
1.8583120204603567
0.27597997182581224
0.9477081260364848
1.7903341687552192
0.2874111843468903
0.42127055771724997
0.27995190548382
1.1687029140014253
1.6415668025332302
0.31698630136986417
1.3507159546061445
1.018566838783709
2.2291149179157763
1.5498508158508173
1.2655643449178449
1.5098025264992039
1.5040811965811969
1.2719077925521844
1.2740959752321963
3.0951282051282085
-0.33877835624796937
1.6372463768115963
1.6791794251947358
1.8829565950582925
0.7346815247838272
1.8793986998916594
1.9095843926163383
1.9223317683881085
1.8630861244019137
0.8935631549917282
-0.06530762167125914
1.091250476553565
1.154511919614258
0.2850327639918362
0.013040802370642979
0.4453270488649501
2.3237232851370457
1.236197183098593
0.8407203103913652
-0.6271504357711244
0.23161721814341796
2.606055793172967
1.1302462361052505
-0.03181517289434588
0.7538770352083688
0.1736575214473799
1.212761483121195
0.5610391236306711
2.1979318146356697
1.3872882629108005
1.0290667659468866
0.5750379572118725
1.5019155115511573
-0.1236745745813792
0.8071675675675678
1.4959188741721867
0.7175082461596496
0.9687766494157479
0.9164429530201339
0.6241601558926355
2.727348574431744
0.16984112149532749
0.8735155828750152
1.7313351069070855
0.7230193523663537
0.2227565457798022
2.430062472238543
1.7500488207158185
1.5016527913128215
0.1567195767195777
1.107650648360032
0.7636698092435807
0.783034270194392
1.7406925566343041
1.2106766917293221
1.5174161585365873
1.0433399520145628
0.6615048543689319
1.3710939119618573
0.31073426573426666
1.3397073099521926
1.208170782258545
1.2674424616151256
2.088913043478261
0.15119007803790474
0.5769111595255403
-0.1381298800228521
1.8844076366136804
1.0374307394945959
-0.26193548387096754
1.1688433515482686
1.0853105691056903
0.9099009768499968
0.9052089166200048
0.7867509268621511
0.5602325437565732
-0.1606566175630899
0.9087133507853409
1.3534163731576783
-0.35780631353665093
2.4559907980326834
0.011240946763235726
0.10813956093189958
-0.017602040816326436
-0.16059020187732997
1.3166166916541755
-0.16205568169129414
0.2286399212149508
0.04212121212121467
0.6426992025518352
1.2272170750382863
0.21913096695226564
0.987265785965338
0.2049355269008455
0.5428896103896115
0.03841367043577826
-0.20618694558453576
1.850760520534056
0.6865942028985508
0.1112546517809676
-0.010956963584570545
1.49918571028822
0.9322720965309195
1.3919050779953572
0.8074691358024708
-0.3474974358974361
-0.5876585195123365
-0.7709388575504104
2.403615681785663
1.436530775379694
-0.04667162698412497
-0.8066522366522353
1.192487827749126
1.2829560934160078
-1.431554632533695
0.10783931968222227
1.4199063589477632
-0.24031554569140035
3.148193164362521
0.7295238095238119
0.3702123142250553
-1.017355371900825
0.5377551020408156
0.5706451042771299
1.1639708434571325
-0.34748345964152527
1.271080062794347
-0.4420614035087702
1.1396929824561433
1.896297117516628
1.0446031746031785
0.6013941747572815
0.2553312401883847
-0.5033367622476526
-1.0063998899307816
0.8032021563342333
0.48896563071297905
0.9855128637990447
0.7618390804597723
0.7426999101527407
1.5915404040404049
2.6432576769025395
1.7679769392033542
1.6864381520119238
1.687490465293667
0.2938464476699778
0.31370734679665624
1.18296240601504
0.4108660359248617
0.017383835371310496
0.1975326720201558
0.6577820707618862
3.4909698996655543
2.6568277842863104
1.2449228208862095
1.045067660867165
0.19625956144824208
0.01088888888888917
0.6086845284372941
-0.22735132624256948
0.8548794596208396
0.28322920799315376
-1.1432510678690058
2.4499809128164856
1.1467424242424258
0.7649519982353006
2.1547381683597138
2.2035640527841096
2.3172644927536226
0.5028064724919119
1.311342403628121
0.2676557833459903
2.54208978500613
0.38673212100515286
-0.22268871363244713
1.2548943466475073
0.5440898219505712
1.3411674662174562
-0.7361878635824759
1.4490196078431374
1.0805915512089115
0.3329022476777208
1.6250341810226985
1.0605299240318722
0.3113821642871937
-0.1488797493145313
1.6009946824304286
-3.3155696202531644
0.11620142028300151
1.6076253502077087
2.1130446798710274
1.4806185099410385
-2.975744930943284
-3.1249344066785927
-2.659110611326925
-0.6129598997493737
2.2892089761570844
1.7368134801468145
1.7901426491994208
1.67119959755437
1.4357428658166356
2.3277632653061247
2.580294246815985
1.954011742469941
1.7550183944383058
1.7742945738843936
1.2897855812716195
2.3319128757812564
1.8215336066107106
1.0734382157926454
1.9704524737666524
2.163396980824153
2.678199090691553
2.2434797661731913
1.9520605251446383
0.9147525676937427
1.2592477180152422
1.7238166311300631
2.055019310525129
0.41262812456361075
1.6577025603052995
2.108794249646003
1.0766607039337472
2.0240095693779914
2.393405777120467
1.8103290539989025
1.5848383677795468
1.845787969338705
0.870640913081651
2.4599583333333364
2.7219166866363125
2.22725193875522
1.5705268595041346
1.6521455916473329
1.8981353050066723
1.749474332975467
1.148549589858316
1.089460592184409
2.8576959866916205
0.4978036465638134
0.3992561192397108
1.2839513242662868
1.0905714285714296
0.465967847511326
1.5467320851463349
1.8553557306195039
2.7069317160826607
2.023829277518601
1.1532637609985663
0.2571652173913037
-0.2986606708799222
1.3281641704698863
0.040118506814144084
1.920716089880269
1.9137372527971586
-0.8704535010940919
0.6413021340653522
1.2302631578947398
0.273011907085694
2.4909649385675756
0.5261974169741706
1.2932526816021728
0.8848117183484696
1.9866331540799642
1.984490349295399
1.6152427836204986
0.16878021978022062
1.278064806987885
1.9163979656706935
2.0423968188674095
1.370711346266905
2.858509803921571
0.9506731663130807
0.4525556083065183
0.09806689959333248
1.0652906976744205
1.487161416497873
0.31413396342716204
0.521361367127497
1.3143640350877206
2.475251748251747
2.069567739332193
0.5632833333333345
1.2000754265628437
1.507154218304727
0.5259793495095515
-0.05474323062558284
1.2484285714285726
1.3153991949010404
0.12269999406985832
0.23824099431219636
1.1585687960687991
0.06954985177094919
-0.31829903702854523
0.8419447863014149
2.717131633798303
1.1842246207107223
-0.4015686274509793
0.8432656514382408
0.4698391460115552
0.7143921568627469
1.2939013883482566
0.3902422581123144
0.7409777940411786
-1.0901744775816589
0.35683819452146004
0.2869845094664374
0.5736816798118198
1.4391172595520452
0.4044222646822213
0.6873834053395385
0.16861106944652882
-0.3690842490842474
0.8050735974207903
-0.722570672097758
2.3919584286803968
1.0700594472023042
-0.26393791776495057
1.960706394544129
1.0155157091327318
0.6069975186104237
0.9782222222222252
0.42886035313001614
-0.7573138560970776
0.1965822155986121
0.5634778982485393
0.8183483405003429
0.1765130984643175
3.5831818181818207
1.9428882724999461
1.5803418479974773
0.8485792349726786
0.04026973886329088
-0.3359968279584855
0.7143803110469769
0.5508527131782976
1.0726666666666667
0.6488292866553742
1.4777132533230102
1.7376554744525592
-0.004418604651160507
0.6143815283122578
7.45938477214434
0.06660859465737623
-0.2258546107867172
1.6091784093623112
-0.08315767600365653
-0.7654347826086934
0.6847409579667669
2.3571059216013346
1.1394924560849375
0.6132822878228765
1.516133599866734
0.07803315328739302
1.3684589715068043
1.1508508583691004
0.40646529340488335
2.4384473981900463
0.27757575757575736
0.589423758865248
-0.05403007980355845
0.21452843381918818
0.7565576673650618
-0.9957687793427219
0.4454545454545489
1.192495697074012
1.737786896647659
-1.6119784946236546
2.51106060606061
0.6922179298192113
5.000321428571429
-0.055514421985007445
0.5173572852770469
0.7521267055281555
0.7926118855465916
0.9517218736319855
1.4192654731962335
1.4633333333333347
0.4218260869565249
0.1825975975975993
-0.21349484536082386
0.6578156565656563
1.3424453840732902
0.5531465611953443
0.16918397568294452
0.07376436781609463
3.517311445299047
0.027474016130012657
0.2933511783532161
1.658531577169878
2.0687877570694084
2.288568844221107
0.18980647539472884
1.019584341786807
0.6336907686907693
0.23114243102162568
0.3056411730879809
2.06210065026859
0.1705051958433259
2.550086021505379
1.1323030303030315
0.5139017808958464
1.5205093454639744
1.042123738847664
0.3101010101010111
2.590361122164744
0.4010561797752814
0.4482162004661987
-0.4842015968063862
1.0853480475382007
2.491509610876701
5.3223921568627475
-0.11244013457351798
1.654788118811883
0.4779752321981441
1.7751183903815502
0.14993449197861075
0.0888898575995345
1.0980645161290354
0.7409115248874301
-0.9955844155844158
0.9109762641898875
0.24020967765535772
-0.7571915639764235
0.818212560386474
-0.15390242361045026
0.017576367294678263
0.17757126828933423
0.8769926793557836
1.0037121212121214
1.1671772805507743
1.054235517568852
-0.06508845798706986
1.064572383693939
-0.2770885276177957
0.32263540414161795
-0.5127650247090703
0.800809349043849
2.2581790683605583
0.8697416214192124
1.2569437361890188
0.42541747902009064
1.0903664853664878
0.8207845479888505
0.3538024316109425
1.9069905030370151
2.2809145880574455
1.1211129476584034
-0.8382190004714758
2.11903896103896
0.029432804232806475
2.184233814874265
0.023642773207992462
0.5764391534391535
-1.7114895739798452
1.3064887339055815
-0.5496701588374435
1.1490181818181817
-0.488289051763628
2.403842160915122
0.11314309346567519
2.1963742690058474
0.5753147557495417
0.5834932533733159
0.34303258145363813
1.2687437638580938
0.17537765205091915
-1.0472103182858312
0.9999845072959843
0.5881487341772171
2.0388758811681775
-1.2871430463576168
0.42419657033979163
-0.7358421672555941
-0.13361450151057142
0.9239539860888186
1.0094778669043372
0.32123103169614886
0.1120327970297037
-0.5192748644005878
1.8594202898550733
0.6714430014430022
2.0148017621145407
-0.7500618603364586
1.1235590386624885
2.812446763163262
1.2055436435523141
0.48936506879715935
0.8616071428571423
0.38746847899624726
1.5863451268357807
2.259607307171855
2.3839699653446296
0.9049910220498454
3.032374075938634
2.5873003356891857
1.4396052752083541
1.6223843810578806
1.2196990134416623
3.126497164807027
1.9530796515107873
1.322109598682001
0.9492307692307698
0.9860248818243242
3.174570368844016
1.4468859711716853
0.8698787228776546
2.681475338280226
1.605718348702922
0.7048403361344562
1.2302988698981991
2.9585548397359425
1.3498297145214018
0.33793223443223575
0.5245810792065484
1.2673072833599157
2.572970315749668
1.3033823953823962
0.12587924528302175
1.5434833242704364
1.6265714285714274
0.8640955459579764
-0.10460606060605926
0.7919393939393942
3.89758241758242
0.5250808318047042
0.2634757834757835
0.10773744706594357
1.9146931927133295
1.374155844155844
0.19322324318076767
1.5006504306504347
1.9034588460852504
1.690333333333335
1.9888652173913073
0.012507507507507398
2.214830039525694
2.146991470068393
0.7338909527821151
0.5075210808924737
-0.3409817682224947
1.068499278499278
1.2470945479641138
1.0224941724941736
1.4586977105581767
2.4212817176317536
1.8113823659725306
0.34500000000000064
0.9944454111744321
0.49946172471596384
1.2267452677441213
1.5963329328527571
0.9580426146623324
0.9597978423069158
1.3582550423756672
3.32043074691806
1.1083920505871738
0.15428313097391033
-0.26060628484041004
0.29575539893376934
1.19527291886196
1.8623809523809527
-0.4751687943262404
-0.4423232323232309
0.38601569060519303
2.444289021164021
0.22306693306693504
1.3318212290502807
0.0653197278911577
1.0392727272727278
0.8425824316264823
1.0332628567441233
0.13486985172982102
1.9936303984729165
-0.47434811854548364
1.14394121433169
1.4278854791594675
1.2819607843137248
1.2924441010378551
0.5879249011857723
0.828127201751883
0.40364272388059774
1.1013407514916977
1.8105808857808867
0.20930753304666538
0.38446019790282193
0.06443922425566662
0.7558268101761279
2.2421392786908605
0.44623582766439895
0.69243128250152
1.0914492753623186
2.409458689458692
1.8325252525252544
0.7181764548136265
0.7660218102508161
0.5958384215389643
1.2301534828807554
-0.042970114942527005
0.6423013391540309
1.6015748941085874
0.7504723236975863
1.545145865553696
0.22498445763191022
0.4057090909090917
1.6258172679949752
0.20055365686944704
1.1067328042328057
1.251884057971015
2.356071596796987
-0.276162093976664
0.14370078740157766
1.9289611956303219
0.9126310060643767
-0.03538170823884812
0.713327715229557
5.056014264264267
1.1198434622467808
1.0202859091684218
-0.024183995885074694
1.755030395136778
0.330577507598786
0.7128248006174438
2.711606842989088
2.2152220438737302
1.1509960655411149
2.362387118193894
0.5826220349848903
0.4500777202072541
2.1556280731543396
1.232440528946718
-0.2535882890428667
0.10084343930951611
0.033532703537968445
0.747260869565217
1.0932225836431222
0.7697733405288716
0.1352977499030139
1.162139925461151
0.6275865479723066
0.7673049884945868
1.9541666666666693
0.6585242914979759
1.0866400473232751
1.9374725274725293
1.7027557539161648
1.3503014132096212
1.022129674209598
2.196095818399044
0.12973752416999318
1.0318614718614718
-0.49758260869564985
2.631108875475075
1.2452969257757474
0.9541212121212119
1.2179249011857713
0.7753249475891018
-0.5952707749766546
0.6964437181728371
0.9593604411461563
0.4781923572348674
0.26165113871635626
-0.24449300699300736
0.9457462475219494
2.2520173160173194
0.8171671734647532
1.7851969517022965
0.043387871095905695
2.6921028694285987
0.7881273408239728
1.5876840336134457
0.7230473131436739
1.2279489232804686
1.642559091888785
1.9201098901098916
1.5505899035734565
1.9308000853424367
0.9672231784280001
1.4641725704793096
0.8444047706475928
1.0488907738483633
0.7606799704360689
1.0953758741258746
1.595386085626913
0.764769126607991
1.4705533548161966
0.6125625671733488
0.46125886524822945
1.1694762984558906
0.5010065466448452
0.6510731707317063
0.44527515571823173
1.55875818758863
0.6448570374469682
0.7416676889525
1.29997451255257
0.8616785435819345
1.4323989898989922
3.410742847165057
1.1464234172212464
1.0051321839080494
0.02699181596991984
0.7858639705882347
2.3060439560439576
1.1954671619460377
1.5021862348178168
0.22363541711856527
1.0069015688619345
0.9587837837837867
1.2489130434782645
-1.4516725352112658
1.0241176470588265
0.731552468409074
1.069451028997861
1.2978912783751504
-0.1535766800340248
0.39589010989011086
0.09123927383106611
0.9080421909696526
0.20291854072963567
1.0238027623596224
1.0262579013906468
0.6297392529950692
1.2593154228855745
0.3161186848436266
2.243883899518419
1.061132864209572
0.45621008080030734
2.7514159292035423
1.5481531027694508
0.5697979797979791
1.2827596223674647
1.5210638297872343
0.8166635880858912
1.666482661004956
2.333144711722035
1.7236170828809279
1.610222966645054
1.953837757380306
0.12520057899090098
-0.07051028481012622
1.5675301839397164
0.9697438142876251
0.2482663933153173
0.24742856593839413
-0.2081444444444429
1.323297317436662
1.676803303303302
0.07854166666666629
2.2647500903287963
1.3425944767441855
0.7676212360244179
2.3634684766214207
1.3983065015479887
0.6268969079459445
2.8236743838685605
1.5808924731182792
0.32216136768004944
1.9048325170297815
1.3186068355829192
0.21917569146864047
1.0265201196455784
1.0096932773109266
1.7099155540878428
0.4217147305211668
0.3926874185136917
2.267009803921571
-0.19479889187988242
2.4693548387096804
0.34022829503321894
0.6878743249877282
1.8773293684508658
1.542951578800217
1.2684371259796912
1.3659536045681655
2.9969230769230784
2.7407747933884323
3.024950145175449
1.6834845355567474
1.3235806650246325
0.939905027068832
0.8487063953488381
1.2511523125996824
2.094816480142619
0.605784200231529
0.4854987442848895
1.673132571824162
1.062961161006367
-0.35545855513308133
1.5022953586497891
-0.13374603174603017
3.7425555077452692
0.19941956882255418
1.0392243895565372
1.2229539279209334
0.4806121482884116
2.3158932102834555
2.8342294612493326
3.58396329170267
0.9116984254683409
1.2191523809523837
1.3558730158730192
2.023638948116563
0.5755050755695912
1.8959722222222233
1.436191869918698
-0.3923595969120157
1.0384294892182417
1.4606788688337495
-0.4720930232558125
-0.6395053963817041
0.6715815303204877
0.6041861563902664
0.37483605373393125
0.6765217391304361
1.6289801670504929
0.17044476327116165
-0.26827804074483197
0.18673061625567478
2.9466032608695656
0.7897581054192209
0.48876847290640413
0.5817882187938288
0.23583333333333378
0.567765226226765
0.17846136311830563
2.020955710955711
0.01976468281204191
1.0650769230769264
0.79450232219288
0.691468225562712
1.0452035811229123
0.46171662412168857
0.5653490855693519
1.312556306306309
0.789535104364326
1.8983078537170286
0.8682501945188896
2.1034642981539555
2.310092105263159
0.9750472094755303
0.3194341870160802
1.3894470046082965
1.8787276876267782
1.4556410256410253
1.0641050749553003
1.003682025736822
2.052049107931463
0.8158095721782885
1.433581407307944
1.710321734568982
2.967861127675082
0.6970370370370382
1.0107611021936869
0.9141355692017008
1.435398299078667
1.2246271204523644
0.9985957021489256
1.5418792701551354
0.5144864065521553
1.4283080040526848
2.3002712280223534
1.0959233950728304
0.9979711561141613
0.2480392156862763
0.26785669446686633
1.2958341658341652
0.22383889170223803
0.2678227165487037
0.7213529411764732
2.1689346504559275
2.0933178294573658
-2.6341234221598864
-0.7712823520212666
-0.442651004426283
1.7404571065625873
-0.08890222984562612
0.22744680851063848
0.11144403694047966
0.872481572481572
-0.521066755378131
0.015404761904761699
0.36741594290136703
1.4833096266192562
-0.6502561648877432
-0.6307514761137938
-1.5956909396779597
1.0010000000000012
-1.5962987012986982
-0.39796868008948394
-0.6800873203565558
-0.6383333333333319
0.9518705715635356
1.6228571428571463
0.5240522707797801
-0.4135081270930314
1.3569832810867304
1.3922966374623407
1.1682767355957537
1.3200667865399431
0.888880471380471
2.0715801959773117
1.813704602115763
0.8271428571428565
1.566074326517363
0.46309942210166355
0.5345568561872902
0.43793429933148076
1.7451725610190003
2.291085858585859
1.5569712377064384
2.0097630539710387
1.6009072247248675
1.2502167732764775
1.8369689440993788
0.11234483021311448
0.6026447390911542
0.7954742045103522
-0.19052134646962138
1.2134639696586618
2.3691477634089466
1.3805131524008374
1.5040294263105842
1.2429414166156363
1.9799219018715242
0.4581665658177023
1.090694378837977
0.8733870252696896
-0.19949197860962364
0.3785220125786175
0.7875527808413452
0.8204770109991131
1.1615855883837405
1.2572086747460887
0.9021231231231219
1.149175316050961
-0.4455968411460951
0.5787002417405311
6.8852678571428605
0.5488383424694945
1.1863826890347688
0.7522133638945654
1.6999427599515933
-0.0415226974860019
0.7464381625441696
1.3471428571428596
-0.33766609714425044
2.293572060123786
0.07007421150278503
1.1403457794024412
0.6886248396961641
1.031536878216123
0.39491063255769276
1.572340425531916
0.16661752881265102
1.6291879384982835
2.352201834862388
0.6234869431643624
1.3289552423343238
1.396915447897623
1.0264257425742578
-0.5193343167988189
0.200045180722892
0.6637621077101912
1.178427635910051
1.9519379844961264
0.8615873015873028
-0.31456411494807845
1.6968548245870068
0.8647785441486633
0.7324043303984382
1.0568096118299444
0.3823076923076929
0.28170104405398533
0.07759171842650225
0.5043453510436464
0.8471324057450644
1.909649060616804
-0.10541776830135063
1.6184984678243133
1.0672582205029038
1.019047619047619
1.1502856383685405
0.30283814316524627
0.9840817105765574
0.7629385671536681
1.995803937549347
1.8487317620650963
2.4376342182890873
3.1086349177312336
0.8786643882433367
-0.04465699474272178
-0.23770076503733328
2.7594049346879537
2.0252153400155386
2.043802197802197
2.017307312862254
-0.48677152997416684
1.7600708166196242
0.13496019595836017
0.8418315018315035
1.6130471611721617
1.0642078008125146
1.5492592592592622
0.8502369114446111
0.7686637827230989
0.3360865690149577
0.686820512820514
1.3551093141659187
3.929604221004521
2.0278397106415404
1.3497514762182874
0.987203703703706
1.6604634831460707
0.40221147731509
1.1959374616799536
0.9724284609435436
1.2303804034582164
0.7964058956916098
1.2803492063492072
2.14263099219621
0.9761946902654906
0.10675435544732004
1.6842460317460315
2.2151278172155635
1.9486462220149257
0.551127160786173
1.1743845361167438
3.5235015586449414
0.07322851966873856
0.07193061840120762
0.26932973733583765
0.7361690140845063
-0.4352092352092338
0.8935494934992434
0.9696844672273919
0.3065869343580925
0.9380931677018651
1.9371111111111112
0.38359332655826783
-0.3104132587171762
0.3549032258064546
2.0537805696244185
0.3827978324966139
0.26705644085474134
1.2052380952380979
-0.34721222040370847
0.6438317757009351
3.4295762064022988
0.2747786166088577
0.026273341619877044
-0.20651197357555517
0.6377553668806542
0.380163934426232
-0.2313549601038396
1.6610047095761402
1.4076174433838666
0.7020754277732522
0.7981242611322763
-0.09933563071004947
0.4270716139626032
0.01743188318530997
0.13341719262195184
-0.29180158410524903
-0.3979812894041075
-0.14464935862969597
-0.7447795729479587
-0.29962964163573425
1.3495552949862137
0.5055555555555564
1.2965615337043914
0.34964601769911674
-0.08558410550849871
0.016363636363637468
2.3610185755788358
-0.18573789946596442
2.215337763012183
0.28692732799115994
1.4833838383838405
-0.13801020408163112
1.404070547079975
0.8862663724373583
0.8474501491599931
0.5754632452574526
0.6574850227653961
0.6845957918050978
0.5639266817838227
1.1492407960199031
1.0384639907259832
1.5109313292071924
1.9517982017982014
1.7683625628944561
0.25729260851168156
1.0953747316042381
1.6235587188612115
0.46347985347985343
0.2830176565008031
0.4741403002309461
0.373546190651453
1.4986928104575163
1.2173687423687412
1.1731085329888629
-0.32145756623259736
2.2191558441558463
0.06056959219858271
0.8132492997198888
0.9086286952484137
-0.36502447708055286
1.6421375066880692
-0.0744410062460581
0.3481935631395423
0.6461363636363657
0.3425531914893618
0.9689585138961121
0.21205777345018006
1.3740320568956825
-0.033353194306519285
1.9796962831094582
1.0227266897524672
1.4884496124031017
1.1896304508499647
1.5695965779187233
0.308134981572481
0.8116648351648372
1.5231306990881457
0.06472140762463674
0.3510338680926921
0.5754469696969728
0.45161394971614044
1.5452380952380942
1.020519450589969
0.573281199439112
0.42551674130945116
3.4934308663224343
1.3753703703703728
0.7459643255295418
5.635089285714287
1.339050231941684
2.2578066140092012
1.1693218926693767
2.097744014732964
1.7917046049188912
3.7370267566891755
1.4289462081128796
-0.33519607843136967
1.2801283115225033
1.624848484848485
1.192837162837165
0.9158122312470134
1.246381461675579
2.032356088472749
2.291930404660686
1.3039196030173876
1.5642903374942208
2.14983176244046
1.9270384678883943
0.6379164182071158
0.992913279132793
1.4447721073252993
0.06439166617828107
0.3653227340671297
1.9185185185185176
0.6088461538461551
2.7418222829801806
0.23212153824078108
1.0317030965391645
0.3047755390597402
1.5580184331797255
3.431751662971177
-0.7079542719614924
1.1763113972341444
-0.33575842093971175
-0.42616892911010495
0.1977687074829948
2.4014691673770976
1.6536449641803657
0.2606605758582514
0.9375936883629201
2.1268315842078955
0.29617816091954197
-0.1907500561419262
0.42132775538811984
1.4246505295007559
1.9658669438669456
1.305733907339075
0.025849564757370658
0.5770517676767675
-0.017012743628184168
1.044568539299327
3.3153157024793423
0.40585730400451325
0.6632290562036047
2.0548113180392065
1.8021216407355034
3.1247469485725965
1.7452125274888708
2.0409186819078258
0.814704708699125
0.4724702505364675
0.9657050663897344
-0.22575631058642642
1.6692758236511231
0.8588271965712089
0.5206150867990509
1.1133945409429273
0.22132187706543505
1.0296654244306431
1.0456695156695197
1.4224406240050946
0.8991473301649435
0.5652002786485575
0.08889381075427849
-0.3807852147852131
-0.3653138815207786
0.2855436720142617
-0.24726666666666652
0.47447872837774696
0.7511559651407431
1.2321768140116767
-0.16049595257097238
1.2009768400113678
0.3070048309178759
0.9964288830715553
0.20780812324930054
0.442751196172253
1.3325477264838597
0.062051282051282186
0.956599741242993
-0.2925904949519822
-0.6898282476331268
1.6210517181534172
-0.1900512820512823
0.8533004926108383
-1.4307216153591522
-0.5157933884297528
1.292091836734695
-1.8129564134495624
2.0825478662053065
1.476418377321604
3.0475956783078466
8.588382959514977
0.461753246753247
2.8548052531148294
1.9711800045711314
0.3989651698769805
0.9664221168802314
-0.720497405066542
-0.3160729794542725
1.059150764999142
1.7455106138841074
1.8561666666666667
0.2805574425574431
0.23651467505241008
1.2921333333333358
0.6122338830584724
1.2754226475279147
1.5797582417582419
0.5385197934595531
1.7576639344262333
1.0056317578004332
-0.07480228606734585
4.876829638627392
1.9719503356502095
0.048870271642552865
1.1518765152739618
1.0737272727272718
0.2945432900432916
0.6787261529217368
0.42215598609041294
-1.4177922661870497
0.8732148900169214
-0.914371114299378
0.9416014681734772
-0.26774774774774457
-0.9493258426966289
0.3676803118908403
1.3115093479252167
0.9024555112881814
0.14294217687074884
0.5853864734299528
-0.2888870657728173
3.350354823380325
0.12524180460889411
-0.06930107526881812
0.2772486929071718
0.2303634041565079
0.7996227621483385
-0.6544573268921106
-0.5627344672808867
0.1479279279279293
2.9606457783641176
-0.22738924050632825
0.6432930708817999
-0.0294294294294275
1.9619499568593604
0.01501960784313816
0.28181834470401945
1.6524217907227623
0.0765517241379321
1.4969400150022985
1.590626734406353
1.53641095890411
6.055714285714288
5.431943805140008
4.394600738760925
3.6537711864406788
0.8344291279592468
2.6601434159061306
0.6640136054421788
0.9182651321398119
0.5420410256410264
0.5370649140181882
0.7409282178217822
0.6976602471974722
-0.22224038886433917
0.2363697221156862
0.2842207014542346
-0.26683473389355683
0.6139938516715766
-0.057065527065525146
3.012776754945005
0.8249197860962596
-0.3700742115027822
4.638232323232323
1.523018456952883
1.1951515151515153
-0.1700440495177329
1.510190476190477
0.9626785714285724
1.1901739130434805
1.4601185770751002
-1.0877112827112825
1.81958053173771
0.6425774319066164
0.05771695594125603
-0.24855600539811107
1.8092578780533302
1.2935011957867601
1.0138714859437776
0.6752857142857138
0.10147722615565336
1.9104511278195524
0.11925331079177504
-0.6031754519989807
1.2467328042328063
2.504937343358396
1.2473170731707306
1.0288417431192691
0.041428571428571814
-0.24159160215810438
0.721898606681215
2.325111111111113
1.6492843035831868
1.9911479028697592
1.4134824121796576
1.3085761371127234
-0.0863010068892418
3.100296072507554
1.2238686131386878
-0.525151748723383
0.2043448275862083
0.8498222070776436
0.23885479452054703
1.6364382926970542
1.018312247293597
0.20793939393939453
-0.17462076913950497
1.3830142594345176
1.052883241346855
1.235248677248677
0.04400656814450166
-0.73667886337096
1.1127850571508233
0.48503041144901715
0.5753151967237109
1.0020820988756043
-0.8251949058693242
1.0891357198042755
0.008614232209739114
-0.73100122100122
0.0666737739872083
1.6314078674948256
-1.3034293717486989
0.3851515151515166
-0.18262820512820355
0.011176288019866476
0.230434782608695
2.373163243359503
0.07637624280481603
0.8463974206685911
1.0480454153492396
0.6070252732240426
-0.1336443286762936
0.35602564102564216
-0.27635141126052787
0.9771171171171176
1.0539872306464488
0.24612129894937773
0.2263997821350774
2.37243405912551
-0.18272232304899916
-0.3505062205062188
1.0159622385911469
0.8135324275826719
0.3529076086956522
1.0215694979753138
1.7585222222222257
0.43015075699256045
1.8457687793427233
0.3583401695378736
0.3537012476115553
0.66723844545389
2.397426406295544
0.18824186657903397
-0.40166182873729994
0.5920495995368142
-0.3413888888888863
0.3410336008466359
0.7368888888888883
0.2732607380520271
0.9661728809763765
0.9667801927801953
0.46294909381663274
0.6458789497107276
0.09750059227671137
0.045448692937963386
1.5208639787328302
1.2583213083213103
0.76264367816092
0.6395410769143801
1.1502432517263053
0.645482926829267
0.3785488505747132
0.7115196078431367
1.0335555555555551
-0.1817063492063511
0.29151174880432684
1.4894190610770934
0.7459899749373449
-0.8805383872525336
0.4708523908523894
1.108574181117536
0.850097254343833
1.033488372093025
0.6844255050505055
0.09260596546310929
-0.302449922958397
2.3243623188405813
0.5121938775510202
-0.8152999478351592
1.5030930930930921
0.6146534090909093
1.3963776223776208
-0.12291486624665993
-0.3777519379844936
2.1319672131147556
-0.2811980267794212
1.3728697788697808
0.3116666666666674
0.673938037972718
0.9821172414919879
0.31735024665257505
1.9527158788944021
2.8309805735430196
0.9366666666666674
-1.256639720340834
1.1243572414795473
0.3259659487961386
1.3402652519893898
1.5667864693446099
1.8922222222222231
1.790723364152722
0.4462385762385779
0.011111111111112848
0.7726890756302538
0.34888198757764144
-1.0816037934668046
1.532857142857143
1.306479825517993
1.5214418537081436
0.20389937106918232
1.3328089887640466
1.3412539682539695
-0.26311424100156344
1.2962029242357112
1.2540605031948893
0.4224073961437895
1.7356945317410428
0.9150410958904125
-0.7168388739143463
-0.06179894179894241
1.8062271062271087
1.442096089897948
0.712399906070214
-1.295727272727273
1.770953309059756
0.7688584172141546
0.2998645784267566
1.5722421673730587
0.8334098883572594
0.9271308049535598
0.8271740638002782
0.6941605839416063
0.8232967032967018
-0.5349523809523795
1.1227354497354511
0.8739287713841364
1.5379997105225094
0.5798208955223885
1.284671814671814
1.583190713820784
1.5324985928998807
0.9934835108032694
0.26550744308231344
-0.131144390111384
1.4217547072357632
0.2780857975199158
-0.6628012660122753
1.6907522594364686
3.0601754385964917
2.812172731490687
0.2543408295450007
1.442086247086248
1.7568042256781489
2.447691811734366
1.2801115114084745
2.191052282524595
0.7806935817805396
1.8753899805009766
1.7698788943329973
3.4556221198156685
0.8066363375765739
1.6067916590451823
2.5925838450637713
2.2875229801644927
1.8257702462675844
2.427467606579391
1.3376442953020167
-0.3472165125042821
0.5615975677169693
0.08709576138147845
1.537613307167554
0.36664183937823935
2.464022585669781
1.0089031992044433
0.6900631719613664
0.909076923076924
1.8347453521467934
0.6735161009573538
0.32148290449024053
1.6603691112190404
1.548796890074346
-1.6441419354838693
1.1644680851063853
0.9300863636363665
0.21479812363880058
0.5792316017316033
0.19912087912087983
0.8017800338409486
1.4379601139601128
1.374216712580349
0.0983822878228775
1.3068472906403947
-1.0442758620689645
0.14373775276214218
-0.049042735042734265
-0.04948963317384347
-0.29656600441500913
2.5633033666141607
2.5758438104448764
1.1808653796653807
1.0805737290085133
-0.4621082621082593
0.3601585239085239
-0.20988293396744062
0.0620718462823735
0.41277477477477476
0.1624821600771469
-0.7842437499999981
1.0761873305055296
0.47943722231364205
4.541815504083544
0.3069775308905758
2.0135091743119276
2.7250980392156876
0.6541088698535518
-0.18442176870748028
-0.6524312896405906
-1.0292424242424225
0.20289490904331942
-0.32514697867083164
1.2019245283018876
0.025026455026456063
0.8145567765567776
-0.7377422897410071
1.866883534136548
3.389039924403498
-0.05216450216449964
-0.6743436413866828
0.4629582696089152
-0.1070604226957812
-0.026850241545893994
0.549073122529645
-0.49766613260089976
0.8504097784488849
1.5395389101512684
0.5914554378239529
0.2422969918275104
1.7842470014992493
1.2397509773723492
0.8880412176214776
0.37849397590361633
-0.3813274336283179
2.066851282051285
0.25699445800620424
1.1517838577291393
0.3670582938574185
-0.15656506408649484
0.2795744165388019
0.10064165009940673
1.2550201580390272
-0.9486678722121749
1.002034844919038
0.35802221630463826
0.44357888052254424
0.9813513513513534
0.2439991694352166
0.3887892129884438
1.677965243875132
0.22048817696414957
3.101807081807081
1.1293810845519694
-0.0871949509116412
0.6723779983457412
1.1396474298625527
1.0865343059395656
1.197947787680416
3.0434156378600825
0.02899528151275632
0.26620935765265585
1.1614585115483358
0.2001753196435505
1.7687551299589614
1.2358886346300544
0.4578987623418165
0.14974692593651895
0.44733282578352984
-0.31027640941433887
-0.05107406184659169
0.6077956089085461
0.26053447572419586
0.453330102406337
2.219913043478261
1.2547182254196656
0.5018975347979193
0.569153213524217
0.24886575249703746
-0.10978435517970375
0.8310242938614216
1.1027467430598215
0.2560744055453199
-0.04078787878787793
1.0050228018241505
0.867322323067004
-0.060519480519481306
-0.00886970172684265
0.02315821256038575
0.6264236725320451
-0.5431801755291676
2.0251960784313745
1.0268565400843883
0.6682978307602134
0.8570544625035659
0.9030769230769238
0.5221649484536108
1.5054438695902128
-0.7474368686868686
-0.7727781698423897
1.976136363636364
1.180709624796087
0.8479442508710839
0.6391886195995795
0.5908439367202263
0.5027950310559035
1.9982209737827716
1.2174264062955409
0.92335884557124
0.6739519966894285
0.9558660137862702
0.07306304194984747
0.1986513572823263
0.8575422735643734
0.23725649139537985
0.5330322374720744
0.21238690027104923
0.8891887948643138
-0.7450980392156836
-0.4669604233778184
1.5148410179467966
0.96759715380405
-0.5246624891209741
0.2806967695694471
0.2696410016928379
3.2118150584795337
-0.31971841046656024
0.22962421590080417
1.2887875925051198
0.8519336007130143
2.038942126677597
1.7828326745718037
1.7034660269308155
0.9982608695652182
0.8969161612251071
1.2398440775681365
2.3031764705882374
1.0695694920303929
1.0637973137973162
0.1898471041187726
1.5314073521821427
1.5054154783668494
-0.3173763674748873
-0.033564371660324
1.4126573426573437
1.1395238095238085
0.09217524509804065
-0.4518599636094063
1.782262969588551
0.2486763615625911
2.9093068312284736
1.0659167060553578
0.1922089434999723
-0.7953532016123681
-0.3725046816479409
1.871340667661407
0.8413190034196418
1.0904135901551655
0.7974585874483573
0.3011177782149659
0.9746442976818415
0.3800000000000008
1.02148798913505
2.7197565945884747
1.4452825552825566
0.803164548909848
-0.20098145363408548
0.523460635801154
0.3935625000000016
1.624952305246424
0.8459058026781605
0.8555797101449301
0.9064285714285738
1.7375309224813513
0.7868904608788867
1.0182631809232099
1.372884697357204
0.15437625173970915
1.1962666280039151
1.8733629594042753
1.1251948051948055
2.1333301577220283
0.00439747868001561
1.5544640341709481
-0.2346642619311865
0.49677257044278633
1.3236891124783305
-0.1974937965260537
1.0756609195402298
1.3969642857142865
1.7203164983164996
-0.4187173115607603
1.695160772536635
0.2788659793814432
1.0017760219855738
-0.22587227996709558
2.21625678119349
0.5088280812670831
0.5319997372224456
-1.0350844412504472
3.5875591075591053
0.7870040917986145
0.07532784288881977
2.3117395264116603
-0.6056302521008394
0.8616366158113742
0.03790111642743277
0.5082039646524983
1.0314782608695658
2.8127276719065613
0.9054367120809559
1.2000969976905331
0.9410445234467595
1.0409609977651222
0.9359972274124537
1.0530661040787628
0.07458035133376839
0.9397592604278415
0.3212332512988798
1.4031518079344174
1.3761950815142292
1.9628294177732393
0.6772022855550155
1.561970616416481
1.126645962732919
-0.15256005166803277
1.7544552912464368
1.0733492521393408
-0.8404444444444437
1.8012723490664193
-0.373537634408601
1.249659132470196
-0.7571097694547575
3.180670993405215
-0.14519908987485763
0.556720867208675
0.6880618212197191
-0.7565117582613556
1.1063558065252117
1.0401935483870979
1.731984126984127
1.3207493540051694
-0.8582170848975821
1.9598966453028481
0.5490945736434121
1.2816036866359468
-0.28443167305236017
-0.3513543599257858
0.3709059579278211
-0.09440476190476232
0.6241164453523993
0.6774697716077007
0.528636487022613
1.6840920183322439
0.7932275132275173
1.3937222222222267
1.397189655172415
0.01977220691528636
0.031077047850770256
0.26529280648429676
0.5827027027027043
0.8372612327839235
2.165409160406835
1.9757240967452994
0.3525346901017592
1.2142871587462096
4.252546744036106
0.5400013982102898
2.390466807412622
1.2024609733700657
0.9423317463447631
0.6565033710645167
0.6014179634179619
3.219930025779977
-0.44935683364254686
0.015672814207650987
1.472553846153847
1.1308282596901584
-0.3023460777164271
0.33953823953823914
0.7053821506720865
0.5707548539285092
0.09908841118474321
0.6950641911909976
0.13351125985592205
0.8645571048237919
0.9842857142857149
1.6074946328896509
1.8309887869520907
0.8212012012012018
0.9616315378610487
-0.41480608916273987
2.204631251357025
1.5005046861184823
0.3552595452595462
1.6658471628172222
0.9585714285714282
1.1984444042013784
0.6919027484143783
1.7042748917748938
0.7491919191919223
0.21002775208140534
0.4893784441881337
-0.1552241179872773
-0.19309779536460958
-0.6126441040256481
1.8531865739765472
0.15610500610500644
1.2906744738927536
0.9450000000000003
0.6371870397643598
1.4578020050125318
1.3681656804733713
0.24740088105727054
-0.25471143352378434
0.646916099773243
0.05356383712905455
1.3564966740576487
0.30582086529454955
0.13943319838056567
-0.21847826086956346
0.8891762794810099
1.4876845376845402
0.038889442851802514
-0.9055814763716441
0.5160436304874771
0.2449141323792503
1.1437360216875625
1.5845238095238123
0.9498383209479826
0.7926984763432223
0.4798096972456172
1.2859734779987946
-0.08659157951193208
0.7725022583559173
1.4747355546583734
1.4579907592407615
-0.010976706827307225
0.45306531830238583
0.8832504970178903
1.0682490421455917
0.24344857389801433
1.119309390304494
1.0762936419543863
1.288744611594968
1.3423287159865076
-0.38881692775309773
2.3429514275120518
0.4251631956820603
0.9854101995565401
1.3050698813290182
0.46782459425717704
0.38770984866492597
0.3510853499492832
0.7803498682003358
-0.06523918867202383
-0.9369516878916517
2.086624208738616
0.7473645546372829
0.2088954635108511
-0.21161637365520747
0.8921309064166216
-0.10998173915279885
1.0969230769230762
2.1391270629532393
0.15338461538461523
-0.07496831693369721
-0.7239281865108609
0.3983424668786757
0.6576810927492147
1.2611339572075053
1.1811877839647487
-0.16507142857142654
0.13715085694892437
1.2432673209994505
-0.32461477520300974
-0.6956340739552402
1.7619298245614026
0.5922727272727286
1.709190476190475
0.7635360130585589
0.07608888888889176
1.2084752829064946
1.647768128528007
0.8655679664904774
0.3639193169407946
0.8323126743722611
1.6659949937421814
1.2212875779920616
0.72909539981476
-0.4123076923076905
0.763183075504557
0.3213613150335153
0.028095238095238173
0.08171196413561255
0.3283044885324351
1.0038145338879367
0.46654232209737856
0.6957735247208952
-0.6515151515151487
-0.6470446304044604
1.473796296296296
0.9624878143887727
0.6605671729400555
0.7470000000000034
0.9817145977429931
0.10084299213331782
1.398380952380954
0.27862958862107234
0.348598484848484
0.4474885844748897
-0.06688888888888656
0.20875776397515544
0.42442728442728495
1.254821650252424
0.17053286794648415
1.291194160328704
0.8946467201083905
1.5922456575682382
0.6860353349458386
1.7893710754510117
0.7279274648136997
0.6561109514228214
0.4146153846153844
0.5679351740696283
-0.3188326780253359
2.210967741935484
0.39319843159221435
0.16570195481086714
-0.09295878333700713
0.8221592039800996
0.06862327909887611
1.618780953410056
-0.1868339768339755
2.3963539712320205
0.10284438775510374
1.4867444187836796
0.8641370808678523
2.6219613819463916
0.7277108953613833
0.00810590277777834
1.2589277389277385
1.5307351321585934
1.5680392156862766
1.646491785903553
1.235822890559735
1.014097222222226
0.11050627240143562
2.626434083031853
0.5683601020197173
2.363524904214561
0.6090239867659228
1.7968957591081498
-0.4318812971425423
0.5222422905813922
3.3656548856548874
0.8289965156794459
0.6576891122278035
-0.5704151964243689
1.567078431372547
-0.02502142349974079
0.5932258064516134
1.4420828625235416
0.3959891176551018
-0.43823565062388603
0.6261883009770344
2.105655277919432
1.711545490576011
0.5032677281197913
0.1316031551649619
1.9243582118320894
0.39553899082568833
0.2780857975199158
-0.7729597296536177
1.0031268250972047
2.1688235294117675
1.9865673325811386
-0.6130528503562918
2.268234283035575
1.1685769230769232
0.16656099033816574
0.3288118232367587
1.3883404328804971
0.8317268108148212
-0.3464835164835165
1.575133981908177
-0.7904204204204177
0.8721169494732841
0.6613100321923646
1.366873897707233
0.29933333333333323
1.1743333333333368
1.2374721164763258
0.8528175370728555
0.453430711610487
1.3323169267707087
2.066096448354511
1.6480902302151925
0.8142056932966035
0.9610136986301363
2.5307283316633296
2.2973128491620116
-0.557716548702393
1.8064973680466672
1.3121245421245433
0.4229234178091694
1.5629055785531243
1.8133249303042902
2.3929043966980856
-0.16338681548656808
1.4486809867427404
0.3402693667016905
0.10782897128317082
-0.18226577437858538
0.9714090577547907
-0.15463216641298771
1.6422666666666679
0.33933403504155457
-0.03767377483040768
1.0438854421006276
0.3474284973645556
0.9167439527523484
2.442811775380587
0.8132529375386532
1.741632740387555
0.9260368550368554
0.37204483459802695
1.7574125926480484
1.9137945205479454
2.546440476190476
0.4298412698412726
2.283141025641026
0.5112589486169377
0.9465843621399195
0.947034632034633
1.637382702702702
2.0546157521157546
0.9745893877551026
-0.06173811220853054
1.6038955307710836
-0.5588121752041566
0.4793135849657588
0.15597225691495709
0.47596564170512323
-0.011814319040214016
0.04423125261835281
0.12617303939884827
-0.6332251082251066
0.3856498727324169
0.2529743589743614
0.22674122044332634
0.025918367346941196
0.617863247863248
0.2432674982674996
0.7540336134453796
0.5316343216531898
-0.74125420875421
2.433672671414609
2.662875840323636
-0.7477386329418838
0.7289159465828767
0.8545721129907022
0.47404929391230866
-0.6113510080088354
0.3752651113467671
0.2903321264885008
0.7224128024980487
-0.22986249045072427
0.3624181937172768
0.35515487571701954
-0.6847311827956997
0.6633433493589749
0.11722410036811759
1.2707255361160854
1.438429941319594
0.6658204312477913
-0.09357881136950752
0.685371357498223
-0.15199292410687448
-0.4989980006509498
-1.2726373390557928
-0.3700455927051678
-0.1991093241042332
0.8260571361114408
0.6986872057684295
0.9088875241270422
0.041464199517298184
0.5953804173354733
1.1644476744186072
1.2099290060851935
3.421819675262654
0.5623710711016194
-0.36858278647147813
1.3182136855548876
1.9108513748058833
-0.769863452101557
1.5921340530814234
0.7934108527131798
1.8135217703840638
0.7517760814249357
0.781533841326759
2.5175429553264586
-0.3320619993033791
1.59611664930814
0.02715850736049319
0.543421750663132
0.30029702970297123
0.6027710027100284
0.6827777777777797
-0.8776937687194106
2.715381426202324
1.9710648178007126
3.533734939759036
-0.23032237266279765
1.1935022387728864
0.08404857717735048
-0.24129532577903667
0.009872160385342
-1.4941832114245894
4.0426190476190484
-0.443150169519555
3.4982972136222905
0.30995177817962904
0.6471895856736971
-0.10215053763440807
-0.14522745242738822
0.5188205128205148
0.7753345774460136
-0.16256338028168926
1.2537651821862354
0.19826457344529658
0.5754563318777315
0.8996153846153874
0.07562754535357641
-0.6434743474347417
1.7096140929352153
-0.26289643374128246
1.4075273865414708
2.419183268452791
0.7861713286713297
1.4300794714668719
1.7083993823983548
0.6773965141612202
0.5494782773667239
0.3666228070175439
0.2752984574111359
0.4660786201363827
0.9262888140665915
1.4677368839427665
2.69166666666667
0.3964542107685247
-0.227868791002809
0.11477987421383773
3.9697835497835534
2.3295679012345687
0.5737344735518342
0.057200828157350614
1.8125143967251773
0.6857097961749155
0.6581037662589821
-0.4586283823450916
0.6497679305619002
0.6327868852459027
0.7811741128165046
0.2778571428571439
0.31755291419038834
0.10151440942646417
0.6857347055460288
1.5190447869887151
-0.15747252747252638
0.28074101488609493
-0.061511658031086824
0.987805566760791
1.1761734384475453
0.554315476190478
0.5978150586888056
0.9046370705306082
2.8875360587965098
1.5137412373559194
0.7699387254901957
1.480853489018628
1.3455813953488374
1.3018979530749952
1.0815154217762917
-0.0051219029721565335
1.4411538461538491
1.5446810273405163
0.6756404230317301
1.1869846153846133
1.393319190670109
0.27052639603583195
0.18509982554758686
-0.0004565569347008136
2.2087877263581497
0.3135469553277783
2.078963585434174
1.3961192068800798
0.7248480598410474
0.8723837379922905
1.7384225819842278
0.4792410578579407
0.3781925610228605
2.310153661464586
1.098559626436785
1.0133214877991001
1.365401203286396
0.7973703777847696
-0.13437553832902616
0.7180528669443795
1.2629613233923571
1.3594372294372299
-0.3383911747167563
-0.669927780217634
1.1727963630125267
1.2229430894308955
0.6183788041081222
-0.17232358003442094
1.315950354609928
0.9814157053852348
1.3039620807000496
-0.05350032000930938
-0.11044407894736707
1.850935143288087
1.2866821080899626
1.365381750465552
-0.6690062605269009
1.0160232480160936
2.1121621621621642
0.6762186357331998
1.2522058823529427
1.6249980627663696
1.8471861517415569
0.9062237762237757
0.008260869565217988
-0.16195796968304776
1.4444016108947366
1.044989360192936
-0.5189259796806951
-0.054849750923992246
1.2336493237867963
0.8524697710316467
2.1277469465735663
2.0587241227426247
0.08892473118279653
1.4533333333333367
0.9082309582309627
-0.07482976877137482
-0.6869444444444426
-0.34968317827508244
1.7897260726072624
0.9569682080924871
0.8479843534284406
0.8015676567656769
1.7850566140077326
1.9738917197452217
1.2566666666666677
2.0359276791584477
3.4990769230769274
0.3954901960784323
2.0220675105485277
-0.4419218705446255
-0.4400817279626352
1.205869526040729
0.7730377691165558
-0.16738560342520792
0.07636823874234189
0.33323867478025626
-0.5165280665280658
0.6653314476356265
1.0060061289473055
1.2190226658348955
1.9734368530020703
0.7632804792107102
-0.1112478149791567
-0.36562770562770375
1.64721293199554
-0.04809726282221405
0.8765601503759406
0.8894019198874226
0.13264037650113636
0.725842192903805
0.10850964436407651
0.4502551395007366
3.1570181339572976
1.0989079003966928
-0.044909866253149744
1.08070631602385
0.6964204705220745
0.6364327615818723
0.3778404067197165
2.062238099822583
1.211621057103411
0.8237785256073202
-0.4462801466332209
-1.4229978078187777
0.8991107544141244
2.3144750789191697
0.29741846323936016
0.882035114068934
2.463971631205677
1.1608743917274964
1.349148936170213
0.6339235941320283
3.6576504987960092
0.49366255144033033
0.6050151975683917
1.665192536047499
2.3146411411411414
0.9878131812845901
0.07364244951712173
1.4280596068484464
-0.2726511461318051
0.31794642857142996
0.6038547052112939
1.0590698945724348
0.295461064631791
0.0847474865559974
-0.269250214750274
2.194346361185982
1.937890248424175
0.19727169838013658
1.2459226932668344
0.5632087227414324
0.7271587403598971
0.38774939346368065
0.6414355448246916
0.5997777777777777
-0.6993855382619962
2.0007554874936204
-0.059563539908365826
1.3043164523747066
0.37645791245791393
-0.13446767136606574
0.2673161189358382
1.9481117397454035
1.96441742654509
1.8705802917160987
1.287665979381444
0.5603980963406023
-0.3273076923076914
0.6976843154429311
1.3859797813565287
1.9678949703048403
-0.33168649318463217
-0.07960310694326012
0.7038496240601511
1.9814431250405562
0.7220818070818069
1.697512342729734
2.415842059336825
0.2661282051282079
0.7715904905407669
0.5040717299578041
3.648512595764611
-0.11670588235294055
1.9720969961946402
0.9528299776286389
1.3558301448911791
0.5547105849018443
-0.4209556798623044
0.9708116058296596
1.5823630928115229
-0.7229090572842019
0.23492753623188456
1.389821138211385
2.1469787923624324
0.43237293504896357
1.0679835390946515
0.638845726970036
0.5202997198879551
2.3852869899971587
0.7120722992854134
0.16420585048754077
0.7114347817760489
0.8825731552162885
0.3081714392663297
0.4795001632120126
1.1534178505879957
1.5499611322968612
-0.7174670433144996
0.734069119286513
1.8805064782096572
0.15699863178407192
-0.06017348423031699
1.0239264484425803
0.31786128862050944
1.4574685057326633
0.3969294990723604
2.485622864243556
1.9247216398788716
2.108628545901272
-0.48038006983615134
2.1349861113700364
1.4282234432234446
0.7769708994708999
-0.3600798258345428
1.43634485906653
0.10325021949078206
-0.24756425610317834
-0.3136768916155397
1.6272294372294382
0.7328961154492433
0.4771798080934495
0.1367274344152971
1.0657040882543818
-0.19842550834717798
-0.4929651416121992
0.12888888888889127
0.7216576086956543
-1.077011494252874
0.44516909911494196
1.1520650587507753
2.3242333333333356
-0.2294850439882694
0.5063107730817364
0.8783268608414261
1.363970079129576
-0.5204615384615376
0.5682624113475185
1.2921588089330065
1.1773529411764727
2.2115649122807
2.132362264329476
0.3628677462888028
-0.7475548123374196
1.29813366408872
-0.6435493230174067
0.4457082748948089
0.6103700097370997
0.3365870910698501
0.9651430320342769
1.3733866057838675
2.154868544600941
1.2901121794871813
1.505561082784066
1.0366450557794522
1.7595496894409948
0.1159401424121036
0.4683207070707063
1.043990941490943
1.3754050574712657
0.6876046176046202
0.7894981436435806
1.8665536869340258
0.2982736659268568
1.1159169302990115
1.3749823321554793
0.1544591402928681
0.8307925145720425
-0.10297494669509533
-0.9380586080586077
1.4905866960473766
1.111221705426356
0.9636893539738836
0.7417058886739731
1.0097501951600307
0.9586593204775014
0.9708730158730177
0.3883108324013431
1.4796785351524946
0.9944186046511625
0.33700148989986545
-1.0197375804588198
1.207516676195926
-0.39568128964059035
2.213795662858665
-0.23653312969924656
0.3012386559830027
2.421273584905663
0.47525180918623633
0.8392544378698226
0.06916876152170204
-1.0201622447031866
-0.03598891181021102
-0.6693079303045106
0.8583373361696296
0.5987427937915761
1.964554349932186
1.4944178628389189
-0.302033052008305
-0.5262831050228307
0.2696869325197948
0.1397450697450715
0.21395785440613047
0.34447272727272704
0.5218896103896107
-0.7626979149008282
-0.05212560386473264
-0.8129807692307693
0.71175219476876
-0.039002932551317926
0.8501209061652055
-8.23145092952875
1.0121713365168894
0.8791678486997618
0.2266396878161583
1.8372549019607831
0.9375731027420642
1.5917605177993543
1.9428749100626987
1.1093510886654911
1.728475476413621
1.3766807768924316
2.2154810810810837
0.6608333333333363
1.0622753919563763
0.935647840531562
1.396908237157728
1.3584146131903658
1.380489510489511
1.7005344318209126
0.5104545454545466
1.1953608374384252
1.1184701492537314
1.553306878306877
2.1215789473684197
0.533551710610535
2.054707792207793
0.2693253968253977
0.5045757020757051
2.505817681937131
0.8438607167004726
1.1383124831248317
0.29858696778203786
2.0243986042973425
0.9790520790448767
1.0700333662876922
0.34679328279384514
-0.03224501845018324
1.806846114779077
0.06970968977403658
0.8170439858244762
1.9311510925151083
0.12101612903225956
-0.1356770070563158
0.9644358017792172
-0.7488763372891238
-0.8793260436210115
1.6849676034831411
0.21892694063926754
1.689158727383969
1.1117094017094011
1.6193324199775816
0.5905921185244907
1.0872227561022498
1.7264665427509307
1.405548737934648
-0.2796630905326545
2.5166241256595896
2.0129002525252524
1.62386217487283
0.6067857142857136
0.5439590271954025
1.7818185265625566
1.4339183635125288
1.2381496997626051
0.49540271132376645
1.3582569282569317
0.3828224429613538
1.2832692747654981
1.1548290598290585
1.0575569857870732
3.0931349206349203
2.8227694108466643
2.149915421321829
0.8523461538461561
1.3228629976580812
0.5335157318741466
0.8170349632365834
2.348704974271012
1.263076810042616
2.1564175343097034
0.3434118541033442
1.8772190872190855
4.387079002079002
0.8170710382513704
1.0453205600589577
1.6798000617093471
2.372737169997535
0.18820602868012948
1.8071199701937424
3.335591582711551
-0.40245623152881294
1.2130752796280042
1.370692025306571
3.444120304058675
-0.37772823908157527
1.510769230769231
1.4344965382299861
0.28855072463768394
0.2554053743683973
-0.4009355516637463
1.1561356266741853
1.6608466071997476
-0.6313333333333322
1.6348739495798341
1.8723808686477952
0.9650266392361679
1.8786843591191413
2.6910497128144186
5.122716049382717
5.354232606049255
5.766435856146003
4.566885078587465
2.004027057864711
0.2723703703703695
-0.4920373952288841
2.262373630396695
0.3760792722547137
0.9505370504981414
0.9067359590310318
0.2181220235420973
1.4975898242853418
1.4701411483253572
2.045598455598455
2.61121939030485
0.8941233766233765
2.197272727272729
0.19384089926502313
0.8454939598310247
0.3761677332084705
0.9319395301624134
-6.587479484984794
0.8836163745060297
0.632070853334394
1.0009253525971822
2.592142857142857
-0.02689164086687157
0.04560949298813455
0.8681924882629133
1.1040347774830543
-0.2681301081872718
0.09280209753054969
0.038786421499292345
1.1078821269141663
3.2968830888697163
0.989409090909092
1.9710359193045761
2.574804354787066
2.3810952515545516
0.5169162210338705
1.5273888888888898
1.2981397475763679
0.8591163040558705
2.1367024944662028
-2.6904464738711305
0.032746721877158436
1.2621062974133999
0.5381846932321324
-0.05796277571808517
-0.5646759259259237
0.23217326665765725
0.6985011087859583
1.0654181818181812
-0.3287121822577088
1.723097345132743
0.5118491326567352
0.45657686813026643
0.17865163368614922
0.6613869330276749
0.41711850282976215
1.4089705882352952
0.7020481427682093
-0.6596043415157435
0.34536094674556495
0.40571287006069845
1.3122474352877234
1.009472049689439
-1.2821267217630847
0.724652428810721
0.764581697372396
0.20708163265305934
1.177260254020041
0.059209367278977965
-0.9748605864364066
1.5506370597243482
0.6432786477752934
0.738633818589026
0.9539860139860146
1.2657596466372212
0.6965374690990487
-0.049047619047616564
1.3907963446475229
-0.7481906657819053
-0.45075234116121266
-0.33110056258790443
-0.0679487179487186
1.2512812518383427
0.7055336617405601
0.10018742971385919
0.7108556149732621
-0.108450273224042
1.3235153447588708
-0.1647920585161966
0.5273260073260069
1.2912014563106808
1.2167232666262393
0.6825428988682027
0.7965629224433357
2.506147157190636
1.6983154838402612
0.9345415778251613
-0.27156422651933454
0.5280264817150062
2.0394368177861146
-1.623231292517005
0.10983597594313999
2.1702201716043383
-0.5003563941299785
-1.2180115122972275
4.748460825977993
3.263967771505765
0.6732607392607406
1.4828571428571458
0.7502433110367903
0.7616359024940138
-0.01922306019839759
0.6794117647058826
0.21509535320977946
-0.6240230664857513
3.6306411279595636
2.299376108811355
1.288744685611995
0.11810894717470255
0.987219679633867
0.8847760385481713
2.317577911427012
-0.5544544708777668
1.5861753144654074
0.405272727272731
0.17583742498636212
0.47392102335928854
-0.007656405163851687
0.8968230203101832
0.09286069651741258
1.074632352941176
1.3308146705615052
0.862847222222225
2.5801004784689
-0.7717529330572788
-0.7327256747971393
0.1468038192337282
0.0782184351403803
1.2689393939393945
0.7995932678821909
1.0704335585585625
0.2249451327433647
1.612135246792782
1.4129834135901582
0.9840196078431376
1.7208709808709806
0.02645833333333414
1.1317631806395845
-0.7178628855922238
0.19006561679790224
4.04088888888889
0.5696347275454094
1.7834815069080925
0.6646034167175117
-0.7385927505330478
1.344150702426564
0.795686274509805
0.6590922177237957
-0.4831308970099677
0.570750938673342
0.6587626774847877
0.1096407322654489
0.48425854839662463
-0.47118521577534267
1.2375227148330588
1.7266611479028704
0.9119948630136996
0.23199101968760694
0.3827749360613826
0.4023934532490703
0.8673896224035005
-0.25869409381330755
1.9008460810597718
1.3120849420849439
-0.5635714285714268
1.8856689342403605
1.0622875418824265
-0.2690086206896538
1.744949844344518
-0.7083132530120473
1.749977398292316
1.461455617628804
0.8342695836273855
2.2620970815364565
1.1941460282516978
1.5432558139534898
1.2327134736212244
1.0393036354326668
-3.936623376623377
2.0259517730496484
3.205559946842321
0.6431394105662385
2.124697688203913
0.7715219421101764
1.841334206314567
1.4922204185749912
-0.16247504302925897
1.1527329192546603
1.9697632653061241
0.2505103771299382
2.9660141093474444
1.401250000000001
2.035835346756155
1.438607881136953
1.7886757901596617
0.986443952257904
0.3863394938394933
-0.24599812265331522
0.27417728237792005
0.8946792776889865
0.7282225177304973
0.873350515463919
1.4676575865245454
0.888587396585109
0.16282480853391768
2.1273879142300167
2.1676373109032703
0.9919330277367742
1.0756730060445214
0.23649000673703213
2.276321138211383
1.1997297297297322
1.6256232835095403
1.3120810971973782
0.38383464005702095
1.3527124681933849
2.1821781514934493
1.8107239117471678
1.3523653886444578
1.707029892387407
-1.1562835959221491
0.3386678722121754
2.0110539845758346
0.8478671092261365
3.47562622447537
0.9355555555555561
2.3141922845087386
1.1474610170623407
-0.2368337468982631
0.6595953253096134
0.028013231954181705
1.0569817927170853
1.1325058851535452
1.8620387823637756
0.8980168446304511
2.6550591715976317
0.3366634799235193
-0.8120463320463305
0.3345552297165213
1.0387741264085584
0.13890572599677142
1.6419490806223465
2.4529926886008653
3.0931547619047635
0.3836420961078524
1.90613716108453
1.2666296296296302
1.9855145929339493
0.3799246073298441
1.8422222222222224
0.8688209705242649
1.8293829644533872
0.39083333333333314
0.05662931839402496
1.5248191757779672
0.5439481817834917
2.009139344262298
0.8184644194756565
0.8839840841997209
1.423596621038353
1.618903449396221
0.7387126541799915
0.6253787878787875
-0.11079710144927368
1.8509745101439243
3.3224786217303865
0.6265779220779208
0.4459656960367475
-0.47787506789788026
1.2364998074701603
1.4814030367972286
1.6692274392274413
1.4397382836275128
1.715789473684211
-1.0093437882326786
0.6870467980295558
1.5727163120567376
1.1323809523809523
1.2485795709253935
0.3494798992793289
2.46096539162113
0.2182375724100769
0.8812937968643482
2.232534335839599
1.639722871452424
0.8520000000000003
0.3028332132299969
1.2040659340659339
1.4506547875947966
2.1125483119031543
2.221475225225227
0.9267795769511302
4.196325650191053
1.4425442668041946
0.8365061425061455
1.9901314806514279
0.24729239117030488
2.0146956521739128
2.4292361111111127
0.6795874478823798
1.2959401180835926
2.012803375245415
1.394196627268684
2.981957708049112
0.22801932367150002
1.2710399106692591
1.6751793111610844
2.416884057971018
2.0257749637251017
-0.34536405177446206
1.8101029714621966
2.226856778425656
0.8290740740740752
1.168976966429799
0.9598910285117164
-0.29325992847731897
-0.09060975609756028
0.884914378987979
0.04789156626505964
0.70452081051479
3.156993317858902
0.17318483235266768
0.8038585858585847
-0.892741410488247
0.3482086696562021
0.406816405075471
0.7596105769230768
0.6970337521557042
-0.9630952380952387
-0.10729354958524162
-0.0038956780923982137
1.6478672032193167
0.8611826839826868
0.9872216254923032
0.6282469135802486
-0.34364661654135276
0.17420158959537524
0.10112348922753789
1.514297664458276
1.3012268518518546
1.423740219092334
1.3050773765659542
1.0510185960797465
-1.3270712335567136
0.42081660583941627
2.7701825557809343
0.8635410126927816
0.5557464592523793
0.047435897435898156
1.3826684251016594
0.08892206628844512
2.694779206859593
1.3173166268189753
1.4616982507288618
0.96997668997669
2.2138963133640566
2.68912171897513
2.5350980392156863
1.6289103403141354
2.2429936974789904
-0.4103505224132107
5.968628970968233
0.2958194370168723
-0.4568344558667139
0.30870177267987664
0.9579648106426362
0.5834632306725318
2.660095224302111
1.097510548523207
1.7782380506091862
-0.044900450138502634
1.0092306527336063
0.10697521685254152
-1.1378549382716034
2.176666666666666
-0.089362706530288
1.1647454545454572
1.3273318543914492
2.8715584415584416
0.20755659640905577
-0.8090898008939469
0.3689976752986972
0.9301679929266164
1.1291160793603794
1.6362942161789356
1.813397935397937
2.265675799610225
1.3184450331125852
0.00844167078596314
-0.8920440771349831
-2.4542424242424232
1.6824633431085054
0.40124206069160273
0.07429951690821213
0.18858948087431848
-1.7474999999999987
-0.8748046968607692
1.3683853334832996
0.29896007476247455
2.4722605402172846
-0.22359152752009592
0.29690926426187936
0.24900893655049394
2.003059731816336
