1.5644910118130468
2.303820598006645
1.8894604981513936
1.305624659028915
0.38238095238095227
0.21743589743589808
0.31965491259795087
1.2314965986394562
2.110253476067431
1.4927197831978347
0.9431297603596214
2.3328155339805825
2.510961950434435
2.157269414865013
4.042491942324002
2.286136494252876
2.6957525083612026
1.2372378643793915
2.0556283710895364
1.3645416325221795
0.9678328449143585
1.565176543563318
1.6717429463975826
2.230971852316049
0.7564610954466389
1.9385754683633785
0.7412857142857163
0.8102505905923856
0.2558414598108776
0.9283333333333346
2.6024061561561567
1.669665551839465
1.5770908207867897
0.8832067465026796
-0.28753369272236995
1.1165761904761915
1.5569307511737094
2.0349122807017572
1.186187491839668
2.078098765432099
0.7428427128427124
-0.23391304347826036
1.3580040490651406
0.16318505107978787
0.9813513513513534
-0.3207792207792206
0.4391888825865031
2.3017243502894438
0.035409565695434964
3.224189723320162
0.27765969802555546
0.8428412518853712
2.1298160601265828
0.7154387495456227
0.2997488584474901
1.0106103494029206
1.416876270497358
-0.04939203354297739
1.0370747480824178
0.6698593350383639
1.9977252193391841
2.023129117259554
1.7718297872340436
3.3914051058776984
1.8289492369403852
2.1764977740089044
1.8376944772996104
0.1340601070399341
0.47219672408446556
0.7748373748108079
0.5218923423865114
0.8200651871383577
0.03561090347892559
0.2900879322436225
2.088952337444802
1.3522667448180314
0.08576923076923038
0.9534249443790088
1.579696998969606
1.399469195172852
1.2380946631248513
0.8553793103448264
0.797013427770402
0.8109509647725268
-0.2436899441340774
0.6058316831683186
0.5287690631808317
1.9646677904200018
3.6464895287958115
0.09976908472780366
1.4828297928140586
-0.26758558558558576
2.1034890965732096
1.1134365555604226
2.285432215399151
-0.39900160513643534
0.5557566325774452
-0.13088726176375687
2.5369493800837084
3.443355642023345
1.2972179647121749
2.7898717233686554
0.4047199295697155
-0.5717687074829936
2.4312526535672454
-0.1667401433691751
0.6642995169082155
3.7112724014336926
2.063572625698324
0.24385324779470707
-0.6899810644484994
0.5545238095238112
2.546585879873554
0.5619047619047635
2.067421011058453
1.457699699699699
0.47982456140351104
1.7712636588800947
0.7389046493301805
1.173623891584409
0.1378039215686293
-1.0730519074421494
1.455077515400415
1.3700447761194035
0.8054255319148957
2.074084249084251
0.4836362827923537
0.16950558213716072
0.47510543695034
-0.20851385157046387
-0.27990867579908496
0.7600509770603239
0.47655855855855833
1.0108846951749975
0.625054945054945
0.3597551020408183
-0.29018018018017777
0.9238461538461564
1.7257194968553478
-0.4246890917028754
0.263650793650795
0.34255218396030074
-0.15304727979274446
-0.1591469249620694
1.1752929984779321
1.4221848739495826
0.4132568027210901
0.06489813773278641
1.6979710418633935
-0.3879080459770119
0.7661485285403913
3.806155830753358
-0.15136288998358083
-0.016984126984125325
-0.7417718499240955
0.4914316274477528
0.052971014492754875
1.9918064516129057
0.8539851714550508
-0.9925322453277179
0.9664126167591718
1.4248876318605745
1.1612153229202917
1.6791794251947358
-0.5682142857142853
0.32860282294086396
0.36974827498083407
0.7510461760461773
1.3555801475519793
0.40097710443442125
2.327835337650324
-0.42034208754208535
1.2583906882591123
-0.08402603272168285
0.6911411509229133
0.7538770352083688
0.5610391236306711
1.9095341193283346
0.7559963768115949
2.9819999999999993
2.247629107981222
-0.5619047619047617
0.2227565457798022
0.5958730332566731
0.5098198198198212
1.1677188552188547
4.9936923076923065
1.4393234159779595
-0.21809446457578296
2.1512642694063935
0.15422902494331225
1.4220635713928722
1.0097413852396997
2.8254836422925607
3.4909698996655543
0.43027539734857
-0.009263157894736196
0.34451451451451476
-0.29253968253967955
1.6785714285714306
-0.1039852451902199
1.6354794520547955
1.7171830065359472
0.0955738548636127
0.5135690497815837
-0.2513120567375875
1.9591324998879784
1.749474332975467
3.160949514984349
2.6746973896229456
1.5503357903357902
1.567949826782943
0.868844666451821
2.208457446808513
2.194881631582401
2.790582752807204
1.8549019607843142
2.785290909090911
1.726461923700107
1.6229150970733137
2.292109349983992
1.9076716549295796
0.9060020376974016
3.9122645502645526
3.043650607128871
3.066184196755625
0.791522186856394
0.7482096726999146
2.006203970741904
2.082850500384911
1.9574683894147746
1.0476592592592624
0.08900306460691887
3.5502877365748553
0.23882141992827854
2.726602809706261
-0.05590628364213046
0.9575610766045557
0.7421166666666679
1.5455075366290743
2.591270753512134
1.2682925724637677
0.5325449758666103
1.593729876202115
2.0270833333333336
0.06804761904761847
2.2453846153846158
1.2256962399787028
0.7318302593456316
0.9330448717948734
-0.5822611198811405
2.184054201033266
2.1613261918185813
0.5701435469137408
0.22140036900369076
0.5729490759207572
-0.38185270602705756
-0.3055834196891194
0.291047619047621
0.23234285714285896
0.3696073638377495
0.6182226460898228
1.919909854851035
0.6253333333333337
1.8505492424242433
-0.9775404448938314
1.309006211180126
0.7170552371661998
1.01562113867503
1.2095445134575549
0.28153198653198785
1.2922100456621024
-0.20429970916883455
0.5628555917481002
0.5696794871794886
0.32245774121166804
0.39000000000000234
-0.9805351170568564
0.6249968730456565
1.9883681145353087
2.339304812834225
0.4675714285714285
2.1459654341974783
1.3864021164021167
2.66494017094017
2.1763955757970095
2.1276546003016605
3.53488888888889
0.9896022408963567
1.4782883973288854
0.35918441489184616
-0.020432084921878868
2.1407675002163202
-0.7573138560970776
0.27757575757575736
1.0449039408867016
0.31174334898278566
-0.07808592174263573
-0.6004125412541228
0.8855728832870469
-0.5127650247090703
0.951639363936394
0.8301143343672095
2.2581790683605583
0.42541747902009064
0.8207845479888505
0.4630854605993342
-0.8382190004714758
-0.4619391985260233
-0.4217142012084327
0.023642773207992462
0.05181196581196801
0.6258763101632177
0.5881487341772171
2.0388758811681775
-1.111191681282886
1.5410914257061705
-0.17748697270471503
1.0402420708543154
-0.7348676824378497
-0.4552463134013909
-0.41663519538420957
0.7329663810151636
-0.26827804074483197
1.0005790679908344
0.22471122728404325
1.8646838487972524
2.5873333333333335
1.7792362834298352
2.9466032608695656
0.7467536231884075
0.38311086854826115
0.08913656098959777
0.12268251981643807
-0.5094697217675925
1.1065060240963867
-0.9681166881166856
-1.17353324087963
0.9621004016064276
-0.6782229508196718
0.9017691011647528
0.6986240345999413
0.7978006433360463
-0.6822990777338589
0.8782433675274142
0.661208791208793
-0.5238804589193187
0.7916029822926411
-0.5477554325819938
1.8538090713720194
-2.2839784289784255
-0.04738970588235247
-0.3860863697705792
0.2863475336322878
1.2029294827773178
0.7168949771689519
-0.581138848099199
0.5767538988208436
-1.3924736135098819
0.8854438405797111
1.61598731935797
0.2871929008757661
0.045942821105739995
1.1399076923076947
-0.2866005202526942
0.30904556809371897
-0.3830370370370346
1.9892672091049768
0.3377673796791445
1.194362164151638
0.8644716336295275
0.2363662348719835
-0.14340346072451027
0.36694589809167866
1.5484955726688021
0.3685438596491224
0.8757970501474936
1.0848484848484858
1.2172065727699533
0.5970543202927132
0.5067235677897948
0.5360338505763984
1.5389479384234583
1.6580673400673405
0.22084941228654031
0.9834914243102162
0.44617543859649444
1.6445203164605608
1.2360829493087557
2.2814793999203467
0.2232496075353243
1.548283582089553
0.5056548331338924
-0.20939393939393902
0.8114938195844665
1.2606169052488063
0.6543256876368169
1.3659777227722785
0.6186666666666696
0.754070850202428
-0.5572509672765431
0.020888092393468227
0.657004058247793
-0.3243661444938031
0.4065679086238738
0.914440742984052
-0.2718872499494829
1.109203178694159
0.2767418988778232
0.19187433890416905
2.6693971631205677
0.6379264822503181
1.7470970873786413
0.20567676767676701
-0.7827446288565323
0.8702027400287271
0.8427797795676142
0.7026760563380279
0.272794092169093
2.7693261455525615
2.443452380952383
0.033220158523601384
0.5164665523156096
3.368459606109326
0.5301488006666268
0.6021327433628336
0.8717639315489265
0.2852058111380149
1.3893650793650778
0.31046632124352413
0.456666666666667
2.43518181346613
-0.6223660768761405
2.4065105269714735
0.4838927853656543
0.5270726129216712
0.24908668941979784
1.971126261964077
0.8578237151880579
1.1612623812411584
1.0624967258006919
1.0945454545454538
0.7318302593456316
1.395913714804724
-0.8209173510396646
0.38522985629512974
0.6046665908703339
1.438340790683423
0.177611661640098
2.638537070164979
1.5796970565749255
0.04490421455938787
1.3342403486924042
2.2875648702594837
2.2151001708339813
0.3142622950819671
-0.2441911764705864
0.8266815476190494
-0.17368181818181583
2.119491341991342
0.6103575976771438
0.9701228829406432
-0.22428036845135146
0.2892438837920501
0.780886917960089
0.8897578595317732
1.1367752089438845
1.7630171277997384
1.0983437967115108
1.1846680444329643
1.6462914171656706
2.276115942028987
0.8564011031101586
2.222522362353466
0.3049462365591413
0.45315471937763263
0.27372085358820186
1.2881095679012375
1.604530612244897
-0.13163828808099254
1.3004887218045127
0.7236732959374486
-0.5175857475857466
2.111767933752372
0.06938806731259461
2.2830805492928903
2.124245014245016
-0.09021505376343875
1.57761590305671
0.5313278388278384
0.14117063492063586
1.6035838902359707
0.872481572481572
-0.6502561648877432
1.1585039312219862
0.8204770109991131
1.4693285285285285
1.0814329501915694
-0.2547441032487754
1.697093750892936
0.5800181735574732
0.399049198452186
1.1951899907321604
0.15843703560121547
2.1793806411453467
0.9616624927759609
1.125744775455761
0.2067258943378345
1.7949644970414198
-0.2634848484848469
2.167210691136848
-0.05791767054450503
2.2052276295133453
0.1600784034212399
0.2759950859950884
0.11260720411663883
0.16172715572715646
0.3103370618941099
-1.0179400749063667
0.5268412438625241
0.9692513778322116
2.254173303599874
1.1779487179487198
1.6915729138896296
1.0483411433926904
1.9363171972860158
-0.060476190476190794
-0.010248447204968869
-0.19839743589743541
0.7124065796531376
-0.6265458937198076
0.9699999999999989
1.1421212121212143
1.8346830382638508
7.067040498442367
0.6632818753573488
-0.9708036529680335
0.3602202510711887
-0.7149090038314156
0.39933455247383876
-0.722164705882351
-0.07499999999999929
1.7159109709078173
1.0568096118299444
0.7538659320477521
0.46886160263742127
1.8487317620650963
-0.4016950581885652
0.7799800548491653
0.9404421768707465
0.5790939660003751
0.20288471570161803
1.991835497835499
2.0557294429708257
0.9168253968253985
1.0000046317739688
1.115071225071226
0.37667817266035186
0.39487557603686696
1.0667217760982517
0.13341719262195184
0.6584353741496614
1.3005527690700127
0.8606674208144796
1.0653995339397149
2.429245283018865
1.9523448088913007
1.6087222685571305
1.3235942028985512
0.43098901098901266
1.1517241379310335
2.82651985695464
0.9558717494089848
1.795977011494255
2.3583480271715587
1.6768525961109084
0.8037254901960793
0.6806597621787525
2.903981762917933
0.7048469387755105
1.533644665836448
1.0361934577050853
0.8353703703703736
2.7936666666666667
1.3004915824915848
0.3460289231971867
0.7107048346056004
1.897755102040815
3.229305305115311
0.10373134328358447
1.6626093049327366
1.9785416666666684
1.0320980518090366
2.203666666666667
0.5594545454545461
2.771642512077296
2.147847301021237
0.6419867149758467
1.8750958772770865
-0.922761904761904
1.3271937209506284
1.697012138188608
1.9769854469854486
0.781570048309181
2.5120907432740545
0.7912167886022345
2.340246114853599
0.11320168827253774
2.0063347400556744
1.3282142857142887
3.060921348314608
2.2835521235521234
0.6531929824561402
0.23714153561517293
2.6420275344180233
1.478976818545167
0.5463186541316176
3.2898143459915623
0.48190187764991066
2.0714840027229435
3.973856209150327
2.6122559931506864
0.05110038936854622
0.4852167937023637
1.2993131868131904
2.425771036475261
0.40547065337763044
1.9617328626066524
1.4178807706288623
1.3105989199803645
3.6293154341340887
1.2630143014301431
0.7089610389610392
1.8118371898522447
0.7575868440502589
1.3356603773584936
2.1700000000000017
0.7435446009389679
0.681802270577105
0.8574340698503207
1.1614585115483358
1.6225581395348847
1.106729306487697
0.9442085583714181
0.6255959551710291
1.2944100872672308
1.7556663963233348
-0.4370512820512822
2.0247131782945758
-0.008832509006531097
1.5899477897667964
-0.7709625126646387
0.706960573476703
2.01569997431287
0.038190954773869024
0.9782697947214096
1.6305273833671379
1.5817187500000003
3.9005004799122425
0.2490472121341618
2.232042857142858
3.2407142857142865
3.878181818181819
2.0263942307692346
6.171492442482609
1.7118127250900343
1.3382758620689685
2.3591058941058947
2.4289408902247054
3.187802197802199
0.10629477392836328
0.5657575757575763
1.9173284642187092
3.7370267566891755
0.27293029871977126
2.4102301886792468
1.7626324286146726
2.7326131687242814
8.588382959514977
9.102267792239463
2.5217435780859283
3.9872459315657096
0.6456131078224097
1.5979003864319488
0.5994090369891083
3.260724815724817
0.6298243836541708
4.983573653760573
0.6697297930495907
-0.13301832554796889
1.201226490066226
2.2557585585585613
1.8425462962962982
0.42316339869281094
0.18058008658008795
0.34989089184060873
2.093662430759206
0.13791180835276862
0.4130269546291636
0.4890843142622501
0.5551376146789018
0.8456803196803193
0.9805988131631018
1.1129115781501469
0.745968007260764
-1.0467243367935417
0.05068710589258707
0.6564927730448957
0.9574925373134349
0.232872280037844
0.8383517060367467
0.5213133640552989
3.6286083213773317
1.5989882565492302
0.5913866611476202
-0.12390719954243323
1.078006533186901
1.446328244274813
3.593785714285719
0.3902865129280233
1.3728693528693512
2.675904907975461
0.3897538007016692
2.812265725619497
0.8094515613505493
1.8814162679425834
1.4986928104575163
1.5361994609164427
1.3910389610389622
1.1742022443733937
3.009886419753091
-0.16515151515151416
1.1407212033793535
1.5711582573454912
1.300371416009071
-0.1953446290087264
-0.44110507246376685
3.177407407407408
0.6416809116809148
-1.1263067904250121
-0.4405227282059698
1.7715183808343653
0.7634032549728751
-0.19984681372548962
0.9103296703296699
-1.2240350035962582
0.5114249539594873
2.602292089249495
3.6258524064171134
0.8920990447461037
1.2384069448674992
-0.3151838741396258
6.220434782608699
1.3969550015202223
-1.1595975232198121
-0.075445665445665
1.8405241966705397
0.1258974358974374
0.8735923753665702
4.129243697478994
2.2354508710801397
1.6874558693733483
0.543255341919771
-0.20538602520045757
-0.22738924050632825
1.2468650793650795
2.122158232725404
3.234939209726445
1.218799950359891
0.31058661145617705
2.0276283112582796
0.754783217936037
0.7148412698412692
0.48617141589976853
0.5608252523253512
-0.9499122807017528
-0.45733222530009243
1.3344961240310091
0.9504991087344052
-0.01074474474474485
-0.23518693427784143
0.33723787666284366
1.6189245911130392
1.1128241567522714
-0.613555415880997
1.512133112856553
0.2478598670589527
-0.030765993265994496
-0.889449589148299
0.6994150294150288
1.6307557354925812
2.88391843598907
-0.28075208165457965
-1.065761991499695
1.1471264887682828
-0.18467304625199255
0.6873662220296488
-0.4869985569985573
3.650170573515144
-0.00789560125678257
0.43963369963369914
1.4901014198782967
0.7792340550891161
-0.33600225456035915
0.6260186284357587
0.3690818988002107
0.5459090909090918
-0.7141473684210524
-0.3858409090909092
0.7776597361949484
10.525657533328868
-0.6711904761904748
-0.34619644723093046
-0.20663515338606686
-0.19141262755102062
-1.449184269038355
2.1844106745737584
0.25914757558825485
-0.4359490126731522
0.861419637273297
0.5888925929784357
2.073616932685635
0.7768294872946058
1.403052464228935
1.0503205128205124
0.18588378982381393
-0.19099758294879976
1.2799043245311914
0.8202655550409155
-0.3673962635201544
0.11278096800656456
1.0482766439909277
1.6576996357523122
1.061448879168946
1.4306654218299109
0.1528571428571457
-0.053951093951093654
0.32382352941176507
0.26639056224899704
2.301308336015449
-1.2412643678160915
0.7908720930232569
1.4684593837535047
0.7012736443884009
-0.06694022289766899
-0.4669696969696968
1.0589739130434808
1.8597435897435908
1.321948051948052
0.17298800259403535
1.0297353142076524
1.5095546992078788
0.2649031007751965
0.6566495437647859
-1.6985203966644118
0.07066584967320289
0.6191617322651801
2.0576477146042365
1.4625741780272676
1.6745220257716547
3.8319933754893114
2.211863799283158
1.0101457194899837
-2.225627705627705
2.2625526973919285
2.744543297746148
1.0668982074263766
-0.03597596880719145
4.6286903929896255
-0.5192049319727889
1.2641941391941423
3.572192771084339
1.3177994100294974
3.7799682817455995
-0.7470562770562772
0.07716666666666683
-1.2894579598804938
-0.5176351351351354
0.5707285494843113
-1.1553818420190094
8.736676509186353
0.6896180290297949
-0.29812732185072477
-0.40851698425849037
2.7766344086021526
5.954233511586455
1.2914285714285718
4.854274825101811
-0.3895731707317065
-0.41940713293191223
0.92100127329552
3.117985611510793
-0.27392001244942144
1.0961224489795924
0.4530769230769245
1.018312247293597
1.3164330101913997
0.9247893569844798
5.014666666666667
0.38658730158730137
0.259452804377565
1.5976373626373643
0.19382000489117246
0.7858502024291525
2.091039520020871
4.061601073345258
0.06482200647249492
0.6415631067961165
2.756412030075186
3.2503165511003935
0.2503137570394216
-0.9886985018726584
1.9986987522281652
0.6553748034247775
0.08903361344538041
0.8075770609319015
-0.11521997117911198
0.865000000000002
1.3683074154992916
0.4224073961437895
1.2409420289855078
0.7563108090780872
0.4932498139419508
1.1028451380552227
0.9150410958904125
1.5291842868626162
1.8097160243407728
0.1301985815602862
0.48542312721838243
1.7882214806575227
-0.8675706214689249
-0.5477777777777781
0.8996217755974065
0.6564654418197726
1.0885246842709542
1.301050909834391
0.8541549953314664
1.4439485748455247
2.745694891347469
-0.788666666666666
11.783829717291258
1.7983268750538173
-0.7168388739143463
-0.44226850852579425
1.7916341689879296
0.6789214437367299
6.733559198542807
1.6524000534830883
-0.545359361135759
0.820310559006213
4.1251362683438195
0.2306553814002097
2.0812050618349183
3.6072398738782425
-0.2698025711662062
4.7300442628532515
-0.658687445887443
1.3208996838171885
1.1426444091150003
0.052871510760706286
-1.149839582528024
10.726991869918702
2.354461478900504
2.0235168334849867
2.765107351984387
0.5183088685015314
3.4102017937219706
-0.18102968460111413
1.5672360248447212
3.4942857142857164
2.4131515432815043
0.27714285714285936
3.8026276500447906
3.7829055258467044
1.2748173234811198
0.32803347280334805
-0.7093864678899049
3.5450911640953713
0.5391112574061871
1.060331437239288
1.6283228840125403
1.090692318833586
0.9853694492718894
0.5734310917630907
1.0516869000564668
2.6132026875699914
7.8125365393682245
-0.36596491228069894
6.575257452574526
3.247050919377653
-0.15656277056276835
0.17922619047619293
1.460690177710429
3.44327836342762
1.2233399933399944
1.0637771260997084
0.3380946891725003
0.07208063713290258
2.1100114547537245
4.175940448113209
1.8235310178306108
2.187920339979204
2.8911308016877655
1.2848566923813287
1.7998186069010025
-0.591119746689694
0.01864734299516968
0.7873244274809146
0.060073260073261636
-0.23982575757575475
-0.14901652452025438
0.2556250000000002
-0.2800370541917552
0.6273384615384607
1.6822222222222258
-0.4536231984961354
0.11181996086105706
-0.4347669814194326
2.6967415730337088
-0.6078511326860827
0.9179032258064552
4.972952203600251
-0.11122251931075411
0.09861800486618222
1.8455695523988211
0.7508872874676271
0.7827583841155814
0.8417243553369929
0.7109638099728883
0.9201549009649561
2.9872403003754684
5.437641025641028
0.8816994857644573
0.19290973871734174
-0.08578947368420842
2.1481146304675747
1.1568382668382675
0.46550427350427626
2.117290286535237
1.127020376175551
1.881619047619047
-0.5227488464073833
1.7102889220381563
2.3591890681003598
1.042977310459328
0.6377023255813938
2.7655402298850618
0.4452564102564125
-0.22868178596739774
0.8822989150766922
1.2285459077690106
2.108077250967277
4.553818181818183
1.6760655109517018
-0.6082324058919806
1.3586593843098314
1.9771372549019617
2.09395184723952
1.0818518518518516
0.3359677419354856
0.48950749802683546
1.9638691444057308
0.5413832199546498
-0.0545768433520859
0.15939682539682742
0.18342890875358364
1.145631659056317
2.325656064585157
-0.2916048799685136
-0.4507722007721995
1.6955848460931335
2.312475524475527
-0.7502100941801491
-0.572049808429119
1.3813813694267516
3.035144192609579
1.284188034188034
1.3854893194237476
2.217494089834517
0.03572570598006841
0.6087246376811635
-0.21884887992136015
0.205148574087616
-0.5171923237380049
1.179803092581718
-0.437933740191804
0.6182900432900418
-0.13402164502164382
1.7979899598393594
6.138136585365853
0.4633351134846464
1.5121175213675215
-1.2714015151515135
0.44693616380608603
-0.13724261246000147
1.9515172413793138
2.1459147869674204
3.8003448275862084
1.6994520146520173
2.9906371191135754
-1.3157619451512588
2.2282695673918482
1.1923242467718822
0.12265809072444256
1.1243846474760133
-0.011871345029240032
1.7167924528301874
0.6420981311890408
1.0094422097076965
0.12306356217713699
-0.16959302325581227
0.6938384566122338
0.06647753303964876
1.770953309059756
2.6375573549257787
0.706960573476703
-0.31628173810052473
1.892580086580086
-0.2343162934797931
3.658925146344501
0.7680712788259996
0.09164685908319292
0.6203787878787885
2.569831697054699
1.8491746031746032
-0.46851227374163074
-0.41079857397504327
5.310779286497429
0.07022222222222396
3.0152559963900174
2.735587918015103
2.905666539343013
-0.7213246268656714
1.278958944281527
0.9684153256704988
-1.0185151515151514
-0.6699461331281267
2.4528352490421454
-1.2445135263407678
-0.7157064793130363
-0.7463265306122437
0.2918219461697724
0.10759226190476312
0.2979241071428582
0.8284445426425115
3.0099972478326684
0.8072070292190929
3.1979055014765407
0.022380952380952834
0.5156113324479854
3.0124134926562114
1.6481280897628174
-1.3240694789081875
1.4108595800524952
0.791683029453015
2.48476673918298
0.6488713552828109
-1.1672089041095859
-0.4238491645340954
2.1597945024448286
-0.5954776710005625
1.0084055944055947
1.6235563342890522
2.350263662511985
1.5361191803407408
0.3974687983496654
1.6864764267990076
0.8045059288537573
2.3691439299123935
-0.5677124183006512
4.1342177185871485
2.051447774901895
1.3515868069081947
3.518355342136857
4.0749150326797405
2.3708623406388796
-0.806028154851683
1.3408695652173925
-0.8927647319450589
1.27474120082816
7.234883512544805
-0.4688307493540034
1.2612974122651543
2.607238095238099
2.032091121495327
0.9101970443349785
0.44718894009216825
1.0747150259067375
-0.7146316318833286
2.8636453201970475
-1.0267159277504092
-0.8442602671944588
0.3456255411255409
0.011161484064709626
10.389977591036416
-0.5267290552584658
1.4990807453416153
-0.2997217106609362
-0.737235772357721
-0.5621052631578962
-0.7047523000707709
-0.36222570532915377
0.8873130699088172
-2.361689814814813
-1.5735810810810804
0.2652777777777793
-1.8456888209829359
-0.47542682926829016
3.0092101740294517
-0.18388717948717925
0.5050858416945374
3.2548335613315125
0.31701174105715424
0.12542232091454864
-0.20899159663865596
-0.34623529411764586
0.40663049095607207
-0.06293350717079349
0.2518548387096793
1.0266694033935408
0.12557238464247966
1.639318181818183
-0.017771023302938005
-0.678902229845626
-0.5045684210526318
0.9851322887233529
0.5793565553942912
0.5979012345679031
-1.1176190476190477
0.31971546732837197
-0.8272401433691741
0.4061651637399173
0.1132872503840261
-0.34684250330875344
2.6237264150943425
-0.240434782608693
-1.140389610389608
0.3226386554621854
-0.1901149425287354
-0.3809462233169132
-0.5884886964886942
-0.7340816326530586
-0.7295798319327726
0.3425567765567763
0.489677419354841
0.3998681318681321
0.41994554118448235
0.30047250859106533
-1.0555761116520586
1.2081855500821028
1.0957078313253028
0.5460483262018627
1.798342315858239
0.6604112554112547
0.6549988751406062
0.5207407407407416
-0.7539189189189184
-0.8550707714083501
-0.372982895285773
-0.06856614097199731
2.3716057416267944
1.7832378548895917
1.5079622641509474
0.9097492163009413
0.94475369458128
2.311627906976746
1.2373202614379117
1.641758430712006
3.0599570874861577
3.2131218174696485
2.1203329732776055
1.1609531189461464
1.2147507953340408
1.5715131578947386
-0.38684143718486297
0.8028059071729956
-0.42323241213401275
0.5615975677169693
1.7598485976669167
-0.6675762533598206
0.22143981117230815
-0.42928921568627487
0.634486772486774
1.537613307167554
0.6229576593299733
2.464022585669781
0.040333333333334664
0.16610961365678278
-0.10760970573051054
1.2222166105499461
1.8585408450704222
-0.558655486907913
1.4868634534334682
0.24886575249703746
1.2969755668060756
1.1183333333333323
-0.43413484762834464
0.8426443768996954
0.7180192719486094
0.483739353420642
-0.3089288389513083
0.5475148859678711
-0.6350907124834784
1.7916667616713227
3.0363508022286467
1.1336314799892584
1.6917503759398507
-0.013019162471216816
0.592135363790188
0.06377145214521462
-0.32553319919517065
2.1689476885644794
0.11041313368212258
2.271690718517391
1.5951068662880772
-0.0028132530120466015
0.2888677779072921
0.9980704136120906
2.0687870077608537
0.27574586444151805
0.7040379403794041
1.5332060613291993
0.049118773946361216
2.439883040935676
0.4650476190476205
1.9614124901709218
-0.052023440955327516
-0.6752478448275845
1.0163343108504392
0.5480638484197122
0.5815389377244031
-0.026389937106916506
1.3271584699453562
0.5633123950831198
1.145223631508678
2.5169047619047653
-0.1434309726856977
1.512233236151605
-0.3250715950715932
0.9945295055821397
0.4451803168183375
1.5257692307692317
0.31703076072941805
0.4967114093959708
0.4933072053059995
0.15366807515958314
0.07337643678161143
-0.3641001417099652
0.33604962541841665
0.9225802879291258
-0.4996979754397586
1.0672134038800714
-0.45229760289461574
1.147417476434839
0.9827301337529519
1.1254481046698075
0.6397463872140854
1.035888704318939
0.40679394612607567
3.659964695498676
0.2575434601499609
2.6464179283826006
1.409149138443258
-0.008556436753986318
0.3018623895862387
0.21049568965517373
-0.2768257286926552
0.5931428571428583
0.24955532212885423
-0.8948484848484846
-0.9649492614001289
0.8193591582974662
-1.4236879770992346
-0.27116710875331584
0.25876068376068595
-0.4983206106870206
1.6722222222222243
1.4567000000000014
0.315005141184848
-0.3896205962059618
4.948364562488631
2.0447252599798738
0.31701453790238965
0.6054737923946583
1.690081781008633
0.8066446523573667
2.6395169082125634
0.9594617728130004
-0.585632111251579
-0.046130952380950774
-0.01051470588235226
1.554976958525348
-0.035101275318830005
0.5611904761904789
1.5670141843971663
-0.803540740740738
0.06925832809553967
-0.5967391304347824
-0.2958039388594944
0.36131147540983655
0.06158454106280331
0.04105590062111908
2.7048809523809574
-0.05026936026935935
-0.5185525227460719
-0.032388779041028215
0.7123404255319166
1.218632478632479
-1.587235814679854
1.8016211661611088
-0.9858638549759497
2.1992274075230256
-0.42598522167487474
-0.36364222873899976
-0.868891645988418
0.7835150645624118
1.6177918183765279
0.7211370760900557
-0.14374077112387162
0.10346153846154138
-0.14208371040723833
-0.3779189028026213
1.7523994252873578
0.15149342681858258
-0.8341174311926594
0.14825974981604162
-0.6134585385878477
0.9700675198241342
0.5905212274064731
0.42926640926641113
0.8185405405405426
1.663248847926269
0.6239647250629936
0.4459259259259234
-0.3751345755693567
1.3966666666666683
0.9944827586206912
-0.36957495957495823
1.7656410256410275
0.6583804882451147
0.26763887617827287
-0.3979277127617209
0.5817647058823532
0.7481139601139617
0.5996541889483069
0.6221376449804126
0.22804672897196276
1.812812080536915
-0.3330506465892853
0.03231884057971257
0.12227980974249775
-0.011407624633429592
0.8614912280701752
0.699467654986524
0.3804249363867669
0.22658578118348416
0.11000000000000121
-0.23405977584059556
0.11466666666666825
0.4471254119015349
-0.5631976564909031
-0.21431037290343546
-0.28824929407018907
-0.011637964026022019
-0.5814651958216501
0.28196935595568107
-1.0959203619909488
1.9328602679792155
0.04551820728291389
-0.20633242047608924
1.3180633147113596
0.8884045613491125
0.6918039591315477
0.5223219567690585
0.21855392156862763
1.4254830917874415
1.185211382113824
1.7575468469936446
0.6324418604651179
0.5110245261984403
2.71330158730159
0.8042558913350675
-0.9561904761904749
0.7580405405405415
-1.143599039429855
0.10062893081761004
-1.6733046953046955
0.5930117501546093
-0.13036448598130868
-0.2337272727272719
-0.162140962761125
0.11809523809523803
0.03804347826086918
1.09681682624392
0.8178287713521293
1.0812950074425736
0.07442190669371307
-0.3024572127139358
0.28004524886877924
1.940399584846915
-0.2686397058823502
4.708437357110196
0.9050406804733733
-0.19005799846126337
1.8505625701459039
1.1676610617797074
2.0393198785790467
-0.3801154405620366
0.5297292127667568
2.204994436496584
3.6461538461538474
0.640123615160352
-1.421573426573426
-0.9312337749230544
-0.386772486772486
0.07935296742525821
0.32066666666666777
1.1122115384615405
-0.897906976744185
0.8732142857142868
1.2753796761585718
0.46999999999999886
1.7880538700606792
1.238232106570333
-0.13965592275261507
1.0625757575757575
-1.4894769711163143
0.5510770340970623
3.015391855203621
-0.10928571428571487
0.156094709728551
1.1980818512143827
0.48880952380952536
-0.028570765122490016
1.0876875099952024
1.9268858921161858
0.33200000000000074
-1.1680930232558122
1.5179485477178432
1.7959079002957345
-0.4927615376378629
1.726830357142859
-0.05216450216449964
0.3779204339963851
0.33101010101010253
-1.4816557566422794
1.113660045587757
-0.20620967741935559
2.0848526398739153
2.0731749369217845
0.7199817850637515
-0.5760721710721697
-0.33899999999999864
0.8897022332506204
1.1850381150381146
0.8027027027027067
0.32177935943060554
-1.11840930018416
-0.16189723320157867
1.3745862884160758
-1.0772140762463334
-1.6473076923076917
-1.8007352941176453
1.522277614858261
-0.8851964335469482
0.5915572858731935
1.2807738927738939
0.06268873026173694
-1.4767332501040364
0.44955034213099054
2.262577168054875
0.21999836681365537
-0.09536068376068307
0.03021428571428686
-2.1740458135860976
0.07847484909456703
-0.3899315354429316
0.2688703465982023
0.9805833333333354
-0.4760090702947828
-1.0192290026246713
0.15395159563075822
-0.8215228807201775
1.6297622879782097
-1.327241694605302
-0.5269259054973325
-0.5685089843252182
-2.219999999999999
2.3674185520362023
-0.9971983935742958
1.9401977544367988
2.0764705882352956
-2.3619999999999983
-0.3865295251048373
-0.10444376714416137
-0.5476351262923682
-0.6743436413866828
-0.07033992977976311
-1.1111282051282032
1.3394041252864781
-0.042377796188896255
1.2004492939666243
-0.672709030100334
1.511775244299674
0.8655944055944076
-0.9334306306306281
2.516387482742754
0.8030303030303045
-0.8246520146520133
0.4629582696089152
-0.06000682314410355
-1.2001322389420874
-1.7415443745632402
0.49655082173139675
-1.2171641791044756
0.41064625850340164
-1.875524261015057
2.2555813953488375
-1.0869138755980856
-1.4305087188355667
-1.3904306220095695
-0.9983979974968697
2.715862068965521
-1.2240606060606058
-0.691851851851851
-0.2738073344280245
-0.4183124875918196
-1.1510900945744122
0.8361292788584045
-0.048978723404255575
-1.9937287414965965
-1.4553807303807282
0.20619571347997834
-0.7647646895015292
-0.6496667438093038
0.5352790818987998
-1.2642344322344314
-0.4444571160756112
-0.9117386489479493
-0.9741661230702334
0.7780645161290316
0.9180574555403567
-0.7441754385964909
-1.5241633728590251
-0.1878068739770864
1.6847164591977872
1.7234917043740587
-0.6630365769496187
0.8864850948509506
-0.7090666666666667
-0.5050201374081968
0.44975385992392347
-1.374563894523325
-1.5088838612368018
-0.5815873015873017
-0.9321545952525874
-0.46882352941176464
-1.1214317637669584
-1.0646523405420183
-0.7339847883597876
-0.28542026482440797
2.4285741517346544
0.30278962597792436
0.05425579322638363
0.610747663551404
-0.450652173913042
-0.27089548802946517
1.5682947603121526
-0.32485421245421264
-1.275728937728939
0.07065807755463105
6.303194293719539
1.3050912233531804
-0.14269062651772835
1.1778745644599304
0.4461254867707538
0.7536668512220217
1.3440478109051845
0.5795548262223349
3.2809326510399472
1.5520015624357555
-0.7334586466165405
3.2072222222222244
0.3364698867024458
-0.26593947036569965
-0.8187807486630998
0.4066609416642013
-0.2787955182072821
3.7031077479535526
0.3406191629194062
0.19795615570559377
2.4460864864864895
-0.6752941176470575
1.2979726579058948
-0.49875635952515474
-0.13731569664902743
1.3369672855879777
0.8068700265251998
0.08929950358521843
0.120000000000001
1.1470428751576307
0.425119108301903
-0.9055814763716441
0.45998576367703947
3.7996507936507946
-8.13050135501355
-3.68264367816092
-8.5051860231272
-7.77741357234315
-7.768394276629571
1.4171354166666674
1.3695625942684764
1.369051808406649
4.124149659863946
1.039382716049385
0.9117074454091032
-0.2130316597377675
0.7919848486233079
0.7945632798573996
4.21195275785308
0.7217589811366132
-0.5028695652173916
0.6994444444444454
-0.09664676616915457
0.9969930069930051
1.2198671096345528
1.6303914759273894
1.2719098143236103
1.615777777777776
2.0048491124260366
1.2429904699309908
0.43845619834710803
1.9389046563192913
0.9019964334927444
1.7635406698564609
2.3870490611750483
2.942283719770632
1.2545501805054151
1.2419079283887484
2.92212217848423
1.9513333333333343
1.4335569105691057
1.2177096981374476
1.374968704862784
0.4461099949773981
0.2877437365783848
1.2748354652865963
5.082727272727272
-0.2945671927307494
2.7346422338568956
1.8574509803921586
2.0737256981265446
0.648417547982767
1.036222222222225
-0.5893924375917763
0.6282890955198681
0.06055555555555614
2.2575139353400218
-0.19447244872744918
0.5303436988543382
1.7411595707857401
1.1884345479082334
0.16874712643678436
1.9681331866049199
1.3571224165341818
0.3733666666666693
3.079207600035023
0.3494708994708997
-1.1371292962356794
1.911111111111115
-0.12218696027633769
2.9701952085181915
-0.010280830280828823
1.1725363780042493
-0.12154568527918741
1.2983404776484981
1.1191111111111098
0.27380912574016136
1.8287852534562212
1.8849213783874212
-0.7632051282051258
0.6220683382108696
3.3366904041303194
-0.3160249554367205
0.7677317360565574
-0.2745071357451021
2.5955000000000013
-0.5155793226381462
0.7893281075028007
2.722614555256065
0.4793117916566203
1.7879067121729229
1.6493780563072704
0.11899379126835541
0.39134099616858364
0.28460960960961046
-0.10127904133039856
3.9089189189189213
0.5370306038047978
0.5638111164198136
1.3772332015810278
2.3409803921568653
0.13224812204755132
1.0364579680247559
1.0224348607367482
0.3445652173913043
0.35206308610400683
1.4112500000000026
1.9510464173050934
1.6669020111253765
0.43474863115978124
1.1348490698490714
0.40828571428571614
0.3707760141093477
0.8196951219512201
1.0570824524312918
1.1684684684684683
0.028696705426355607
0.9528834355828231
-0.6294151963574279
0.4831289719626177
0.538366917293235
-0.026318713450290687
-0.4513213530655378
1.1909956709956724
0.9129022988505753
1.7978159340659339
2.7346517412935327
1.662700258397937
1.6054526449160598
0.38039285714285853
0.2676511954992975
0.7847456790123459
1.2528975789223864
0.28236507936508026
6.598675360329445
1.085201630201631
1.1247701149425318
1.761698095977355
0.4793135849657588
1.1043390632392374
0.47596564170512323
0.04423125261835281
0.2529743589743614
-0.7477386329418838
0.2903321264885008
-0.3286030974795011
0.11722410036811759
-0.09357881136950752
-0.1991093241042332
2.244779116465864
-0.36858278647147813
-0.4381959633680097
0.5446685464848322
1.1935022387728864
4.0426190476190484
1.063329186536734
-0.5319007092198564
2.4641108742004256
-0.438845029239765
1.6059045915324965
-1.0843204812687972
-0.6778762805358536
-0.7526318774815621
-0.7250058823529422
-1.3392167940622564
-0.7157368421052617
-1.3440506715506704
1.343456790123458
0.8372612327839235
-1.0777272727272713
0.5172913992297836
0.0658193979933106
-0.6237027606539804
2.8707285873192454
-0.2594545454545436
0.5470760233918135
0.09797948073702045
0.24247967479674948
-0.9812218890554707
1.6806106519742876
-0.4201428571428565
-0.0660815640109309
0.25195280235988093
0.09305405405405587
0.12537802607076287
-0.569271924986209
-0.25528417818740223
0.4956250000000004
-0.5595975135975131
-1.3983333333333317
-0.1268801962655033
0.7882352941176478
1.276218256691834
-0.12351582217045198
1.221150716776446
-1.1550464168837227
-0.894258899676375
3.151538461538461
-1.9412380952380932
-0.5957703081232495
0.5896405228758184
1.2402993377483469
1.5718620882188752
-1.6608284409654264
0.9230084033613473
2.970052741151978
-0.6322885572139292
2.6287106091082606
0.1909441707717594
-1.730128654970759
-0.37777777777777644
-1.3974505928853738
0.006578483245151645
57.40220064724919
0.44636494252873504
0.6471895856736971
-0.5366109930154863
0.867893447642377
0.6799225154407651
-0.10215053763440807
-0.14522745242738822
0.5188205128205148
1.2457275763358773
-0.27074547390841275
1.6140745809100245
1.2537651821862354
0.19826457344529658
2.0782468659594997
0.8996153846153874
0.9078942881500467
1.871212121212121
-0.1214276904101137
-0.5032038429406818
0.03447588903370047
0.07562754535357641
-0.29825396825396844
-0.09924242424242458
1.7848571428571418
-0.6434743474347417
0.9965954356846503
1.5299044737410874
2.2897641509433946
0.01075777679492873
0.28004652827487675
1.2880392156862754
1.8256091261300043
0.8333982240437159
1.060687830687833
-0.16863121005978243
1.6381023454157813
-0.7125567502986865
1.8936859792982936
1.7087899053627744
1.037043821533043
1.1896560350218905
1.2040417797212974
0.37428208092485526
1.320154273598014
2.4576422764227672
0.7102027027027056
2.9654047619047645
0.10248502190825448
1.6807366071428582
0.5054285714285705
0.292023447676943
2.25288888888889
1.4691238012205758
-0.32981715893108365
0.38345636126791405
0.7236871444823691
1.4755128205128223
2.1828263988522245
-0.1329513956666002
-0.608190158465387
0.507603765511341
0.36307692307692463
1.2442965914121302
1.454601691143747
0.576956521739131
1.2879590558578329
0.1820186335403715
1.3679473528541877
2.7048333333333368
1.3296203155818525
1.1515719298245628
0.9741544401544395
1.383762842465753
1.8779232365145226
1.0795039426523338
0.4017863311127581
1.7344177350427366
0.5107126002831528
0.9284432234432245
0.4465803667745405
-0.41132399228347793
0.015376344086021732
2.4944415917843408
-2.0041296134844497
1.484696969696973
-0.07802052785923586
1.5182580645161323
-0.11980634892563202
1.076821705426358
2.3856190476190484
1.906528061804135
-0.6778190859578483
0.61872340425532
-1.067728937728937
0.9520453984702719
1.380477719791248
-0.9953800298062596
1.7007706464228214
0.654069643806487
1.4586410256410254
0.3807469407215116
0.3906431767337839
2.2646103896103895
2.7306174527227185
1.7728047740835464
1.9622331691297212
-1.501828076000736
1.0317419721511811
1.9918064516129057
0.04080830933772184
-0.39491582491582555
0.9962306071633797
1.1207580338148055
0.6684860736747531
-0.41098484848484773
0.501456080189925
2.351416122004359
0.3716666666666679
1.6883907103825138
2.178338296605123
1.7102917505030213
1.2510921325051783
0.39632633886627033
0.7383522892971719
2.3843260188087783
2.09700617283951
1.1699480519480545
1.6564185277088512
-0.5727197802197797
0.4384210526315826
0.04839412360688833
-0.18683310533515574
-0.9177986906710309
0.3747074829931982
2.82810762007945
-0.6743162751677847
2.1613376351587057
-1.3687519719544259
0.8217943671530357
5.205956936058776
0.18035800344234332
0.3941081473416812
0.46860294985251016
0.25550724637681377
-0.14740755790329096
3.4568899799387616
1.101244564771516
1.1875030659798895
-0.7769306930693052
2.0742639119601343
1.0386161251504227
0.03705667942409541
0.41894185626579983
-1.0270649938296987
1.4457729468599076
0.7463636363636361
-0.6440419531112269
0.48902571251549176
0.3248208248816784
0.1244315273037575
0.03587624140565282
-0.2930809610337146
0.21479885057471293
0.9274063330916107
1.1096896551724136
-0.18723595761649747
-0.3908771597633134
3.159677419354839
1.5543243243243232
2.6346321130844537
0.14098457888493598
10.831181247692875
2.3269742759489134
1.1328527131782948
-0.5559604785589443
-0.44164355535348676
0.3696863480162449
1.7762329090051878
-0.3936813417190752
1.0242877341816907
-0.8395405669599203
0.07096018735362897
0.25144234079173877
-0.4300995024875629
0.17703962703962972
-0.6548888888888875
0.6680128205128213
1.7405392652510976
3.5272279549718597
0.6147111187934868
1.8135416666666693
1.9396855345911952
2.9443074003795076
1.6619069281825638
0.8356625514403291
0.015343137254902217
2.9282677708764666
1.0300991325898394
0.7525748596381803
1.2630924248165663
-0.584011904761903
1.3783153261304513
0.6424924924924937
-0.2861655316919851
0.4671310132073643
-0.28425187032419075
-0.6836510791366894
-0.17488045288045306
0.9027338197668904
-0.5921706864563987
0.012901655306720272
1.321830493665356
0.9693518518518509
-0.8045098039215688
1.6163332338011358
0.10041874376869409
0.1631692509639855
1.417690834070143
-0.22497952497952411
-0.79916512059369
-0.3268864468864461
-0.8787773487773478
1.544350821409644
0.16178632478632338
0.9792592592592619
0.7462956585905793
0.42051642301120395
-2.223016216216214
2.457585034013608
0.974343339587243
-0.30491918587249245
0.2901958041958057
0.18011257035647432
1.4185207700101294
1.9734368530020703
1.3864365528853533
1.8664421460892058
1.1394754098360664
1.3234764460345865
0.41741025641025686
2.3678571428571438
2.622617495711836
0.9669672407970289
0.6449803921568638
-0.19096034400381967
1.5493601089176323
1.519694333695785
-0.2726511461318051
0.0847474865559974
-0.48038006983615134
1.8677357245021469
1.2711046511627906
1.0668154158215017
3.524117647058823
2.2505779569892503
0.3934634033710491
-0.4486916443651481
1.6805508870214751
-0.10937525414956895
1.2505647873392682
0.8669685577580317
0.9205244530244521
1.8014742335290315
0.21922594142259477
1.5424553571428596
0.4182243952650566
0.6253985507246398
0.21207529927807833
0.17861111111111327
-0.24465498593986545
0.34890773027625244
1.7229477436907814
2.151394395078608
0.9831623931623916
1.081666666666667
1.1668662209091387
0.5843935781274858
0.1967844060701207
0.9791441281138802
-0.1915727699530514
0.9717584716218113
0.597317073170732
0.3879960899315744
0.4387284055508367
1.9007443696987423
-0.658331854480922
-1.4387079744373423
1.3337365029606438
0.6784313807009532
0.25178571428571495
2.9250000000000007
0.27518329938900443
0.24796918523676936
0.7778075013789305
-1.2181704260651607
0.3313655805272582
-0.23513109997362136
-0.137142857142857
-0.4569055690072634
0.4947760088855979
0.9452710611078352
0.19679475164011428
1.0631133540372701
-0.38286274509803775
-0.2757492690058463
0.8955360701474682
-1.4991408355795155
0.20809731113956786
0.5368498879760999
-0.15328509585652483
0.06163423812955493
3.5166054469821866
-0.10110750360750309
1.14308388908389
0.08329779673063342
0.29941463150484715
-0.11893970668115017
2.560922907219023
0.7816666666666663
2.020266982622431
0.3959251336898415
0.190396825396828
0.7590108922873817
1.4954182444061956
0.07044977511244532
0.9916937542810871
0.6879346133886877
-0.39023809523809305
3.2503490643311714
0.6094027781962836
2.139396660840216
0.400705329153606
1.761590436590435
0.10208210059171563
0.7627198093220358
-1.5810989010989012
0.4405159274083026
-1.2700584572372584
-0.08069669669669643
-1.0683868228901332
1.1227223719676545
0.30939227895392385
-1.2488552845528442
1.2450375939849643
0.38274376417233746
-0.18270394577583993
0.36123101518785106
1.2286782961834888
0.5882655452339094
1.4191950014530654
0.9523655421272714
1.6512123159616756
0.9412570177942747
1.5522390686340906
0.8760407352210642
0.38471154898741133
1.2437005163511188
1.815285714285718
0.7000659009602721
4.222563025210089
-0.3039215686274517
-0.7763787079972015
1.365361939076319
1.6507256894049362
0.7453250345781477
0.30023266423357775
0.08042126095561386
-1.0191497747747746
0.9280161616161635
-0.6188540669856462
-0.4513103122043507
-0.3656341085271304
-0.7249152029073294
-0.3334632034632019
-0.12547345374931496
2.126494252873563
-1.0538888888888867
1.1561356266741853
-1.4265397322204834
0.051297769695132445
0.8126917920452854
-0.7770396825396801
0.2849232585596244
-0.815778401122019
0.986257567418825
-0.13704402515723046
1.2146849315068486
-0.003575268817204602
1.2693740685543986
0.18523593073593325
1.6099095022624432
0.07717619860186176
1.2931280353200911
-0.019601665761360465
-0.49843889443889466
0.9845732883317275
0.9742015512404443
1.6278269968608328
0.48414746543778975
0.8452980452095602
1.7357915728784121
0.47928160919540375
1.2789611451942768
4.348675949148145
-0.08765943012211608
1.3261990049751269
-0.7960372670807434
-0.1284401709401699
0.331717626425025
0.4795384615384606
0.020053720901179517
0.5254477111021636
0.21199030322951984
2.673689473684213
0.3294078947368426
0.950795793556086
1.0841174152876292
0.6010120755943049
0.5464892952884597
0.20703379953380008
0.6043021346469644
1.1051227758007123
1.6467538536653414
1.030613451589062
1.22137169650469
1.4201128018775115
0.7774571886802235
0.351521252796422
0.9019250444839884
0.44895018250989693
1.6728359861591713
0.7901285936604161
0.3900874861572525
1.4400234192037509
0.6091188251001327
0.9008160128805649
1.8145128317453363
0.08031719059756526
1.5243041474654362
0.7952607300441237
0.921325112107624
1.0416342656465574
-0.40435179380006936
0.1664758575486136
-1.1901568627450967
2.2638009049773764
-0.9701789659743696
0.6514625850340146
1.8483165982047751
-1.5885714285714272
-0.7399956408020909
-0.3128164251207721
3.425273298130442
3.9774712643678214
-8.869854573287409
-8.667604198826798
1.0234597704648571
2.104956981003493
0.09387000278855062
1.027355787843593
0.354080962800877
1.266336996336996
1.8238755020080326
0.7205860805860809
1.0184411452810203
0.9255447154471561
1.3170329670329686
-0.7026024955436707
0.49510638297872234
0.5955358150028225
-0.2530821256038642
1.7571971875998749
2.550781609195404
0.5437212787212786
-0.39780965959722003
0.2112385261797023
1.0512588652482258
0.0013846153846159837
2.4056020350480516
-0.846416988416987
-0.6781081081081055
0.5757014767932525
2.1451818181818183
2.7673001508295627
0.3677777777777784
-0.5830124777183592
0.03592442645074456
0.877570850202428
-0.37638730158730027
0.06373286329808181
1.2103478686918194
0.9934675109301985
0.35684659090909143
8.483073751717821
-1.357225225225223
1.2202318306239874
0.2315604085945786
2.2360149608976556
0.12865529592358982
2.406343258614921
1.7765079365079366
5.607464788732397
0.06970921386306017
2.647991967871487
-0.38021996615904996
0.3289530516431949
-0.25874434690076953
0.548974683544305
1.71860606060606
3.6300000000000026
2.1169161469161466
-0.0719798885718177
2.3562601626016253
-1.041048705572619
1.4959644643047163
2.212464412004717
1.0705038759689955
2.876536585365855
3.2127027027027033
0.8612144702842386
0.3123772609819113
-0.968641114982578
2.725618264322179
1.1211363636363672
-0.869761904761905
2.5036000000000023
0.998443396226417
0.6607124443402874
0.15834536875309624
-0.39318921482778535
0.2859259259259268
1.1220200612984144
1.50233082706767
0.6492025518341329
-0.7045769632082735
1.5516529690936487
-0.2678947368421021
-0.5297603485838778
0.9847014925373152
0.6914701216287682
1.6639729851787983
1.5330648997621488
1.4996626012641343
0.5139216701173233
-0.37588235294117567
-0.027910606362489432
0.5688619592875312
0.9345415778251613
0.5775396825396832
0.4020261159605436
0.29985486891385804
-0.5518551566715093
-0.5090254898560751
1.6385518292682946
-0.8045135746606338
-0.311543739279589
-0.8682795993963506
0.2857394843962009
0.6624837662337697
-1.1138386467143775
1.388533333333335
-0.12170645994831908
0.04094384707288157
0.10414285714285931
1.255609756097563
1.9955449038405
-0.1315798890678117
0.9264058524173038
0.7133344768439116
-1.6241863564764323
0.7340794788273648
0.18444649106649535
0.014933574879227862
1.1564350064350073
0.06583217108321726
-0.160005560461844
-1.1963999999999988
-0.27156422651933454
-0.4759055118110247
0.41690599905527037
0.5259225459225476
-0.088599867285998
1.5990933430692458
0.21775776496957988
0.3249206349206357
1.4286144927536242
-0.15827413984461813
0.01185281667209459
-0.09909698996655436
0.4610930735930765
-0.19072413348795259
2.599875776397514
2.779081805701363
0.24980936819172328
1.0954277029960942
-0.9175721561969414
0.6129280223619844
0.6934183736048105
1.9756632180071954
0.021335316617086875
-0.6069458128078811
1.9910194816800733
-0.18766019988241922
0.658888465930719
-0.7467823585810152
-1.162259730676995
3.886252631578948
0.7980869456276629
-0.28992340425531893
0.40222675208697467
1.1606060606060602
0.7681673449309088
1.2034615384615392
2.0394368177861146
-1.4888571428571407
-0.18380567669979087
1.7519185942262858
-0.372857142857141
-1.3685853658536562
2.226120689655172
-0.07557843731071934
0.5885508508112416
0.9498265093684957
1.3593693693693716
1.8757865612648246
-1.623231292517005
0.32923590256923774
1.1458814028611002
0.9817065206952869
2.1932040846529546
-0.23104627766599606
2.1892775212274707
-0.49447619047619007
0.5170295602018768
3.019405012593417
-0.43423141186298864
-0.1575806451612891
0.800809349043849
0.3932404181184683
-0.2075098814229257
-0.3416453900709193
-0.7026268951878709
0.6384448767833995
1.207421813562398
1.0320060331825047
1.8255618776671412
1.0037665694347027
2.5240814211695017
0.6527665505226494
1.6556225930680384
1.003134328358211
1.6334790697674428
2.561380392156863
0.4429439890710398
0.8212842712842736
-0.04208333333333236
0.5986790890269162
1.3240815477428747
1.3992365125240873
-0.16483214285713998
0.6886065273194006
2.5693548387096783
0.29410555093308055
-0.663950767978843
1.4977299222797953
3.7919652531290886
1.1850174261004263
-0.6221626521626504
0.6853755868544624
0.5128755760368691
0.5535193048286757
0.29777676950998355
-0.5991341991341983
1.4512179487179502
1.43538569424965
1.4379532682638256
-0.6415641025641001
2.044443382704255
-0.5753671328671306
1.5624863731656191
1.5884780219780232
0.5783723522853954
1.3824825487739396
0.9028767123287693
0.6869230769230761
2.347562738013867
1.1427846790890293
-0.17952380952380764
2.440892744763108
1.9462689343608837
-0.7934353741496611
0.1767879179995937
3.1384139784946257
2.399313011828937
0.4256242350061221
1.4642907801418446
0.3231949250288366
2.2622689982728836
4.169197994987471
0.494263565891476
1.4612142038946168
0.6425317153888592
-0.5766690505989622
1.1151612903225825
1.663864468864471
-0.05649805919456519
0.41227424749164143
0.41073980213460715
-0.372787966537965
0.7148972663927111
-0.7119144040497005
0.10983597594313999
1.173623891584409
0.04313725490196063
2.505567099567102
-0.9352829324169516
0.4063888888888876
0.7083894230769268
2.2671576227390204
-0.5003563941299785
0.866187455954897
-0.3436814008114446
0.7556493506493496
0.5298358054501584
1.26264367816092
0.6093023255813961
-0.24732804232804106
0.14557277628032317
3.888988127853885
2.3301061470215494
-1.2180115122972275
1.867540574282149
2.1525069508804435
2.1724400871459686
1.0241594405594405
3.263967771505765
1.5432558139534898
1.2680434782608678
1.118426098154245
0.329144692359705
0.2554209273007437
1.4141494602242943
1.4231683678729787
0.1727887426900594
1.3297435897435896
1.394769647696478
-0.44056244830438374
-0.4269977841088952
0.840544894242889
6.594570760730981
0.4303650967506414
2.779853479853479
2.364060980998673
0.3437000174611491
5.627057817998995
0.21027034606539985
0.6706818181818193
-0.1999468325791831
-0.5659924013227329
-0.20854720180892983
-0.49765714285714147
1.3829846938775532
0.9527661667076508
2.8370711846598375
2.7424593074874224
1.6396870234550889
-0.21358246050061958
0.2235513482501439
-0.5158812986833947
1.58735060814384
2.704696466324375
0.8231608241382702
2.364510638297876
-1.1145724082291242
1.2898504273504265
0.48133487492117055
0.49553587588881953
3.6262252491694333
-0.22000957199507631
-0.3595198232763632
-0.9010465116279072
0.5019230769230774
-0.5465151515151501
0.8100844510680574
1.1041265786859675
2.398701113331434
0.007245686461310186
1.1904705882352964
-0.054834417283396775
-0.44971516426605973
-1.1468867924528308
0.2925619763323848
-0.27377622377622224
-0.46826882477128606
-1.4754172913543204
0.435347222222223
2.737134009009008
0.5679351740696283
0.24494226978316114
0.20901408450704295
-1.0184313725490188
2.2594842639593935
-0.0779795597484263
2.223470674795042
-0.7666325966850831
0.7172380952380948
0.21092365371506716
1.4251735402204986
0.9460000000000015
3.632512077294688
2.13301302772064
1.8900286684270107
-0.20225553376295835
-1.8059696969696954
-1.0970966084275418
0.580023922842539
-0.5936096854849318
-0.34740024554941584
0.05176975714477372
1.174104116222761
-0.6390929451287786
1.658912008575303
1.995823671497586
1.6574644628099193
-0.4200791139240483
-0.051727158499371484
-0.6837256235827631
3.564864864864866
6.3312429347325825
0.8576175898104594
0.19206483439041655
-0.17780126849893918
1.837565167243369
1.2460460992907798
-0.8862807881773378
0.6172143327377029
1.9982922407541714
0.5702474091373517
1.7966791744840513
2.4668588007736965
0.4554332351497301
3.3225974025974025
1.1183396226415105
1.9938513513513527
1.9583732057416299
1.3678432080924878
1.9274418604651196
1.6208536093560966
0.6393415637860116
1.4768330464716009
0.6155050505050497
6.984570135746608
2.7960875317711817
0.40702531299546507
2.4531257631257652
0.7301077625570791
1.4698823529411769
-0.757878787878786
1.738206772189944
-1.499836372136512
1.0938095238095258
0.2997015179942011
3.562750802139039
0.33661196911197067
5.152593337804607
0.09755555555555517
2.481501965923986
-0.18652823920265682
2.0163327596098704
0.3345714285714294
1.564792207792209
1.4207471264367832
1.5002495543672048
1.30890617633192
-0.8086779469825149
1.572048271363343
-0.9739474657787639
0.9994684385382051
0.9294962884411468
0.7865079365079382
0.6098794736194826
0.5983436853002075
-0.24997028673302601
1.3185788113695125
-0.9502023516543598
1.723640845070424
0.04200747663551496
1.20058823529412
-0.37225009131864084
-0.095816212772732
-1.0504821058858322
1.015148717948719
0.5586896221903395
9.986743697478992
-0.780169556840077
-0.4976190476190485
2.0404958271968603
-0.8683299319727897
0.6232703488372096
0.033333333333333215
-0.2857397504456305
1.7340389610389622
1.3557900432900425
-0.7271229637414578
-0.9012177345885206
2.3562725779967195
1.9608424908424915
-0.07846659743855966
-0.06709178112055625
-1.1819164001827307
-0.936499402628435
1.2706162464986015
0.6693347003873349
-0.5862246316374744
0.6833333333333336
2.309699248120303
0.6011788986207591
0.05645161290322598
0.498529945553539
-0.37638730158730027
0.47972773681225434
-0.32793281653746753
1.464597701149426
-0.4615294117647064
-0.3667224613422597
1.4790566037735857
1.1323809523809523
1.514297664458276
-0.35093389990557
3.2826055326888124
0.4484857893479841
0.2375007723200504
3.2950447901933053
-0.11437428243398351
0.22687005649717662
0.15845429080723328
3.5035324675324695
1.5098871989860605
-0.143810913990567
0.29638888888888815
1.1982913165266105
-0.743119584954604
2.2834925680900433
2.8135747126436783
0.992791607396871
1.8130107526881751
-0.12219184430027852
-0.30186718574530147
1.0311862527716187
0.13100480559196193
0.6329841103544638
-0.6353615221987301
1.0372757713465681
0.8669304961118804
0.37622057541412524
0.6761110108846005
-0.9365435234356969
-1.154265792686843
1.268759689922483
1.9853500946201699
-0.20845378952701488
0.8211266885724733
1.4029707792207802
0.5668274545271821
0.3441946597760559
0.6420856507230255
0.9194367836676243
0.24318957771788163
1.6170603354978397
1.3407762002993167
0.15954365792310554
1.4192125603864731
-0.01411633663366274
0.676053698074977
-0.500784279271361
0.4016470074268259
0.7159843822723282
1.3277487989018546
0.39355191256830757
-0.37352465220682163
1.8398228312096379
-1.378271432271431
-0.06127782183452268
0.6014996446339751
-0.7767238813060118
-0.027299412915851917
-0.2092621870882745
0.567066666666669
1.2853207547169845
0.06574471345387956
3.4137504683402042
1.2822641509433943
0.9202170868347359
0.37833333333333385
0.31612329716000964
1.264298245614036
-0.04602792489167129
-0.2498837691988367
0.7130588862243563
5.44841848306616
-0.16238095238094985
0.3800981647460553
-0.46314892004547303
1.001026904559616
2.1384048001606786
-0.7805594082293101
1.7956700130947212
1.1349518175746631
0.7958887402628072
-0.16541666666666544
1.577878787878788
0.876976885644769
-0.1281297134238315
-0.6014229390680974
2.2006227106227136
0.11932350187266216
-0.0957142857142852
1.35847808530945
0.8860818713450307
1.2098211624441149
0.8343085748792269
1.3724801061007987
0.349985201627824
0.7502506150061485
-0.4912066365007526
0.7069696969697006
0.538366917293235
0.546450379501227
2.648704033970276
-0.2295187165775392
0.23314847942754824
4.664121212121216
1.2079493207941496
1.3730383854372796
1.5636226415094328
0.06285714285714405
-1.1122563947937074
-0.30548789246870456
0.6065117576723829
0.6379621173685095
0.03909796999117532
-0.7480530868586293
-0.027450911640951148
0.17857304163726262
-0.4871115901177241
0.300047425474256
-0.07083333333333286
0.741563025210084
0.17623655913978453
3.907736369910282
0.19814566202382977
0.5661535523300216
-0.19274044648352273
1.1529093662124161
1.4959829059829062
1.4266778149386852
-0.217217194570134
1.3515384615384605
0.12309449636552472
1.5938095238095258
10.569418297197256
0.40564102564102633
0.5173249365054673
1.2405507696653046
0.5417921146953404
1.5657692307692308
-0.4045033112582779
1.859849659945116
1.4214790826077746
-0.7184689997672074
1.343675373134328
0.058367693427118894
0.6407268790596987
-1.354878157835902
1.2925021819147737
-0.32433497536945666
0.4789935924490685
0.7868210405946243
-0.1652252801350258
-1.0667595459236328
-0.4570246085011185
-0.03861826024442827
-0.015428773919204275
0.9900972706155642
0.23234285714285896
-0.32514697867083164
0.3570928220715466
-0.7113994592099182
0.5627284427284422
0.20837603837603957
1.2898655913978523
0.27278823529411866
1.5457226726306956
0.7625850340136076
1.0912350557244181
2.3910192147034266
0.2667595818815336
1.4474098650740999
1.4108595800524952
0.3751354792592778
1.6047964113181514
1.0806105769230747
0.31447783796377315
0.8329059355672506
-0.5658114766336535
-0.7395158730158702
0.7794010463187462
2.850140067562002
1.9144564162298572
1.0308597285067869
-0.13920507268790416
2.0639261817396957
1.4683278688524624
-0.03508991008990847
0.6255750658472365
1.0679487179487204
0.5148387915714672
1.0246480614678113
-0.15367816091953657
-0.19382043272011806
2.3799289465554523
0.5510667634252542
-0.4892818952802358
1.1959683698296857
-0.3443598726114647
1.5701019593391088
-0.7923217468805692
0.14158773735987218
0.11737208743694616
1.2768827674567582
1.0516153846153848
1.6620229489386134
0.5365132949904137
0.13746506550218207
0.577902097902097
-0.1463839725733873
1.0984241132002346
2.0477722772277254
