27
80
53
35
123
144
123
73
70
27
31
13
41
23
57
32
35
51
14
12
22
186
19
20
22
86
55
9
157
11
19
42
159
10
7
20
29
71
38
30
73
11
57
76
20
56
75
66
6
6
4
27
38
28
189
61
11
77
31
48
14
24
38
121
9
133
28
127
27
8
16
123
53
25
149
11
26
52
60
69
7
23
46
99
131
46
49
169
26
57
26
80
60
53
10
5
31
4
6
34
33
8
85
7
73
10
171
56
14
8
101
41
41
7
78
84
7
5
140
11
95
73
30
20
17
15
128
5
77
8
160
79
20
53
100
53
26
47
22
32
115
155
45
24
68
32
44
14
5
6
122
107
73
22
56
37
43
38
25
14
22
77
52
54
101
16
55
62
159
45
43
53
278
26
12
39
105
38
19
52
44
63
34
36
19
131
52
67
110
82
16
46
80
48
23
29
34
9
21
21
9
17
34
123
136
14
24
25
50
34
23
13
129
25
33
17
9
28
173
12
129
19
112
49
130
38
50
16
24
9
7
26
98
146
2
109
60
34
53
44
16
9
77
11
45
126
51
23
32
178
4
13
117
5
99
40
31
70
14
92
17
38
15
5
24
66
118
12
123
102
10
79
50
27
88
13
26
8
37
119
63
66
23
130
85
99
9
42
11
55
50
62
32
22
57
37
25
11
6
12
25
113
14
84
92
19
64
34
11
2
67
27
2
16
15
35
72
48
12
77
1
1
36
7
39
27
109
194
130
20
170
88
36
93
102
25
25
144
92
43
138
15
156
96
31
101
4
53
86
53
65
8
68
165
141
80
12
43
140
59
21
9
19
34
49
22
61
44
203
155
176
49
101
71
48
168
83
23
66
118
123
23
19
110
122
110
147
26
90
48
31
125
39
120
69
121
48
188
7
44
71
48
132
120
35
141
35
71
37
39
89
27
154
101
50
78
124
12
88
16
126
157
97
118
117
41
127
136
22
19
9
107
13
130
55
117
53
97
119
108
20
30
49
135
13
144
132
92
24
144
24
95
80
125
34
51
92
146
31
87
106
136
69
118
29
27
61
142
82
87
62
102
117
33
56
118
41
9
10
96
22
60
26
96
15
89
25
67
37
18
16
85
21
44
22
8
123
31
38
83
22
29
7
41
47
133
42
22
62
2
37
15
8
9
68
10
80
12
22
45
136
129
11
23
71
25
37
49
68
5
9
43
21
14
8
28
51
30
33
11
14
81
39
202
10
8
19
88
6
44
74
104
43
108
23
62
39
118
9
13
14
4
6
7
46
99
40
6
10
87
113
91
17
14
12
16
74
38
36
14
40
36
34
113
109
43
23
22
49
16
83
22
63
17
22
26
74
37
55
99
26
14
39
67
129
117
60
25
18
13
51
53
13
15
71
103
28
31
46
84
24
137
21
10
62
106
12
19
48
72
38
22
20
19
15
39
71
20
15
55
20
80
54
61
147
110
25
20
21
36
62
21
26
85
35
18
63
95
72
10
28
73
43
118
10
24
7
27
26
4
11
39
18
19
69
17
46
13
10
11
4
20
18
50
51
15
38
122
146
6
55
83
42
27
63
99
49
65
132
51
79
113
76
61
106
104
45
125
74
111
94
56
48
16
186
143
8
5
85
97
7
62
154
122
17
112
36
59
77
16
92
104
78
41
204
162
2
81
6
63
124
25
58
11
41
69
32
64
72
81
61
82
55
55
53
114
107
15
90
28
53
8
42
9
11
7
172
63
87
115
113
15
116
37
19
33
132
192
138
82
179
41
105
25
22
15
98
36
134
105
92
101
52
16
15
154
152
140
13
27
8
6
7
34
28
20
65
6
14
25
103
9
29
107
19
29
38
49
95
72
122
97
23
46
16
6
15
74
18
82
7
72
21
16
68
50
164
20
22
90
14
9
7
11
8
26
68
8
18
95
8
64
27
99
93
27
109
129
19
70
12
35
14
57
116
106
10
77
23
52
30
40
84
43
4
14
76
53
68
8
24
56
139
40
94
103
15
7
18
10
5
54
84
90
38
10
84
45
40
102
78
4
21
90
42
14
17
47
6
25
40
31
49
143
131
102
91
5
47
36
14
264
25
93
8
50
51
110
111
25
87
8
43
34
124
108
28
16
5
81
52
37
9
81
33
115
13
35
10
93
160
6
15
22
43
102
36
105
94
32
8
13
107
117
109
6
5
11
11
77
10
71
75
7
15
87
39
104
71
72
118
3
13
36
46
54
44
17
142
11
63
82
87
108
16
91
9
59
16
22
4
57
25
111
40
69
152
48
46
12
26
23
93
15
100
10
6
4
12
35
91
37
17
101
28
14
9
8
92
4
29
40
10
11
8
114
10
86
20
117
3
18
20
12
8
8
19
191
7
22
10
110
8
5
29
10
56
107
100
12
43
27
39
111
88
88
5
112
6
58
135
13
54
78
59
7
145
159
17
110
50
17
111
3
73
4
8
23
92
50
78
154
68
19
140
56
6
98
20
5
30
35
29
76
8
27
25
44
41
18
41
64
11
83
43
80
10
86
22
41
49
54
64
69
11
79
101
18
82
112
7
70
117
58
97
23
82
64
76
66
70
84
22
46
17
33
121
42
36
61
116
21
69
8
67
16
96
104
49
122
11
14
94
55
101
101
146
49
53
61
60
19
112
25
85
133
161
49
13
20
32
104
136
19
159
103
33
71
33
59
59
78
27
101
84
47
65
21
44
26
27
30
13
21
50
34
7
15
22
55
11
98
136
35
61
61
62
13
44
74
61
21
68
76
40
9
58
59
74
137
38
23
22
94
40
4
58
68
8
72
53
20
35
21
45
18
82
17
56
17
20
50
59
13
46
14
54
56
50
87
79
39
79
18
53
81
33
44
11
23
49
6
6
106
130
5
90
36
30
72
44
11
69
137
37
121
54
97
82
89
7
74
24
5
57
36
115
121
85
21
131
4
4
123
123
15
149
3
145
36
51
102
88
18
28
16
137
70
106
92
75
107
127
128
25
124
147
57
22
43
145
35
19
22
16
78
102
63
78
52
143
110
131
109
58
82
24
134
117
95
95
59
120
144
91
58
17
22
102
21
100
29
114
9
7
52
15
48
11
38
62
76
46
47
115
8
67
16
49
74
94
21
39
51
53
88
22
42
40
45
58
60
4
44
26
44
26
36
88
33
82
55
40
24
67
10
35
18
39
77
11
56
9
91
44
44
30
14
24
65
81
78
54
60
38
55
9
10
22
51
55
57
12
79
40
10
51
8
42
30
20
13
6
39
23
28
18
55
4
15
15
9
16
33
47
6
26
21
49
10
33
8
134
146
34
21
14
10
4
8
9
24
22
107
14
16
45
17
36
11
40
9
66
108
8
22
82
15
9
23
25
29
8
102
41
136
10
28
36
92
28
8
123
50
9
21
88
10
12
87
4
126
35
5
102
22
101
48
61
82
21
56
86
76
61
6
31
8
15
14
12
61
60
7
7
45
53
77
89
98
3
7
8
85
36
69
61
28
15
87
32
46
23
47
43
67
102
11
82
34
15
45
38
61
69
8
21
40
19
9
15
56
20
15
74
12
72
68
55
18
43
73
55
15
21
18
96
83
28
43
7
18
61
30
34
102
26
87
73
11
51
35
41
8
48
18
12
10
8
36
3
77
36
8
47
89
57
57
2
91
9
66
20
70
48
35
78
10
70
7
66
50
72
6
25
51
55
62
17
131
48
79
5
81
40
90
100
74
39
49
114
79
40
60
44
76
4
63
101
67
70
30
78
11
78
65
12
223
17
40
10
8
189
51
22
71
99
80
85
89
134
68
10
47
44
73
112
89
117
5
71
111
123
41
88
58
143
80
17
56
113
53
73
109
71
66
37
16
43
16
10
96
69
39
59
11
11
9
46
22
9
49
21
73
9
63
34
16
23
63
66
17
12
124
18
33
37
6
53
6
28
22
63
8
66
15
19
13
93
72
11
11
16
19
26
30
10
27
51
104
27
21
8
71
62
23
91
39
50
27
17
87
6
38
23
34
86
47
40
9
27
99
28
45
28
46
42
10
4
20
28
27
65
4
14
40
33
57
19
19
32
64
9
8
78
83
18
44
117
106
72
23
84
59
60
21
68
23
59
44
19
98
5
78
28
19
5
51
39
5
26
43
28
141
15
63
96
11
51
14
11
36
7
6
28
9
134
55
158
27
10
103
4
176
160
146
101
53
99
36
5
100
78
20
18
2
17
74
60
75
58
8
90
105
89
11
70
72
59
32
4
97
1
4
9
15
5
37
47
41
3
4
18
69
73
22
37
74
14
-1
75
87
12
9
11
44
50
76
53
84
52
90
62
89
57
4
75
130
72
18
126
37
7
36
15
148
34
146
40
22
15
107
5
124
30
39
7
21
66
73
44
40
99
7
1
36
13
13
8
72
30
28
65
117
44
61
19
30
107
66
22
25
50
95
36
84
30
91
10
2
13
18
12
8
38
16
51
7
39
50
161
16
10
31
11
14
21
7
22
9
4
8
3
8
37
73
17
39
7
8
44
46
47
23
19
12
3
5
26
23
98
13
30
62
29
7
5
6
8
19
65
48
76
69
19
58
7
6
18
0
26
51
10
17
18
187
19
11
92
44
10
28
34
39
25
103
62
10
54
14
108
9
17
77
33
19
60
17
21
78
35
17
10
35
15
102
12
5
79
13
16
31
10
63
17
42
45
107
71
170
15
61
6
34
34
103
16
28
18
62
7
106
38
19
11
43
13
60
115
87
51
88
128
21
23
8
99
58
94
10
13
78
50
42
139
63
19
15
59
46
8
15
48
63
10
57
39
11
63
9
16
21
96
80
99
11
22
76
15
50
63
27
43
10
76
5
6
37
7
103
7
27
7
26
9
53
179
57
11
58
83
17
128
4
28
112
111
85
44
20
33
125
38
22
7
56
124
163
3
48
106
36
31
104
97
86
30
41
5
103
20
85
35
14
25
149
28
124
78
98
180
110
24
32
17
59
29
132
54
7
123
40
12
7
122
20
71
82
54
62
47
25
10
113
12
12
155
30
16
73
114
96
8
50
79
74
57
18
12
101
37
18
61
52
15
131
85
8
124
31
75
36
64
16
16
45
80
9
32
32
16
76
58
212
30
164
48
105
33
30
96
38
149
23
107
36
126
7
33
58
16
96
7
49
36
54
4
14
121
91
97
31
128
24
34
30
21
66
49
28
6
18
113
20
63
23
34
84
3
29
14
17
46
8
12
14
35
10
72
80
69
11
25
56
8
36
10
33
20
22
25
27
9
115
51
18
103
181
167
20
32
27
165
51
21
36
77
15
79
39
25
37
157
16
24
82
176
17
5
2
115
182
35
117
11
5
2
14
45
7
66
76
121
179
18
27
50
93
93
61
14
68
12
7
36
40
55
66
52
65
6
12
75
12
30
32
87
17
27
64
5
83
90
44
12
57
109
46
28
4
165
30
33
32
23
92
57
62
62
71
77
31
87
85
66
55
81
46
77
21
33
63
62
70
47
3
60
129
65
32
45
97
29
52
211
14
43
140
154
4
15
82
3
17
114
22
54
44
44
48
28
48
19
132
22
8
12
16
118
98
31
3
122
130
23
138
141
41
36
20
129
89
145
50
94
113
24
24
94
87
142
85
32
44
95
10
49
18
127
90
102
135
121
95
133
5
80
51
49
21
14
13
31
50
133
50
138
9
131
16
11
59
114
22
74
49
142
22
12
25
71
63
8
88
55
46
134
48
72
48
5
17
72
8
15
63
5
8
140
113
8
31
30
81
92
15
59
94
100
75
70
68
145
60
9
15
64
17
17
93
54
129
76
32
162
74
82
12
8
23
18
35
51
131
20
90
55
36
36
114
54
114
24
8
40
77
102
21
54
48
40
21
60
84
66
52
80
36
116
28
51
52
37
23
88
12
68
87
69
50
84
28
106
9
72
5
56
26
24
87
22
57
109
34
18
63
39
65
81
65
60
78
48
142
98
2
66
32
61
52
25
80
42
44
84
88
122
5
20
50
61
113
88
29
72
10
13
55
12
48
14
17
15
13
84
17
22
40
62
80
54
95
89
10
68
58
76
30
106
17
33
10
59
64
11
18
102
121
66
30
85
36
83
125
8
1
83
46
4
61
99
12
71
98
17
87
74
6
50
132
13
39
5
68
41
31
13
6
76
8
25
25
132
94
104
138
40
77
46
57
231
1
114
9
52
39
61
27
11
24
15
146
149
97
103
26
134
78
110
127
25
27
64
29
77
131
14
16
86
94
80
21
21
24
48
76
4
71
47
21
24
42
12
24
45
65
44
19
74
70
81
56
79
34
53
15
59
30
47
95
40
38
13
22
58
52
46
45
22
29
103
73
52
6
5
14
9
22
2
63
48
65
38
6
71
38
16
24
39
11
43
10
43
41
44
63
61
18
53
55
65
162
16
24
11
87
9
17
48
7
43
58
49
32
52
79
3
14
129
5
65
29
13
15
39
40
92
41
57
108
9
4
23
94
22
5
91
116
10
98
90
128
18
18
135
88
23
9
34
9
39
16
17
132
172
124
13
106
69
0
145
74
91
19
29
19
27
87
79
130
55
39
52
16
8
24
156
2
39
5
111
87
82
16
139
89
49
12
28
34
3
93
23
23
105
8
96
76
16
30
120
48
53
116
29
6
59
32
134
44
123
34
22
142
26
74
16
6
7
12
18
28
129
172
88
74
21
108
34
56
17
37
47
38
39
32
21
6
8
33
55
7
12
13
17
117
31
55
3
133
122
11
16
24
80
42
28
122
12
30
138
60
46
67
15
92
49
109
19
122
57
18
15
141
9
112
121
107
116
50
80
85
23
57
76
57
56
112
50
107
132
7
124
14
72
92
97
61
30
56
89
99
157
32
83
100
45
15
41
30
13
57
112
