26.91715854032505
80.14
52.56640319715808
34.90390887290168
123.03207951070337
144.40395833333335
123.02190184049078
72.63773778920307
69.98336898395722
26.603047879616962
30.51809523809524
12.797558479532167
41.42113842464214
22.521485193882814
56.72632527565733
31.756345119765353
34.79933333333334
50.612773722627736
13.849028999674157
11.649596986157352
21.638016528925622
186.13052953156824
19.23510023003615
20.478123559243894
21.515934065934065
85.82359534206695
54.66859649122807
8.854796768492808
156.74377990430622
11.06725287356322
19.371201776946453
42.49108315098468
158.59142857142857
9.84
6.794248847926266
19.76016064257028
29.142658227848106
70.623163538874
37.744259259259266
29.665443037974686
72.66813471502591
10.961428571428574
57.40983606557377
76.12463414634146
19.679999999999996
55.52263157894737
74.983
65.86727793696275
5.824490566037735
6.312103174603177
3.523333333333337
26.680218068535826
38.3951653543307
28.175015544041454
188.94450199203186
60.91513615733737
10.844838709677422
76.69415458937198
31.081457943925233
47.584895833333334
14.04387275242047
24.136833333333332
38.261380871533675
121.42489096573209
9.048247329349994
132.85114285714286
27.911351206434315
127.3969616519174
26.525957767722478
8.308815539920463
15.988362260792169
123.25484848484848
53.06116838487972
24.69618371486526
148.62273657289003
11.053003326832627
25.61861111111111
52.0436690647482
59.76075235109718
69.03367388362652
7.313008547008547
23.24953125
45.81016393442623
99.29559772296014
131.0277077363897
46.26349699398797
49.15075449101796
168.91780269058293
25.638912655971485
57.36401294498381
25.59834574028123
80.25136258660507
59.594294670846395
52.81923076923077
9.763869463869465
5.319885057471264
31.048982035928145
3.717074829931974
5.637826503255457
33.58786666666667
33.040000000000006
8.312093457943927
85.39419213973798
7.066277584204418
73.29133333333333
10.431045454545455
170.9392511013216
55.899219858156016
14.064358381502895
8.043081028626883
101.33315018315018
40.58454545454545
41.446635514018695
6.984285714285715
78.2835885167464
83.70603603603604
6.782070796460179
4.967040233236151
139.94302949061662
10.801090909090913
95.09980392156864
73.4004987531172
29.756666666666664
19.514530303030302
17.019641025641025
15.141282051282051
127.5710029498525
5.098218366483284
77.15019323671497
8.227560975609759
160.1280796252927
78.6788038277512
19.54389400921659
52.9538028169014
99.59676691729322
53.33024390243902
25.973703703703702
47.367777777777775
22.406523235800346
32.21933333333334
114.67651465798045
154.60300970873786
45.43719858156028
23.957816091954026
67.855
31.627835820895523
43.92860759493671
14.323169398907108
5.196298267157868
5.791351351351352
121.61687306501548
107.18927272727272
72.8573469387755
21.763454545454547
56.32806451612903
37.00244739756367
42.56285714285714
38.442982456140356
24.536666666666665
13.762063492063493
22.350714285714286
76.8729268292683
51.82194945848376
54.481152512998264
101.1929520295203
16.06105263157895
54.64256756756757
61.82534136546184
158.59142857142857
45.4552688172043
43.40571428571428
52.73413793103448
277.96632653061226
26.409639175257734
11.72940594059406
38.619841269841274
105.08964412811387
38.44151515151515
18.651268656716415
51.718421052631584
44.35896551724137
62.501111111111115
33.564357608052106
35.88698473282443
19.20868993135011
130.75645533141213
51.9484375
66.89983240223464
110.02999999999999
82.15018433179725
16.47551724137931
46.00675615212528
80.03887850467291
48.04738632750397
22.64266411378556
28.811515151515156
33.530952380952385
9.487216117216118
21.114959349593494
21.028712328767124
9.27501616031028
17.154166666666672
33.590995024875625
123.1667781155015
136.39297520661157
13.593514902363825
23.853446745562128
24.509173126614986
49.80681721118941
34.1235393258427
22.951259394678043
13.400925531914897
129.27970930232559
25.38619047619048
33.12131350114417
17.001770334928235
9.489289843104874
27.56137722481424
172.87991228070175
11.655227272727274
128.99700296735904
18.914822460776218
111.58999999999999
49.32516129032257
130.06124260355028
37.98228070175439
49.74789719626169
16.031695982225514
24.413870967741932
9.15257516339869
7.27390697674419
25.715627906976746
98.05743295019157
146.44091863517062
2.0852401162522476
109.27140350877193
60.076951219512196
33.786554307116106
53.17936170212765
43.64504761904762
16.194313817330215
9.39120717041071
77.3540776699029
10.641896601800756
44.71296178343948
126.19581602373887
51.21442748091603
22.708671096345515
32.138717948717954
177.8456263269639
3.6052863636363632
12.698736141906874
116.79052117263842
4.9564184397163125
98.97571428571428
39.61958333333334
31.169696969696968
69.73096256684492
14.399582719685814
91.81448979591836
17.218946058091294
38.326580086580094
15.372675250357656
4.660612244897962
23.707830065359477
65.89910863509749
118.46121019108281
12.058131970260224
123.23907975460122
101.79253731343283
10.359958174213496
79.29985645933014
50.12402985074627
27.345333333333333
88.42234042553191
12.756759358288772
26.23731833910035
8.313500000000001
36.57141414141414
118.80686900958466
63.1322754491018
65.67685714285714
23.096666666666668
129.9558309037901
85.03365296803653
99.18598455598456
8.99423707440101
41.61205607476636
10.87320815450644
55.11194772344014
49.63234323432343
62.29044776119403
31.801807228915667
21.7064
56.65795698924731
37.22201005025126
24.660519713261653
10.787361111111114
5.683333333333334
11.929495798319326
25.18885082872929
112.65173913043478
13.701282380097464
84.02981651376146
92.32137931034482
19.3180163599182
64.126
34.45097838452787
11.100212099049212
1.8388287250384039
66.83888888888889
27.26368421052631
2.404784984687609
15.643140995812008
15.133650306748468
35.39
71.60842105263158
48.45837951301428
12.138714285714286
77.06538461538462
0.9335773469551931
1.269669987546699
36.15573604060914
6.697859520056053
38.736730769230775
27.020082508250827
108.65035087719298
194.29287968441812
130.0605882352941
20.29688172043011
170.42398230088494
88.05478632478632
36.42827956989247
92.63870967741934
102.02472527472527
24.50257320872274
24.96305555555556
143.79727272727274
92.09485596707819
42.883037974683546
138.35284153005466
15.000223152022318
156.47413461538463
96.21666666666667
31.341181938911024
100.64776119402985
4.169043659043659
53.30489361702128
86.23761904761905
52.77754257907543
65.33111111111111
8.372802786709542
68.11804347826087
164.51118993135012
140.8689247311828
80.17672897196262
12.12748858447489
43.267099567099564
140.06306666666666
58.7425641025641
21.40928571428572
8.995040650406505
19.153333333333332
34.09734332425069
49.380894308943084
21.625864197530863
61.03333333333333
43.83716498316498
202.58011152416356
155.17491484184916
175.5237634408602
49.024840871021766
100.62330855018587
71.44415584415584
47.505996425379806
167.9388789237668
83.48991031390133
23.340727360308282
65.52916905444125
117.75127795527155
122.84092024539876
23.260911920323682
18.73
110.03398625429553
122.00840490797546
110.04692832764505
146.76999999999998
25.520588235294117
90.36421487603306
47.81320070733864
30.839181286549714
124.84329268292683
39.02046728971963
120.24856697819314
68.78233062330622
121.09206896551723
48.381363636363645
187.64
7.449081652257444
44.13799163179917
70.58208877284595
47.79124031007753
131.57
119.764375
34.80648434237996
141.19265957446808
35.425139353400226
70.65879056047199
36.837431761786604
38.762121212121215
88.64048034934497
26.57462962962963
153.61465346534655
100.89759704251387
50.02133819951338
78.38292565947242
123.91996960486321
12.316183908045975
87.9955319148936
16.452189542483662
125.70670731707318
157.138995215311
97.31803088803089
118.08150326797386
117.03923076923078
40.514063926940636
126.7560534124629
136.44263736263736
21.80333333333333
19.132066869300917
8.665138309965894
106.81618705035972
13.417684729064042
130.4631395348837
55.41999999999999
116.8648387096774
52.55438596491227
96.87411067193676
119.42749216300939
107.50265017667844
19.886751700680275
30.41345679012346
48.73869731800767
135.3812849162011
13.024954407294832
144.43468750000002
131.50623931623932
92.14767634854772
24.166666666666668
144.11127659574467
24.16290566037736
95.23866141732283
79.91322274881517
124.5476758409786
34.22850187265918
51.07745454545454
92.02870445344129
146.17422680412372
30.763786982248522
86.78911504424778
106.26544483985765
135.98657458563537
69.22614973262031
118.4236305732484
29.18271708683473
26.69794520547946
60.97482009504412
142.2972
81.74689497716895
86.52456140350877
61.8420245398773
102.39883895131086
116.94096774193548
32.8033396226415
55.806
118.34874213836477
41.437399103139015
9.238644688644687
9.818064316635745
96.1334749034749
22.184174496644292
60.10086419753087
26.021111111111114
95.66920634920635
15.443650793650797
88.95343347639485
24.79984251968504
66.90444444444445
36.916125319693094
18.28514778325123
16.194444444444446
85.45792494481236
21.184057971014493
44.03102880658436
22.189815668202765
8.458216560509555
123.0580981595092
31.124278215223097
37.839617224880385
82.64954128440367
21.898071625344354
29.062208588957052
7.492369597615504
40.899471365638775
46.72408602150537
132.61829545454543
41.9986412512219
22.04966013071896
61.84903614457831
2.251757631822386
37.31435897435897
14.613076923076928
7.538163500287855
8.556751054852324
67.83373626373626
9.80495249896737
79.87425925925926
11.858082191780824
21.687460317460317
44.772764227642284
136.09111111111113
129.18846153846152
10.634369602763385
22.877606837606837
71.29042553191489
24.95564180006041
36.820980392156855
49.08333333333333
68.29594594594595
4.710102813852814
9.234545454545458
43.09051282051283
20.510616570327553
14.07494186046512
8.403530516431925
27.994140127388537
51.33338028169014
29.873224043715847
32.99383693045564
10.796936936936937
14.238485981308411
81.36545454545454
38.95212314225053
202.2670093457944
10.320836120401339
8.415638945233265
18.677269447929735
87.74000000000001
6.176912442396315
44.40162393162393
74.36441624365482
104.09964028776979
43.208
107.93099290780141
23.08765765765766
62.011206096752815
38.99814814814815
117.70824088748017
8.55766118274789
13.34118526622903
13.807051571192307
4.273349983349984
6.108315640481248
7.398238482384826
46.43635627530364
98.64509727626458
40.10792452830189
5.699428571428573
10.3
86.7031101511879
113.02665551839465
90.87228511530398
16.801884570082454
14.428077045526905
12.404798534798534
15.806334776334776
74.49834170854271
38.29045307443366
35.76108108108107
13.815285913528594
40.25462962962963
36.49666666666667
33.84513381995133
112.75
109.3396551724138
42.500865800865796
22.915348837209304
21.826472222222225
49.17723320158103
15.649895833333332
82.50123287671232
22.11294573643411
63.44764705882352
16.845454545454547
22.34251282051282
25.975691056910566
74.12230769230769
37.39989949748744
55.10916666666667
98.84253731343284
26.482056022408965
14.257350427350428
38.79083743842365
66.67
128.66479289940827
117.15269230769232
59.665541401273885
25.453818770226537
17.866801801801802
13.034411764705883
50.77318007662835
52.501641791044776
12.926158445440958
15.407777777777781
70.81152173913043
102.54340659340659
27.793085880640465
30.910065359477127
45.828048780487805
84.01660714285714
23.617878787878784
137.06732590529248
20.514696969696974
9.800377104377105
61.5159756097561
106.27642857142857
12.03857142857143
19.098940886699513
48.11626459143969
71.77603174603175
37.77526315789474
22.00018181818182
19.802312775330396
19.43057692307693
14.891325611325612
38.786893203883494
71.33086021505378
19.884762589928062
14.984285714285718
55.103299663299666
19.933333333333334
79.88714285714285
54.37166666666667
60.68358024691358
146.89102564102564
109.83123711340205
25.49151515151515
20.395044247787613
21.461536926147705
36.42036303630363
62.48731707317073
20.896887661141808
25.956571879936806
85.22377777777777
35.08103626943006
18.320792079207923
62.55727272727273
95.0136507936508
71.65901098901098
9.929621621621624
28.474848484848483
73.00578947368422
43.150000000000006
117.69415584415586
10.378847743916843
24.15604166666667
6.511307189542485
27.289064748201444
26.20507462686567
3.546850961538464
10.690748031496064
38.55627450980391
18.30184710351377
18.52186351706037
69.30075268817205
16.90769271664009
45.93365942028986
12.532558107167713
9.531405458612976
10.92613182379252
4.227331145747883
19.894000000000002
18.176600047585058
50.209386430678464
51.18705882352941
15.346518569150145
37.73448717948719
122.46373801916931
146.3657326478149
5.60698312236287
55.16047619047619
82.7946511627907
41.83888888888889
27.219682274247493
63.16999999999999
98.6524427480916
49.301282051282044
64.72581395348837
132.04413105413104
50.716630036630036
78.97905437352246
113.43533333333332
75.62792079207921
60.87661202185792
105.81285714285714
103.83214285714286
44.57703196347032
124.96457831325301
73.70962025316456
111.02999999999999
94.14726907630522
56.16880794701987
47.85000000000001
15.934761904761906
186.05591093117408
143.19251308900522
8.40713423831071
5.401841085271318
85.06636363636363
96.94844961240311
7.371622971285895
61.5187784679089
154.0246210268949
122.34974921630095
17.130263374485597
111.9034693877551
35.89623488773748
58.596666666666664
76.59802469135802
16.378018841784428
91.64721518987342
103.81296028880867
78.0414563106796
40.57176100628931
204.4073752310536
162.30935185185186
1.9161490902667389
80.7677990430622
6.3489473684210544
63.14790697674418
124.21819277108432
24.829220532319393
57.589215686274514
10.863745454545455
40.71892776523703
68.5320320855615
32.457441860465124
64.26298507462687
71.85351648351647
80.96685185185184
61.22817073170731
82.05877828054298
55.41890510948906
54.55917808219178
53.434625850340126
114.02013157894737
106.84304964539007
14.88587301587302
90.11416666666666
27.956691729323314
53.16848920863309
8.39360925356949
41.50831831831832
8.822391138273492
11.480877021068107
7.477041564792177
171.69776053215077
63.00809968847352
86.52805309734512
115.05064935064937
113.36090909090908
14.957864741641338
115.67586319218242
37.19924092409241
19.076656217345874
32.6236231884058
132.49666666666667
192.22646365422398
138.1916393442623
81.52636363636363
179.07796645702305
40.81038267875125
104.92054151624549
24.689189765458426
21.67665787159191
15.202857142857145
97.59138996138996
35.91836734693878
134.485
105.03345323741007
92.26586776859504
100.77384615384615
52.016140350877194
15.756666666666671
15.154620320855617
153.772427184466
152.07307692307694
140.37670212765957
12.839654775604142
27.218963350785348
8.271303643724696
6.144354838709678
6.806065573770493
33.74928315412187
28.153784570596795
19.77535740072202
64.72581395348837
5.696507936507938
13.83864161849711
25.117622999407235
103.35097165991903
8.912851153039835
29.14534161490683
106.53985915492957
19.247564870259485
28.820666666666664
38.16721461187214
49.367293233082705
94.54181102362205
71.63947368421053
121.84296296296296
97.2827559055118
22.895118110236222
45.51858195211787
16.18125174499767
5.627395348837208
14.53803703703704
73.88025641025641
17.94417107942974
82.00538461538461
6.968788437884381
72.24291666666667
21.003080168776368
15.85197076850542
67.6037037037037
50.388208955223874
164.2411670480549
19.970606060606062
21.759672131147543
89.51051502145923
14.430247787610622
8.813076923076924
7.487800995024877
10.620000000000001
8.132273381294965
25.788684210526316
67.57439560439559
7.7867999999999995
17.993620309050772
94.82055118110236
8.414035087719299
63.787551622418874
27.31795778364116
99.39060606060606
93.04698412698413
26.935436241610734
109.21758620689656
128.80443786982246
18.856044303797464
69.8495652173913
12.392534325889166
35.06057971014492
13.877162534435264
57.4525
116.16168831168832
106.04942028985506
10.02569940146309
77.04560975609756
22.680431873479325
52.4479020979021
30.22049079754601
39.646116504854376
83.70053571428572
43.421566820276496
3.80106589147287
13.915053763440863
75.58098039215686
53.10034482758621
67.65793296089385
8.080596330275231
24.069674796747965
56.076979865771804
138.58946091644205
39.97666666666666
93.58239669421488
103.28637065637065
15.047410468319558
6.820380952380951
18.12720430107527
10.338057851239672
4.728600277373747
53.78999999999999
83.73469026548672
90.45833333333333
38.099514563106794
10.316994173196708
83.52311512415349
44.760000000000005
40.40951890034364
102.4402189781022
77.97666666666666
4.466040875912412
20.619033530571993
89.60586497890296
41.81306306306307
13.696552949538027
17.46402640264027
46.81010934393639
5.922860104486279
25.464453674121405
40.352420091324205
30.853410404624274
49.10235142118863
143.18895013123358
131.36771428571427
102.17294117647059
91.284693877551
4.821051606621229
46.632295081967214
36.18723918575064
14.367971014492756
264.10896995708157
24.66402985074627
93.41412955465587
7.639374407582938
49.5608291032149
50.66090909090909
110.02999999999999
110.58999999999999
24.645238095238103
86.84452991452991
7.536677740863791
43.09086956521739
33.87574468085107
123.88410334346503
107.71113074204948
27.98718390804598
15.549668141592921
5.385900985945039
80.56559633027523
52.42030303030302
36.947192982456144
9.223529495380244
81.4190909090909
33.239999999999995
115.0116393442623
12.665362622036266
34.524362745098045
10.230701754385965
92.520081300813
160.13326923076923
6.328082797427651
15.13151515151515
22.119125
43.03655172413794
102.19293436293437
36.05657748049053
105.07589928057554
93.806
31.80666666666667
8.308414360508603
12.920000000000002
106.97360568383658
116.8673941368078
108.94971830985915
5.557924528301889
5.093193193193194
11.008571428571429
11.064285714285717
76.62072164948454
10.475791245791246
70.58978835978837
74.65910994764397
6.6132693393563
14.791266598569973
87.04623931623931
38.53696682464455
104.43966542750928
71.0140837696335
71.77173611111112
118.05287539936103
2.8938761662425776
12.638318147304481
36.49089485458613
45.92485596707819
54.058085106382975
43.98846846846847
16.68868686868687
141.8333426183844
10.57752397067118
63.27212827988339
81.60640552995392
87.24912280701754
108.27802867383512
16.35370396600567
90.95
9.486002949852509
59.10184713375796
15.863182957393487
21.770799999999998
3.508551165146912
57.19391891891891
24.644652014652014
110.64534246575343
40.433242009132414
69.1563829787234
152.46635467980295
47.7692
46.41843137254902
12.475735607675905
26.07367601246106
22.78731884057971
92.50643724696356
14.832
100.1290977443609
10.44848484848485
6.423015873015874
4.017712264150944
12.350481695568401
35.40782178217822
90.70416666666667
36.992138728323695
16.790450450450454
100.51567164179104
28.34985119047619
13.52259200758174
9.237285067873305
8.252287581699346
91.65374233128834
3.760295817749064
29.338552845528458
40.24139784946237
9.718486590038314
11.429178743961351
8.026850574712647
113.52852348993287
9.521502757352945
86.32170305676856
20.174761904761912
117.29888178913737
3.0725667828106857
18.314472573839662
20.019233082706766
11.675188612099646
7.9427536231884055
8.07265306122449
18.92571300448431
191.415068762279
7.04379188712522
21.662552742616032
9.735151515151514
109.82723183391005
8.184056372549023
5.3703115078624
28.7055900621118
10.28930434782609
55.68277777777777
107.35725978647687
99.83757575757576
12.24776539589443
43.478484848484854
26.597473498233217
39.108333333333334
111.09626262626263
88.23655462184874
88.29
4.845049944506105
111.6154295532646
6.087861747851004
57.607948717948716
134.59666666666666
13.366421568627452
54.40337837837838
77.83191387559809
58.54783171521035
6.785884353741498
144.6497916666667
158.6195238095238
16.893043062200956
109.59465753424658
49.67781954887218
17.38761904761905
110.56364864864865
3.2691304347826105
72.75835051546392
3.766594676042189
7.616764705882357
22.863333333333333
92.41196721311475
50.15605042016807
77.57596153846154
154.07246913580246
67.78567567567566
19.46698113207547
140.22304812834224
55.569452054794525
6.288402877697841
97.98362549800797
20.27650746268657
5.413582998416757
29.55854166666666
34.61112745098039
28.788581560283685
76.43757281553398
7.709170653907499
26.881351351351352
24.858461538461537
43.83154863078376
41.401851851851845
17.684798534798535
40.92522123893805
63.90674486803519
10.7166451195863
82.85065439672802
42.60981651376147
79.77566037735849
9.83502901353965
85.55358744394618
22.378529411764706
41.3400956937799
49.275303030303036
54.15707482993197
63.99094674556213
69.21274238227147
11.095536437246967
79.17232558139534
100.67044280442805
17.738376068376073
82.27727272727272
111.51947735191638
6.97432098765432
70.0814606741573
116.69568690095846
58.00684210526316
96.90450980392157
23.080985130111525
81.73841628959276
64.23098159509202
76.49807692307692
65.63988764044944
70.21094240837695
83.70053571428572
22.099733333333337
46.13725806451613
17.437511737089206
32.838292682926834
120.575625
42.49714285714286
36.452
61.39190860215054
116.02326732673268
21.213179634966384
69.34468085106383
8.02753982021763
67.16460674157304
15.595749999999999
96.48609375
104.33377224199288
49.28746268656717
122.49771159874606
10.980378510378511
13.912425516999651
94.48674796747967
55.35499999999999
100.98460674157303
101.13208955223881
145.63623376623377
48.512137404580145
53.413429487179485
61.2951497005988
59.77612244897959
19.482748691099477
111.87918918918919
25.306515151515153
85.43715596330276
133.33275862068965
160.80747663551404
48.786923076923074
13.141264367816095
19.531263157894738
31.62074626865672
103.59996389891697
135.65395543175487
19.350745341614907
158.97844868735083
103.19175824175824
32.799890109890114
71.27656084656086
33.38064171122994
58.6869306930693
59.39341463414634
77.52714285714285
27.017555555555557
101.0
84.47
46.692918287937744
64.82881656804733
20.561228070175442
43.71067226890756
26.0513698630137
27.05385620915033
30.135384615384613
13.140270270270271
21.182307692307692
50.13359712230216
33.7292817679558
6.673516483516483
15.142668463611862
22.081666666666667
54.6387074829932
11.122246056782334
97.80691699604743
135.66060773480663
34.848924731182805
61.35144578313253
60.68374233128834
62.271212121212116
13.207452830188682
44.25
74.48939393939393
60.53895705521472
20.72861635220126
67.89857142857142
76.46613526570047
40.175565610859735
9.36238888888889
57.51209150326797
58.66692307692307
74.31356435643565
137.10835616438354
37.88576923076923
22.71693675889328
21.791904761904764
93.65592885375494
39.814615384615394
4.3700432900432915
58.26374999999999
68.13579234972678
7.577619047619049
72.48846153846154
53.18172413793104
20.396171548117156
35.43909090909091
20.519803921568627
44.702268907563024
18.22805739514349
82.44735159817351
17.116842105263164
56.26246753246754
16.684907488986784
19.828178053830232
49.85685393258427
58.55026315789473
13.330952380952382
46.47032258064516
13.803623188405801
53.91625850340135
55.60026315789473
50.23264705882353
87.39923076923077
78.64666666666666
38.82508090614887
78.51830917874395
17.747207207207207
52.97014184397163
80.58431279620854
33.21202247191012
44.02353249475891
11.196699842849661
23.398216305697336
49.291285956006774
5.702931623931626
5.967392120075047
105.98142857142858
130.4844827586207
5.052082886745268
90.4617355371901
36.249489795918365
29.716494252873563
71.63309278350515
44.37094650205762
11.386228571428571
68.88760869565218
136.96447513812154
37.03980582524272
120.57851735015774
53.795850340136056
96.73461538461538
81.52636363636363
89.24000000000001
6.863114378062768
73.76412935323383
24.198713360074056
5.442804532577906
56.98933774834437
36.01699186991871
115.42482200647248
120.84204968944098
85.28245614035087
20.806326723323895
130.65971428571427
3.529254513686663
4.4857123655914
123.19553846153846
123.304375
14.791393728222996
148.9026530612245
2.6850700648923187
145.06046632124352
36.14666666666666
50.71436823104693
101.82430711610488
87.7695744680851
17.97272146118721
27.91027397260274
16.446622950819677
136.8964835164835
69.6741018766756
105.51693140794224
92.37617886178862
75.03201005025126
106.81135231316726
127.1105882352941
127.71096096096096
25.132011560693645
123.70037037037036
146.91591836734693
56.9315112540193
22.245750915750914
42.86323144104803
144.67689295039165
35.17680365296803
18.847032053818754
22.12678431372549
16.33724294813467
77.87693069306931
102.39715328467153
63.377897897897896
77.63952380952381
52.171007194244595
143.31283464566928
109.50058823529412
130.99389684813755
109.08037542662116
58.318977635782744
82.38454545454545
24.237672514619884
133.87902506963786
116.81829581993568
94.68587301587301
94.59078431372549
59.41791798107255
120.36565217391305
144.05614173228346
90.99809917355373
58.383548387096766
16.860818565400844
21.750000000000004
101.9560294117647
21.405000000000005
100.36588014981274
28.98422222222222
113.92222591362125
9.08307385229541
6.615062695924767
52.46801418439716
14.69857142857143
48.00070866141732
10.792635355512072
38.49377358490567
61.87619047619047
75.52532338308457
45.67787401574803
46.60700787401575
114.94557003257327
8.242687500000002
66.50953488372093
16.13
48.97295880149812
74.216
93.79401673640169
20.700501872659178
38.671960784313725
51.10029411764705
53.37142857142857
88.27170212765957
22.164347826086956
41.8841628959276
39.79513761467891
44.760000000000005
58.1247770700637
59.90949367088608
3.9333889187735345
43.8503448275862
25.591428571428576
43.847851239669424
26.433146853146855
36.459306930693074
88.46071729957806
32.74797752808989
82.11636363636363
55.419122807017544
40.29156862745097
23.712213740458015
67.12054945054945
10.258074337682881
35.084385026737976
17.98904761904762
38.779629629629625
77.11752475247525
10.868637110016419
56.17444444444445
8.873703703703704
90.8644262295082
43.61151260504201
43.91173913043478
29.7228025477707
14.459059829059829
23.782843866171003
64.58860465116278
80.78211009174312
77.63952380952381
54.38285714285715
59.73534161490683
37.658846153846156
54.79925170068027
8.836734693877549
10.255406301824213
22.272478632478634
51.10029411764705
55.24616438356165
57.06466666666667
12.152299401197606
79.10773584905661
40.45571428571429
9.81298412698413
51.006296296296284
7.826318584070798
41.85201834862386
29.771904761904768
19.572293577981657
12.886954022988508
6.030026954177899
38.857339642481605
23.260793650793655
28.149149159663867
18.269202898550727
55.04006802721088
3.9302489177489193
15.291536312849164
15.19166666666667
8.603412816691506
16.324342342342344
32.727714681440446
46.66432550043517
5.8061392405063295
25.558309859154935
20.97666666666667
49.180889443059016
10.4529364548495
32.507777777777775
7.76923076923077
134.37206128133704
145.74845360824742
33.68744680851064
20.601809523809525
13.713509433962262
9.508324175824175
4.3309552845528465
7.759344262295084
9.251794019933556
23.765703883495146
22.074039175954073
107.28403508771929
14.308933333333332
15.93920205920206
44.760000000000005
16.64471428571429
35.99813471502591
11.139961685823753
39.78583610188261
8.971846846846848
66.48944751381215
108.06692307692308
7.625620399579393
21.953473684210525
82.48892857142857
14.68120481927711
8.571526104417671
23.08846153846154
25.28791011235955
29.24012578616352
8.275873015873017
101.78185185185184
40.852727272727265
135.65395543175487
9.815000000000001
27.902911392405063
36.451155778894474
92.48333333333333
27.791612903225808
7.995056936647956
123.42902140672783
49.60104089219331
8.569235074626867
20.621083844580777
88.27869565217392
9.583807692307698
11.817675438596492
86.84132743362831
3.6461538461538474
125.58820895522388
34.8537087599545
4.7702691511387165
101.67893772893773
22.04989361702128
100.65455882352941
47.929682539682545
60.544634146341465
82.38454545454545
20.603067552602436
55.96333333333334
86.01839285714286
75.868
60.97331288343558
5.592367538564723
30.789772727272723
7.851489361702132
15.442772585669783
13.79120218579235
11.670202020202023
60.834720496894406
60.46826086956521
6.527511520737331
6.58206919494345
44.75
52.67859649122806
76.66826923076924
88.75085836909872
97.54315175097275
3.4603529411764704
6.735670682730923
8.04607351712615
85.32716814159292
35.66368421052631
68.7844385026738
61.33913580246913
27.53883116883117
15.131991517610182
86.5246255506608
32.21764044943821
45.72888888888889
23.490333333333336
46.78739837398375
42.55406113537117
67.46016759776535
101.79423357664234
11.328666666666667
82.0090909090909
34.46399267399268
15.433333333333334
44.7574193548387
38.083084112149535
60.771249999999995
69.27867724867725
8.152765957446807
21.030805755395686
39.809282051282054
19.227028112449805
8.971884057971018
14.824415584415586
55.63918918918918
20.147192982456136
14.90928571428572
73.78782178217823
12.067335766423358
72.05854166666667
68.28758241758241
55.0845205479452
18.069038461538465
42.84228070175439
73.45938775510204
54.6027027027027
14.748947368421053
20.59078431372549
18.4393661971831
95.518125
82.98982378854626
28.04689708141321
43.18666666666667
6.840513661202184
17.668974358974364
61.22647058823529
30.451204819277113
33.63304812834225
101.67893772893773
25.953939393939397
87.18090128755365
72.6165306122449
10.72630434782609
51.21521739130435
34.99567567567567
40.561071428571424
7.996246085011187
47.852941176470594
18.194205607476636
12.231254355400697
9.58285714285714
7.656100386100388
35.539473684210535
2.6417900509204877
76.66826923076924
35.758316831683175
8.249194565744784
46.96798449612403
89.09
56.77191082802548
56.86260273972603
1.6278181818181814
91.12101214574898
8.776206896551724
66.4721978021978
19.88714285714286
70.46062500000001
47.60829457364342
35.44216494845361
78.4032701421801
10.096140127388534
70.29847826086956
7.020833333333332
65.6588888888889
49.64810218978103
72.36743589743588
5.935038759689924
25.306206896551725
50.57970588235294
54.54733333333333
62.31520710059171
17.429407582938392
131.25254957507084
47.742380952380955
78.65095238095238
5.048460278460279
81.09769230769231
39.63275229357798
89.77808510638297
100.48398496240601
73.60889447236181
38.93890269151139
48.733703703703696
113.59315789473683
79.33037735849057
40.35035714285715
59.60926829268293
44.1404132231405
75.75450980392156
3.7568927973199315
63.109537572254325
100.98736263736262
66.97513661202186
69.77814814814815
30.41227848101266
78.34004784688995
11.284217391304349
78.22712918660287
64.93666666666667
12.072285714285716
223.22587140439933
17.427142857142858
40.3334808259587
9.70623274161736
8.337424391309096
188.83320641282566
50.78768115942029
22.058333333333334
70.67963060686016
99.16712121212122
80.4165402843602
85.48497797356828
88.59473684210526
134.36333333333334
68.15881720430107
10.474020467836258
46.53266932270917
43.512352941176474
73.10654822335025
112.27682274247492
88.73235294117646
117.14350993377482
4.799220711297075
70.5816230366492
111.3727397260274
122.87984802431609
41.120909090909095
88.04
58.1247770700637
142.87643799472298
79.6643396226415
16.539583333333336
56.18338870431893
113.16
52.595789473684206
72.60218855218855
108.92896193771627
71.29666666666667
65.95616915422885
37.37477876106195
16.358888888888888
43.30418439716311
15.50582089552239
10.305555555555557
95.89466403162055
68.9667955801105
38.955263157894734
59.23734177215189
10.843030303030304
10.660348837209305
8.68340497260851
46.43635627530364
21.600765027322407
8.509373411689964
49.34555555555555
21.419810606060604
72.73051282051281
8.742314960629923
63.36254437869822
33.53863636363636
15.819333333333336
23.193571428571428
62.78312883435582
65.78862068965518
16.91060759493671
12.035
124.23170731707316
18.122297297297298
32.59845528455284
37.00591397849463
6.226897149938043
52.85101105845182
5.56385093167702
27.872653061224486
21.818632478632484
63.41289156626506
8.496279069767443
66.10704545454544
14.57641025641026
19.40764705882353
12.697080103359173
93.16209677419354
72.31432432432432
10.737687074829932
11.304137115839243
15.56860465116279
18.588692607003896
25.900303030303025
30.492121212121216
10.146091954022989
26.714586466165418
51.086956521739125
103.61246376811593
26.933381642512078
20.70899082568808
8.107362637362638
71.35761904761905
62.34341463414634
22.942043010752688
91.14
38.816587677725124
49.506373626373616
27.204172661870505
16.688368983957222
87.36345132743362
6.180158455776432
37.93837719298246
22.68104166666667
34.40641395908544
85.69290748898679
46.93849802371541
40.32382775119618
9.27027456647399
27.225780590717303
98.7074144486692
27.717692307692307
45.24202429149797
27.519189189189188
46.00569169960474
42.33917431192661
10.131714285714285
4.307936507936507
20.42897959183674
28.03688311688312
27.29958041958042
65.36040462427745
3.8850539918569673
14.107142857142858
39.74511387163561
33.113017031630164
56.984084507042255
18.514
19.19301075268817
31.811124260355033
63.79662576687116
9.012415169660681
7.607474600870827
78.11927536231883
83.22533632286995
18.447843518878944
43.87736842105264
116.65470588235294
105.68642857142858
71.87416666666667
23.193650793650793
83.80589285714287
58.876369426751594
59.746981132075476
21.114848484848483
68.15791208791208
22.603200000000005
58.764193548387084
44.493877551020404
19.010265700483092
97.55153846153846
4.556060606060605
77.69571428571427
28.4959381443299
19.47671686746988
4.954403669724773
50.76404580152672
39.47693779904306
5.069523809523812
25.663700305810398
42.98568965517241
28.395822784810125
140.63702702702702
14.988076923076925
62.80852348993288
95.7946875
10.819805499664657
50.593863636363636
13.643454545454546
11.294311594202899
36.49997205588822
7.139238980716254
6.249486287758348
27.681411167512696
9.097277440566515
134.08456582633053
55.386444444444436
157.52380952380952
26.522567567567567
10.372681931833139
102.55509090909091
4.023125000000004
176.4427931769723
160.23303317535547
145.5314814814815
100.80782771535581
52.91225352112676
99.02125
35.89599326599327
5.464285714285715
100.10439114391144
78.06772511848342
20.149309623430963
17.766805970149253
2.3429556650246326
16.836802721088436
74.23378109452736
60.34069182389936
75.455
57.748980891719754
7.997581967213119
90.26669421487604
104.66716312056737
88.69200873362445
10.917611524163572
69.57162162162162
72.24015544041451
58.611935483870965
31.643563218390806
4.49675585284281
96.80587786259542
0.987645716149018
4.176526994359389
8.931119293078059
14.706666666666667
4.781611893583726
37.16
46.56548387096774
40.7495067264574
2.533793103448275
3.7903854875283436
17.983612479474548
68.84508196721312
72.91205128205128
22.355380116959065
36.985670995671
73.61257425742575
13.546927152317881
-0.9573754789272026
75.38448275862069
86.88851528384279
11.682135001896096
8.95283505154639
10.688115942028986
44.05379310344827
49.857317073170734
75.73325123152709
53.18634686346863
83.96511111111111
51.74887323943662
90.49238683127572
61.82644970414201
89.27773109243697
57.40220064724919
4.011319444444446
75.17308457711442
130.1793103448276
71.84527415143603
17.720092592592597
126.16080118694362
36.73508771929825
6.715056603773586
35.757987012987016
14.508126463700233
147.60943444730077
34.25793333333334
145.77025839793282
39.50952380952381
22.291639344262297
14.91424731182796
107.30333333333333
4.783884057971012
124.40185628742515
30.416251621271076
38.9260465116279
6.839797979797979
20.79245901639344
65.54906976744186
72.80705583756345
43.97839662447258
39.591422764227644
98.82230769230769
6.55469348659004
1.113628346456693
35.92680555555556
12.879000000000001
12.516793296089386
8.128280542986428
71.68979166666668
30.48613725490196
28.38
64.57601156069363
117.4358064516129
43.90777777777778
61.05459627329192
19.46174994296145
30.390643274853804
107.24619718309859
65.69822349570201
22.0712734082397
25.007896613190727
49.95285256410256
95.3164
35.741025641025644
84.07
29.863073593073597
91.46358024691358
9.982831168831172
2.2693170953790123
12.728552631578946
17.87646596858639
11.955400000000001
8.469466824644552
38.15981132075471
15.812360616844604
50.82850746268656
6.598477237048666
39.24531400966184
49.82036496350365
160.55525821596243
15.899117117117118
10.104000000000003
30.78771101573677
11.467575757575759
13.768095238095238
20.861428571428572
7.475481432796581
22.389747899159662
8.690053085600535
4.125286478227654
8.149761904761906
3.3605072463768124
8.00470588235294
37.16803921568628
73.10654822335025
17.04716894977169
39.4969306930693
7.308809523809526
7.646415701415702
43.64426778242678
46.235
46.55546875
22.848661417322834
18.624234234234233
12.03730434782609
3.271730078966261
5.2610089910089926
26.021578947368422
23.287163120567374
98.32307692307691
13.356666666666666
29.74012658227848
61.8420245398773
28.6483908045977
7.29403712296984
5.199302721088436
6.128285024154589
8.221742051052395
18.982684729064044
65.13744186046512
47.979090909090914
75.83237623762376
69.0656043956044
18.88523255813954
57.82414012738853
7.0481653640477155
6.306011904761906
18.42660297239915
0.3842559706062474
25.81740399385561
50.87461538461538
9.947222222222226
17.291666666666668
18.05555555555556
186.61369168356998
18.762573839662448
10.587666666666667
92.48877551020408
44.219565217391306
10.321617834394903
27.666417033773865
33.92760869565218
39.32592592592593
24.91714285714286
103.31318840579709
62.051785714285714
10.228423645320198
53.79805555555555
14.318910256410255
108.11896551724138
9.425378256963167
17.13752688172043
76.94136253041363
32.87737463126844
19.242962962962967
60.10180124223602
17.066184721622793
20.826657534246575
78.14523809523808
35.391769751693005
17.412420600858372
9.58477886977887
34.89786802030457
14.5825
101.76382899628253
11.520876383763838
4.935352941176472
79.11744186046512
12.52312679288583
15.573506493506493
31.1980985915493
9.714360587002094
63.013431952662714
16.706170212765958
42.475217391304355
44.79951807228916
106.70538461538462
71.16489361702128
170.22555555555556
14.851784776902889
60.65075528700906
5.990363636363639
34.00752808988764
33.62372093023255
102.69861313868614
16.095606060606062
28.017106918238998
18.469620553359686
62.15714285714286
7.473466533466532
105.5935587188612
37.882525252525255
19.079074074074075
10.728140495867773
42.98965811965812
12.8625
60.46523076923077
114.79182410423454
87.26744680851064
50.954050179211464
88.20606837606837
128.19166172106824
21.316470588235294
22.7172131147541
7.973492063492063
99.27615384615385
58.402
93.57536585365854
10.435478723404255
12.688544474393531
77.93228855721392
49.50015209125475
41.603636363636355
139.07817438692098
63.10058823529411
19.297039800995027
15.122063492063493
59.37591194968553
45.65253012048193
7.847424936386769
14.604072262972018
48.106793893129776
62.99097560975609
10.168596491228072
56.86096774193548
39.19464114832536
10.940358974358976
62.73414201183432
9.443070811744388
16.22321858864028
20.826545064377687
95.76285714285714
79.62532710280374
99.19477611940299
10.877500000000001
21.78015748031496
75.691
15.475271889400926
49.502977099236645
63.05746987951807
27.164583333333336
42.596666666666664
10.369583333333335
76.24128712871287
5.449169719169721
5.708303030303032
37.283725490196076
6.8547311827957
103.41361623616237
7.345311355311356
27.175555555555558
6.661666666666665
26.06904761904762
9.248882947118243
52.50353790613718
179.1931289640592
57.25857142857143
10.994726368159203
57.74367088607595
83.11950672645739
17.1267577092511
128.30918128654972
3.5061187728679997
28.026
111.61757679180887
111.30142857142857
85.43892857142858
43.91
19.59649572649573
32.757988826815634
124.57850299401198
38.10875139353401
21.710440251572326
7.287579787234044
55.52261744966442
123.86204892966362
163.1358275058275
2.8331239935587753
47.674800000000005
106.3409219858156
35.94846938775511
31.13978260869565
104.39676258992806
96.53303501945524
86.43173913043478
30.34518927444795
40.86746031746031
4.777995495495496
102.97564102564101
19.64791666666667
84.96155555555555
34.82526315789474
13.53903023983316
24.943382436260624
149.23759493670886
27.973030303030303
124.18454545454546
78.16199524940617
98.00229571984435
179.9375
109.78515151515151
23.65258064516129
32.31169515669515
16.84066897347174
58.77255747126436
28.572766251728904
132.14897727272725
54.014089347079036
7.157410852713181
122.57830769230767
39.5341533180778
12.039768211920531
6.861690962099129
121.87260061919503
19.75854166666667
70.71465608465608
82.0958064516129
53.507241379310344
61.92071216617211
46.514094488188974
24.72984639016897
10.266929292929294
113.45179401993354
11.77490418118467
11.796804532577905
154.65184538653367
29.82822434367542
15.632563081009298
73.09816326530613
114.1753947368421
95.74764705882353
7.7593939393939415
49.502977099236645
79.35893203883495
74.36441624365482
57.317741935483866
17.669080459770118
12.403763975155282
101.16999999999999
36.80767337807606
18.357373737373738
60.55484848484849
51.878098859315585
14.79888679245283
131.3685590778098
84.96515418502203
7.758055964653902
123.71969696969697
31.00155913978495
75.0309756097561
35.8637899543379
64.19342857142857
16.35596350689809
16.334722222222226
44.79459016393443
80.39728971962617
8.593333333333334
32.456410256410265
32.33979452054794
16.346
75.8647572815534
57.598442503639006
212.45482269503546
29.660134575569362
164.35827586206898
48.419832893579596
104.66692998204667
33.38849570200573
30.00331288343558
95.56818181818181
38.23814496314496
149.38696202531645
23.21523057078362
106.5545588235294
36.04378109452736
125.85666666666668
6.926829131652664
32.71755555555556
57.76856540084388
15.892477911646584
96.49108527131783
7.482735562310033
48.63385336743393
36.05881773399015
54.14976430976431
3.9711991869918712
14.178087431693992
121.38015384615383
91.07510288065843
97.4804347826087
30.853410404624274
127.55480938416423
23.607425287356318
33.74099360341151
30.476510339734123
21.087862318840582
66.12235294117647
49.2239852398524
28.194871794871798
5.758120042872456
18.178412698412703
113.28263157894736
20.027657378740972
63.41381877022654
23.1696
34.43328630705395
83.70053571428572
2.9845945945945935
29.36619047619048
13.986762629005977
17.037505330490408
46.19018115942029
7.8088235294117645
12.242933363865355
13.659444444444443
34.60275058275059
10.460461625601813
71.59417582417582
79.55104408352668
69.21956403269755
11.047435897435896
24.794679715302497
56.22131578947368
8.105300207039338
35.68804239401496
9.847581468394186
33.16362110311751
19.557829977628632
21.7481981981982
24.823809523809526
26.71115217391304
8.545347448425627
115.4057281553398
51.25010752688172
17.919923857868024
102.87087591240876
180.71810020876828
167.34846846846847
19.868441558441557
31.96049868766404
26.527048128342248
164.77772727272725
51.2269372693727
20.92948434622468
35.57042553191489
76.89367149758453
14.647729941291587
78.8195238095238
38.68414270500533
25.198095238095238
36.616168831168835
157.0915751789976
15.974298245614037
24.003608058608055
81.97293577981651
176.42008547008547
17.28184126984127
4.541693901952971
1.5251050228310525
115.32227722772276
182.36783231083842
35.366560846560844
116.67524590163936
11.35873156342183
4.584476643598617
1.9726666666666688
13.637407407407405
44.55844036697248
7.141655844155846
66.22567901234568
75.79343234323433
121.12875
178.99882352941177
17.77009677419355
26.846843657817107
50.344179104477604
92.5369387755102
93.3524193548387
60.56333333333333
14.4135261707989
67.60333333333334
11.583568075117373
7.200735930735934
35.59422680412371
39.867488584474884
55.400000000000006
65.60637426900584
52.10714285714286
64.565
6.2802385321100935
12.130547112462008
74.511
12.426467101363368
29.925917159763312
32.216373626373624
86.74844155844156
17.417517730496453
26.601343283582093
63.92803468208092
4.853828647925031
82.96303571428572
89.77
44.484959349593495
12.290061162079514
57.434967320261435
109.09166666666667
46.24396825396826
28.174579439252344
4.407388888888889
165.00238532110092
29.78036585365854
32.909356725146196
31.56115695067265
23.480504201680677
91.78583333333333
56.65323529411765
61.63578313253012
62.492893081761
70.95631578947368
77.14274509803921
31.467283236994216
87.20818181818181
84.82225225225226
65.75867469879518
55.322112676056335
80.7639534883721
46.49959349593496
77.21086124401914
21.465641025641023
33.15755386565273
63.05787878787879
62.0006329113924
70.4010497237569
46.56548387096774
3.1059341445955617
59.815030674846625
129.2158064516129
64.70929824561404
32.33060606060606
44.732608695652175
97.32461538461538
29.35982456140351
51.97514647664292
211.4494671403197
14.190788177339904
42.74715586690017
140.35
154.31243902439024
3.898586206896553
14.691875
82.11144144144144
3.390510613884107
17.302087912087917
114.19290429042903
21.855199222546158
54.146855345911945
44.22763948497854
44.37769797421731
47.86808988764045
28.292356321839083
47.735108225108235
19.36474809160305
132.48420454545453
21.609062209842154
8.449444444444445
12.376820388349515
15.930392670157069
118.02158576051781
97.58574144486691
30.78356679636835
3.0514743589743603
122.2255828220859
129.98290697674418
22.720693739424707
138.3065122615804
141.19265957446808
41.30225274725275
35.824375
20.334336468129575
128.8111764705882
89.22916666666667
145.1107291666667
50.03597014925373
93.65913385826771
113.05976744186046
24.307737609329447
24.14430485762144
93.71926829268293
86.6428205128205
141.94153439153442
85.06272727272727
31.50666666666667
44.33545454545455
95.34142857142858
10.098614431164233
48.89918215613383
18.02861728395062
127.12869822485206
90.40916666666666
101.5723880597015
134.9766666666667
120.84204968944098
94.91470588235295
133.13760563380282
4.589189825718325
80.43701095461658
51.32664185277089
48.91772727272728
21.285789473684208
14.082708333333333
13.138131868131872
30.944666666666667
49.80442418426104
133.41247191011237
49.62529411764706
137.77005540166206
8.74328605200946
131.366091954023
16.400593607305932
10.530714285714286
58.96397260273973
113.54880794701987
21.74440147329651
74.42979797979797
48.696153846153834
141.66098143236073
21.530000000000005
12.432523825172531
25.143448275862074
71.47798449612404
63.30702702702703
8.388937245313773
87.61430379746835
54.635714285714286
45.75533333333334
133.76915492957747
47.9284496124031
72.1879057591623
47.53514170040485
5.021692307692309
17.43505610972569
72.43502617801046
8.43695652173913
15.28488888888889
63.19116959064327
5.121383846356224
8.406821705426356
140.20279569892475
112.66972508591064
8.359230769230773
30.954111747851005
30.07570552147239
81.2257603686636
91.56073170731707
15.060675675675675
58.74312499999999
94.09987951807229
99.5081679389313
75.03201005025126
70.29847826086956
68.4820879120879
144.74451187335094
60.32167701863354
8.823385518591
15.328329214038558
63.70151515151515
16.584571428571426
17.198840579710147
92.79307692307692
54.31761904761905
128.86122807017546
76.47495049504951
32.06545454545454
161.76053613053614
74.1655860349127
81.53502369668247
12.417908045977011
7.881876247504987
23.412695035460988
17.74679166666667
34.55545576407506
50.84285714285714
131.29819484240687
20.078187134502922
89.52416666666667
55.20583892617449
35.980000000000004
35.75872340425532
114.07607260726073
54.04571428571428
114.21527687296415
23.949949526813885
7.5774509803921575
39.58769230769231
77.14274509803921
101.80254612546126
21.025638795986627
53.755087719298245
47.742380952380955
39.55534653465347
21.119927536231888
60.472682926829265
84.06378995433789
65.5851724137931
52.0812676056338
79.71722741433022
36.44111111111111
115.9221052631579
27.598918918918923
51.44333333333333
52.0495744680851
36.688709677419354
22.734912280701753
88.29
11.740321331784749
68.31486187845304
86.6428205128205
69.03852459016395
50.447956448911214
83.75448430493273
27.8572463768116
105.72857142857143
8.521162790697677
71.58873015873016
4.786029863855955
55.85622516556292
25.849090909090915
23.551340033500832
86.84955555555555
21.8242757417103
56.87211920529802
108.84730103806228
33.73968553459119
18.300388349514566
63.070238095238096
39.23447004608295
64.57128654970761
81.42255813953489
65.31390804597702
60.18124999999999
77.97307692307693
48.060769230769225
142.409945799458
97.6384375
2.4679811936288623
66.26333333333334
31.626190476190477
61.08283018867924
52.36
25.330952380952386
79.85729857819905
42.28274336283185
44.104655172413786
83.75448430493273
87.73798283261803
122.23792569659443
5.314837354693758
19.624411177644706
50.21015037593985
60.63003134796239
113.43789473684208
88.19
29.329487179487177
71.84017341040462
10.431777777777778
12.66098130841122
54.9481690140845
12.41635252278284
47.988749999999996
13.84569881382156
17.137428571428575
15.341540154015401
12.661891891891894
83.5957399103139
16.860818565400844
21.888898550724637
39.928486707566464
61.7324203821656
80.44728155339806
53.93321678321678
94.63705882352942
88.89
10.495848101265825
68.20333333333333
58.19054054054054
76.11238805970149
29.957278020378457
106.00052631578947
17.14529203539823
33.1506448801743
10.407234848484851
58.69244897959183
64.17697674418605
11.209001831501833
17.559385964912284
101.95666666666666
120.74009287925696
65.53736842105263
29.632051282051282
84.71036529680364
35.86205128205128
82.73073394495412
124.8224096385542
7.733891402714935
0.901426722145171
82.5990909090909
46.18705882352941
3.9449465240641715
60.61658536585365
98.7875572519084
11.734716981132078
71.32298429319371
97.78616858237548
17.496129032258064
86.76531914893616
73.79418848167539
5.936677595628417
50.27424124513618
131.9545325779037
12.984038322487347
39.087484276729555
4.823956792526275
68.44524861878453
40.975124378109456
30.986883116883117
13.36586756591048
6.001548926014319
76.10096153846155
7.630558823529412
25.42200803212852
25.48645111624327
131.84727272727272
94.08163346613546
104.14272727272727
137.63130790190735
40.09689922480621
76.87557213930347
45.54666666666667
56.86096774193548
231.47766233766234
0.6588552491612809
113.78986394557822
8.7337221468973
52.07758007117438
38.90692307692308
60.756134969325146
27.18439716312057
10.96144684252598
24.29716312056738
14.768809523809526
146.3138341968912
149.0142424242424
96.58058823529412
102.77275092936803
25.85201754385965
133.94310344827588
78.11927536231883
109.79264808362369
127.28127596439168
25.385209439528023
26.795434439178518
63.56070381231672
29.331456582633056
76.88245098039215
131.16264367816092
14.161875000000002
16.41269972451791
86.10991341991343
93.8144262295082
80.05396226415094
21.491568627450977
21.453595113438045
23.881067092651758
48.098656716417906
75.8621608040201
4.301851360318516
71.23111111111112
46.80587301587302
21.44435523114355
23.520601503759398
41.841428571428565
11.982294543063777
24.074166666666674
45.213140495867776
64.82881656804733
44.460689655172416
18.886094527363188
74.12230769230769
70.39628272251309
81.03170616113745
55.815359477124176
79.33461538461539
33.753333333333345
52.71907801418439
15.389242424242425
58.81820512820512
29.740361445783133
47.23161290322581
94.63472440944881
39.70277511961723
38.099514563106794
12.528282442748093
21.811981981981983
57.698387096774184
51.882198581560274
45.69386554621849
44.90058823529412
21.58074074074074
29.367337278106508
103.42956678700361
72.81947368421052
52.0812676056338
5.943626016260161
5.204817136886103
14.194224021592444
8.733470757430492
21.872339181286552
1.8728541594152475
62.87348837209302
47.5027868852459
64.89863905325444
37.98495145631068
5.914210526315792
71.45974358974358
37.52669902912622
15.827575757575758
23.9409375
38.582380952380944
10.75405982905983
42.53594594594594
9.606984304932734
42.6804347826087
41.22818181818181
44.40770491803279
63.14047619047619
61.42253012048192
17.93610328638498
53.425862068965515
54.6387074829932
65.17792899408283
162.04813084112152
16.383257525083618
23.616619883040936
11.265984990619138
86.9016883116883
9.015228964583802
16.87235532994924
47.60687258687258
7.210453108535301
42.988260869565224
57.69399999999999
48.68588235294118
32.029084507042256
51.91633093525179
79.1076923076923
3.384471544715449
13.547474954462661
128.7120359281437
5.04804748516089
65.12985422740525
29.05754820936639
12.946239316239318
14.596213197969544
38.95136150234741
39.921090342679136
91.74206477732793
41.27865470852018
56.80355263157894
107.98358885017421
8.828607138415624
3.8350213675213674
22.75802446483181
94.03518218623482
21.878860028860036
5.2165879574970475
91.16842323651451
116.1722950819672
9.76135340543701
98.03441064638783
89.50628691983123
127.68727810650887
18.300388349514566
17.595552511415523
135.3075350140056
87.81978723404255
22.660151515151515
9.051767851525636
33.729194139194135
9.208863443596272
38.87251184834123
15.790709617180209
17.19962962962963
131.90714285714284
172.49782608695654
123.88538461538462
12.808441558441558
105.75510638297871
68.51220708446867
0.359135149716753
145.25191214470286
74.43039603960396
90.60583333333334
19.060588235294116
29.398870523415983
18.54335856196784
26.76419860627178
87.15709956709956
78.56588516746412
129.60159420289855
55.48156462585034
39.44620512820512
51.51714285714286
16.194444444444446
8.303517025089608
24.248456486042695
155.55367149758453
1.9487134997884041
38.64217948717949
5.386692172804086
111.32966555183947
86.99246696035243
81.84092592592592
15.67576086956522
139.4415053763441
89.26504273504274
49.32293233082706
11.997142857142858
27.915132496513255
34.22057471264368
3.3534656943984125
93.2396
23.433709677419355
22.878602150537635
105.17613718411553
8.047052238805971
95.66920634920635
76.4307881773399
15.633486590038316
29.836799468791508
120.3175
47.69976744186047
53.3555944055944
115.96076411960132
28.675
6.359811320754719
59.12241379310345
31.9406037735849
133.89334277620398
44.275555555555556
123.34610942249239
34.00235772357725
21.5461507936508
141.94267904509283
26.382896358543423
73.51959183673469
15.684871794871796
6.044508717614466
7.292589285714289
11.606019690576655
18.211190476190477
28.018376068376067
128.77647058823527
171.8448245614035
87.77600896860986
73.82061224489796
20.549785714285715
107.65763888888888
34.05582403965305
56.005402808573535
16.63292511013216
36.724757281553394
47.0715748031496
38.15981132075471
39.2473076923077
32.294916317991635
20.971818181818183
6.280625000000004
7.611859711170055
33.32338253382534
55.18238907849829
6.522807881773399
12.219390681003585
13.148007518796991
17.073517509727626
117.33420711974111
31.472282749675745
55.403825503355705
3.1269672131147566
132.5491977077364
122.09385321100919
10.628805774278216
16.153865002311605
24.10590909090909
80.25666666666666
42.21043835616439
28.194871794871798
121.5516049382716
12.380779569892471
29.816341463414634
138.22078590785907
59.77320872274143
45.63944223107569
67.39424581005586
14.816886836027717
92.42593047034764
48.96452830188679
108.60031358885017
19.131650530198247
122.0187306501548
57.23378378378379
17.80002487562189
14.655481296758108
141.122688172043
8.90080808080808
111.78306122448978
120.98124999999999
106.66450704225352
115.76777777777778
50.423284671532855
79.92888888888888
84.85725663716813
22.634545454545457
57.10651006711409
76.19827586206897
56.7222077922078
55.78497716894978
112.32791245791246
49.85666666666667
106.50829787234042
131.56954022988506
7.194739229024943
123.75379204892965
14.025882352941178
72.18051546391752
91.85390041493775
96.71669260700389
60.59060606060606
29.542712871287126
55.79136212624584
89.20665236051502
98.6911320754717
156.54617224880383
31.954857142857147
82.65272727272726
100.39526315789473
45.48781893004116
15.28920049200492
40.824464285714285
30.450198581560276
12.879002849002848
56.8890365448505
111.85767123287673
