4.065175794455714
4.425211297557734
4.705173559561683
2.8445227502527803
5.596083333333333
4.298996950730219
2.736188667243397
3.9653646360621395
5.0441612107930425
4.461381236038719
4.711702849389416
4.971053825321597
3.9821847184833037
3.6577380952380953
4.462419227932137
3.615927873757076
3.710706305887818
3.72688989959667
3.5742960758377422
3.510766767665432
2.994278879015721
3.2758124045446078
4.069569620253164
3.1820947505584507
3.3956829268292683
3.6643917242685347
3.1889308477530185
3.227121114096167
3.4027702537871334
2.613875554196606
3.663986328631997
2.996897360703812
2.927304406779661
3.198400300931005
3.173818010254949
3.3259484126984122
3.3573953531598515
3.507631379004685
3.7528011187693533
3.192418663303909
3.019454385964912
2.830352920353982
3.7675125164690377
4.090719556459654
3.74795905707196
3.1897655502392346
3.5023556063201977
3.724260765550239
3.2236725352112674
3.523030726976225
3.4454770778756845
3.078200056290459
4.099654634562114
2.8024331550802137
3.215548216998838
3.3615704438121496
3.1897367912121917
3.2215177220230977
3.5309223571217054
3.9992296296296295
4.399336207722525
3.4960537958892717
3.4505952654939995
3.2952210798460793
3.5737208587331035
3.477349680170575
3.6684012137808533
3.5448965875370915
3.1614874908914254
3.7203331095821444
3.6286008804108585
2.9950730201434874
3.475417897091722
3.1920707716913235
3.107754736842105
3.97051954887218
3.5509149443561205
3.2212182662538695
3.0327406296851573
3.546480769230769
3.1021589115081016
2.747631862017804
3.3775812274368224
3.5103154960981047
4.052636173184357
3.038188095238095
4.596486339477753
2.877651573066745
3.4035707625707623
2.5914394831299354
3.1705028553789165
2.5946739676164174
3.396559494155968
4.110337371529922
3.14126980929358
3.086168797953964
2.993587944219523
3.350785714285714
3.637231313578063
3.107762463343108
3.61605175642699
4.675442871519623
3.3295005291005286
3.187115603977771
4.474976396538159
3.3079842028684263
3.01144131455399
4.72856522304108
4.027179487179486
3.8570314594192103
5.208318181818182
3.3841710108073744
4.322479532163742
4.4469905605134326
3.669039386139575
3.999702226027397
4.081447988077496
4.264759247960953
4.200226757369614
3.8300845771144276
4.434305823407072
4.446365144922192
4.498968667407906
3.9836639303687815
4.0100230389330385
4.317669116718447
3.6200168036418074
4.96352124785065
3.695377400468384
4.056950125042627
4.731845551378446
5.350033492822966
2.533447881451431
2.885854767184035
3.2391609195402298
3.8830414895176655
6.25911111111111
3.6261558441558437
3.2101467659959617
3.143122330097087
3.8790305450469384
3.148131007003139
3.889976438727149
3.7901532158590308
3.943446480938416
3.282181608310889
3.041504201680672
3.6127176626826025
2.8701600496277915
4.123974967061923
4.65414804892254
4.89630902652309
4.690301989319508
4.082896992481203
3.849308604815864
4.148237769328263
3.3384203413940257
3.1495576923076922
4.28610233592881
4.744128003133705
4.814354540489935
3.1791893939393936
