25.904267817509243
35.56034463894967
35.78185735080058
27.27911731843575
21.27258620689655
58.188487179487176
33.33370805369127
10.652787878787878
45.250726027397256
6.866816225575068
40.946816384180785
18.66005825242718
64.11648036951502
14.845189320388346
7.961807692307692
15.708989247311829
47.78643396226414
6.881521303258145
14.087062761506274
30.009897435897432
67.53217204301075
8.585481481481482
16.880749999999995
15.804567357512953
24.85877215189873
12.527285714285714
40.238631970260215
43.54250684931506
29.589811688311684
60.19788461538461
20.46812332439678
49.075194029850735
30.381517369727042
22.19339436619718
10.296516265912304
42.21731205673758
39.487870229007626
12.810839347079037
11.14623752151463
19.20243016759776
64.93979820627803
33.32325560538116
18.56642729970326
59.99557425742573
11.78597097791798
15.229608108108108
45.23658745874587
11.775970375722542
26.872726361031514
29.03955319148936
46.81019047619047
46.15346964856229
15.568022727272727
41.33257142857143
48.30868098159508
11.583482103952692
9.41554854368932
46.86462025316455
44.88766666666666
43.968281786941574
13.42653846153846
33.04027726218097
13.174960352422909
43.27106896551723
18.34588095238095
55.02487096774193
64.32485388127854
49.302749244712984
51.57043181818182
16.68357537688442
10.019681765389082
33.32325560538116
43.73698293515358
58.623890274314206
9.36831847133758
58.01207692307692
61.25221153846153
36.16926446280991
42.03370422535211
19.125981012658222
36.92848979591836
48.289456193353466
12.007882352941175
29.59193603133159
52.682821529745034
33.05315981735159
5.234412639405203
18.40913636363636
10.516428571428571
56.944673469387745
49.434597014925366
36.88053012048192
45.01570198675496
4.623983100233099
63.2028545034642
34.54030434782609
8.54454199134199
41.01095620437955
35.29324137931034
29.590923076923072
38.98421875
7.0361750936329575
7.503425136612021
20.232970588235293
5.262705396208069
41.266231884057966
43.72633333333332
5.500047619047619
17.948375
57.788257069408736
24.280973684210522
35.78005063291138
5.848425675675676
31.458673469387747
51.242999999999995
94.7231472392638
71.17451546391752
50.55696428571428
9.567311415525113
15.232353383458646
89.53762684124386
24.214832342954157
95.9761522070015
102.78055932203388
11.279145565092989
36.803681818181815
67.23839737991266
52.592999999999996
17.28115550239234
67.0882422907489
9.094410256410256
62.33342718446601
37.25830158730158
18.833999999999996
10.461289940828403
15.382471751412428
56.12930919220055
26.926039358600576
6.957909090909091
16.27207920792079
34.819111111111106
23.334027027027023
31.93063106796116
7.430842921784098
24.760473684210524
33.59547511312217
16.314999999999998
26.058258064516124
28.67359574468085
21.739007633587782
45.891
7.573699274951853
9.045262249443207
21.555642857142853
7.623960919540229
39.41841245136186
27.663474860335192
19.8488064516129
6.775195035460992
53.16214285714285
5.790540908124955
47.92627244582042
