12.867715360501567
17.48975827461029
9.192005494505496
12.242011204481791
9.233922952326752
9.658324590163934
16.197306594488186
23.47687943262411
20.024105809128628
22.478338599105808
76.92981044487426
35.27913736263736
21.614974017743975
24.47468088737201
23.608920927467295
8.464416666666665
8.526875277523834
23.53335171102661
7.195014073792317
8.042625795257374
5.56359512195122
13.683478932842684
33.684238095238086
8.29342093454297
20.719437277147485
21.87462580645161
15.719918215613381
17.642335483870966
12.558640548340547
22.838568827708702
13.441668539325843
9.577568583162218
15.803730337078651
27.015576215022087
15.04228489208633
15.117001062573788
16.766510791366905
25.233519480519476
6.063877497714509
56.16997916666666
15.47997046413502
34.66473451327433
47.62416981132075
9.177063284379171
18.969467889908252
42.97243661971831
9.02403046458492
58.01967346938775
22.621059701492534
13.651982352941175
8.264779575596817
8.973779835390946
123.63476635514017
27.348020682148036
18.060514382402705
105.55045454545453
10.910765483646484
13.21490424912689
39.75492884250474
10.922264775413712
13.751188466757123
30.963577922077917
6.711963457347446
72.20686354378817
8.816285714285714
19.610518518518514
9.728943978612225
35.56034463894967
16.226112170087976
33.04951204819277
101.40625685425685
23.837954233409608
10.028620996441282
20.48931707317073
7.621708541320022
28.545988764044942
6.959909787827165
30.188778481012655
23.334732142857142
7.309254385964913
17.215515869980877
19.37185362585831
15.290344311377245
12.36318292682927
41.233977064220184
42.17598810939357
11.602648648648648
89.42152287581698
42.600629597197894
15.814553836234687
69.42040449438201
45.96657605177993
17.474704549970195
7.488429203238756
7.097507577923935
58.82499999999999
10.90038918918919
29.852648648648646
19.923100558659215
8.16651059322034
53.098947075208905
60.740496314496305
59.63187032418952
11.179760504201681
43.06328169014084
97.81613153961135
33.88296296296296
6.463713915298184
34.15022222222222
7.612291560102301
13.221876777251184
7.718606115107914
39.7180447761194
27.27911731843575
23.890825221238934
9.727138888888888
6.213580952380951
23.2301277056277
14.924778014688462
10.301166812227073
18.59526365280289
72.81804008016032
7.255891774891774
43.9835017301038
59.87408542713567
11.038585409252669
12.199182680901542
50.86676144756277
14.867004794989723
7.1166632352941175
18.051363636363632
21.891926829268286
9.236343844367015
15.19121270718232
14.677221158690175
12.990632653061224
9.51391834365325
11.84542857142857
19.459707266435984
11.3548993006993
70.29275
16.75254545454545
16.114296407185627
18.432
12.121841807909604
26.401414634146338
14.156132295719843
18.798706427015247
7.185418918918918
5.317833333333333
17.194000659630603
10.335968115942029
11.790513157894736
14.998319626168222
15.213173913043478
12.022950363196125
42.21731205673758
60.36101545117428
5.993737274220033
33.68987748851454
50.18613293051359
13.406179389312976
20.85906313131313
14.216757906215921
18.969467889908252
125.04320509849362
34.638571428571424
59.64661538461537
32.594
10.046029508196721
6.228658945532079
57.049169312169305
19.961157024793387
6.618888299440023
33.85263636363636
27.508263688760803
14.668894255210981
12.111277777777776
38.074839506172836
13.606872549019606
16.61458333333333
35.01697872340425
49.84534328358208
4.676159420289855
52.2021690140845
30.784477611940293
34.65901801801801
10.294949152542372
6.5163798008534854
7.723738783649052
94.439551342812
24.886872340425526
18.5761641337386
16.38055492692126
5.171148457350272
14.594352272727273
8.614567195767195
41.75764102564102
17.057580756013742
26.472238095238094
61.44701204819276
59.995563106796105
34.72006948640483
17.59969444444444
69.33152866242037
25.481153846153845
14.400151898734176
7.21690134175217
7.579221177944863
60.38026763990267
10.672246863496357
29.19440659340659
23.27089655172413
28.265102564102563
27.69362534818941
37.88469198312236
25.33035245901639
24.88520261437908
27.496564971751408
18.968158834244075
24.3665
9.812671436984688
17.523214285714282
8.768282069454289
52.529868794326234
59.72624570024569
13.296767048554281
6.719307692307691
46.53254838709677
12.109022727272727
104.06664730290454
13.532714285714283
20.6071164021164
37.234393442622945
27.248271844660188
24.23754141414141
39.19461423220974
9.549962441314554
15.193663051750379
26.84748221343873
17.622856716417907
9.831717770034842
11.837873015873015
14.172282808716705
7.3886312706900945
14.03064962406015
25.042905660377354
24.283126126126124
19.90614978902953
23.81083629441624
58.68673581336695
23.47017767653758
20.13312166934189
8.940607238863288
10.211800032997855
25.615391148325358
10.46171497584541
13.484303626943005
44.756980737018424
15.129555555555555
24.123110151187902
73.60825099601593
11.380881355932203
26.318338709677416
23.373124999999998
25.21912897125567
28.349508264462806
14.171399999999998
51.839181818181814
58.52899999999999
7.253589836660616
15.337585365853657
13.422672661870502
10.188220680958386
12.486663865546218
35.21731798715203
12.375144833948339
24.870376003210268
11.39298548855208
8.785235600101498
16.12998653198653
17.26139215686274
29.051600706713778
13.592289459604066
21.12658333333333
11.850819672131147
15.043141051681335
8.384532687651332
15.301297550432276
89.39292079207921
21.298098445595848
100.89654913294797
19.748627659574467
16.184029411764705
6.818835174953959
16.161681818181815
33.33610820045558
15.091688252148996
24.482113785557985
56.824585492227975
66.71369642857142
10.486335087719297
78.47942424242423
39.803117260787985
22.778914549653578
93.37034579439252
7.111916336811802
47.65122884012539
68.70385745140388
51.40342028985507
74.01940637450198
63.748999999999995
10.563731801909308
70.36001255230126
41.60730656934306
48.921164179104466
11.937944668587896
20.347778443113768
68.90349572649572
22.55688059701492
68.57813043478261
21.569452685421993
23.716642857142855
24.233677419354834
12.6882312849162
20.21903592814371
7.223353623188405
54.2847409470752
25.203325396825395
21.370042750929365
20.574740740740737
23.68339619377162
7.688250377073906
14.224272727272727
50.142350148367946
12.585177966101694
55.64144173441734
23.376848920863303
40.202422330097086
17.414955250596655
17.76771287703016
19.866391184573
20.4323125
60.16299999999999
22.52180402193784
7.514048798521257
9.515210055865921
12.734683731513082
65.0887972665148
13.820292035398229
63.76498839907192
16.83449329436038
11.520152173913043
11.230044444444443
13.126677005666567
16.909218030690536
41.246147058823524
50.160151057401805
18.891801801801797
16.475130434782606
14.829673992673992
65.05133789954337
11.429564383561642
51.82696590909091
24.794373786407764
25.209440677966096
23.031164044943818
22.079497787610617
12.145733333333332
54.63660273972602
26.20328571428571
18.747718279569888
31.26822764227642
78.13566171003717
9.50396109049021
7.695739187418086
11.210683660130718
11.765378048780487
13.886052631578947
18.204601748807626
14.958325490196076
90.54167105263157
6.276930935118051
67.83927074235807
83.91042031523642
8.885994849785408
43.537277777777774
19.876758281573494
12.393093977305789
24.290079646017695
6.144707692307691
17.13125836120401
60.62239215686274
10.337753026634383
83.15427598566308
22.838467340473674
6.365391091797935
14.105693573667711
84.65810726643598
5.400056261770244
17.009881533101044
13.132787330316743
45.25595531197301
50.104623906705534
39.12113147792706
20.04649864498645
12.705453608247423
14.932795454545454
40.89059040590406
11.46636301369863
8.004994680851063
34.22290361445783
18.66093813682678
9.675900792367399
101.71716546762589
17.124106557377047
50.09519637462235
8.200045187618194
7.283603174603174
112.26822077922077
18.120017543859646
7.949890897908979
9.159777777777776
7.656498659844054
21.364101204819274
13.899954545454545
23.407594405594402
66.7472731277533
31.322499999999994
61.9664556354916
18.0398962406015
12.425303030303029
45.728476510067104
25.552008281573492
14.37384638478859
18.340660377358486
6.081129132231405
82.1332857142857
16.891677018633537
19.101657749952565
7.861244819419774
4.830925000000001
32.8695880195599
16.16524585635359
12.944884888161482
7.9625140954351465
11.636497686632488
44.35971097770154
39.9727514619883
10.183057142857143
9.89434539865755
15.6783203539823
20.922459107806688
21.434588736681885
14.991833166833166
33.15302469135802
24.004592592592587
39.133666666666656
9.678439819004526
8.848775889121338
9.217706952566601
30.03490155440414
34.061571428571426
29.778999999999996
14.234655688622754
39.778182242990646
15.015554985337243
13.376052531041069
17.759583399209482
9.511883264686753
24.708764829396323
83.01619148936169
6.23253535283993
5.885142857142856
17.43706692759295
42.61624509803921
100.07631791907514
34.202061797752805
19.138267241379307
15.378126712328767
8.122252926421405
7.012044275123559
36.88053012048192
44.76428668941979
7.203821782178217
8.058327526132404
43.68114184397162
55.89545989304812
13.282357894736842
14.844383458646616
19.693999999999996
34.0937619047619
28.559086956521735
27.853863636363634
8.481775978407557
65.39298886414252
22.430714002828854
20.296021400778205
13.5534236869207
54.029483516483516
12.769932367149758
6.389551468939224
64.93839449541284
33.12648148148148
12.615290887850465
53.28683240223463
13.363365384615385
7.114058723980369
44.83175214408232
19.00188912133891
21.84959665427509
19.65910017331022
57.28438461538461
17.889703250478007
32.62047663551402
62.73799999999999
52.958633053221284
17.823508865248222
20.07721428571428
10.856335412667946
13.985372469635628
70.63907407407407
15.964714285714285
11.259238095238095
14.385843911917098
9.677088235294118
32.49074509803921
76.03597709923663
41.67032394366197
5.501036641221374
40.533444444444434
10.797320539419086
13.4547893081761
10.23163541268019
46.84912962962962
8.829591575091575
11.821073054331864
53.18237853107344
54.90927956989247
15.33431868131868
40.636143263757106
13.308214953271026
26.767751412429373
12.400444444444444
38.32986647173489
52.339690544412605
9.475080291970803
6.433106382978723
6.440435977731385
31.558515151515145
12.855993772241993
56.15153246753246
14.798333333333334
23.645788312666983
70.93574476987447
54.019121546961316
10.933419354838708
4.39160975609756
54.96272527472527
21.71912185238784
87.42287479131885
22.80899212598425
9.06111963979417
8.812284987277353
12.575079027355622
58.49556994818652
39.28386872586872
19.88136721991701
23.235097949886104
33.52918764568764
8.984436353319461
10.44855164117546
17.752230769230767
24.948841607565008
13.237412371134022
13.12340476190476
12.072217130387342
23.296221052631576
19.015451612903224
16.037057901907353
69.98218828451883
20.871631578947365
40.44741614906832
109.27546153846153
12.733499999999998
48.110962264150935
9.553278280542985
29.523999999999994
27.452019801980196
75.46868615984405
30.469924268502574
23.2151955852156
31.019800995024873
32.00693311582382
78.12032824427479
14.049283629441623
51.436985074626854
80.48427272727272
76.06850579150579
6.268813306631063
25.781488669950736
13.663251231527093
10.886254901960784
18.304206896551722
29.76313109243697
10.771226865671641
61.9964423076923
43.36010489510489
8.503320569464899
7.141594660194174
11.539323076923075
94.10483950617284
22.380192814371256
13.555523809523809
18.601272171253818
8.228363636363635
21.91202767527675
15.622734429266032
7.922574228675135
8.94694048104362
47.42285714285714
10.346786749482401
53.07958961593172
68.12322388059701
23.1592076372315
23.416999999999998
24.59073684210526
21.139265957446806
20.060661157024793
32.61112987012987
25.548999999999996
30.04569979716024
9.038593749999999
11.784076132930513
26.17402521008403
24.0756906354515
13.539252722063036
9.460234762140733
38.10929411764705
11.49994619205298
48.45763239875389
9.537994957983193
6.8610410790925815
24.477578947368418
5.3743333333333325
5.538614512471655
34.451583710407235
38.88537848605577
25.387749999999997
15.054737967914438
30.31966666666666
23.229965616045842
9.46300404040404
27.300652647975074
15.034534816247582
72.3610395010395
27.184034816247582
20.90444193857965
13.93207704485488
26.38830487804878
24.87786893203883
44.59297202797202
39.2538
18.24813586413586
10.45497683636814
8.215772308892355
19.48034806629834
13.991162131519273
24.282325691699604
23.755026763990262
133.01203278688524
15.104937311178245
23.036057279236275
5.5968086089494165
18.404999999999998
11.992937106918239
5.734696701846966
9.760398393574297
10.572489225857941
12.560837084673096
12.975873440285204
25.62720383275261
19.663588416988414
13.364142255892256
40.957962825278805
25.854226415094335
101.91014285714284
14.232034327964087
17.83870632279534
70.66667088607593
88.09143801652891
11.823996062992126
9.597258760107817
72.28611740890688
69.15837288135592
11.184227272727272
14.451605935875214
18.860810810810808
79.8566787658802
12.920833807626634
67.75015686274509
73.11262601626017
64.40314806378132
32.97432038834951
47.60969968051118
16.643142857142855
5.7810952380952365
7.125920459566945
20.245454545454542
13.729381347150259
50.38275659824046
9.843890322580645
63.52014691943127
23.61646827133479
5.460164480680609
9.714802299867316
29.330725352112673
39.52576470588235
55.86001652892561
14.963171905697443
47.13780952380952
8.729598434004474
15.637688590604027
12.931933333333332
20.841697368421052
31.50595121951219
51.248719298245604
9.486752709359605
51.732679886685546
6.83644906056716
44.672
62.37527400468383
51.877043478260866
15.818870558375634
11.918256892230575
35.584212765957446
9.661310606060605
35.205690476190476
8.671787878787878
20.8113220338983
10.793706507304115
42.33652112676056
53.92975342465753
12.248046908315564
24.469483870967736
48.26098470948011
32.62267647058823
29.219622015915117
13.10767880794702
30.471240641711226
57.64437974683543
43.990074074074066
19.163894736842103
30.12346202531645
6.2287436236391915
42.911873239436616
34.41824669603524
26.833238805970144
17.201367003367
5.436626984126985
66.59573127753303
7.1438767806267816
17.252168224299062
4.93151552795031
36.27953191489361
23.42659142212189
28.209205882352936
13.515929515418502
11.875900537634408
49.61453172205437
30.553708333333326
21.171374999999998
11.472293655589123
79.07645588235293
8.890924980047885
8.80716924476797
63.65764705882353
6.1826445142159425
66.72436203090507
71.94148780487805
48.9385155279503
8.263222261484099
45.466841750841745
20.983999999999995
12.050484459521407
46.26337380191693
6.691227662178703
31.937111111111108
45.577588447653426
11.508546391752578
28.637043010752684
5.553751331007895
15.998333333333333
12.820127737226276
9.846583333333333
39.18865900383141
9.539355670103092
6.918823899371068
27.102885057471262
11.817576855123674
12.28152380952381
10.168597246127366
13.424000000000001
26.36985714285714
9.698012017167382
6.1250138248847925
10.054079087452472
16.406631578947366
7.525835051546393
15.338314207650273
24.428597560975607
11.365473684210526
18.30354545454545
9.013689340101523
43.00417241379309
19.84622016460905
37.464999999999996
55.25064190981432
18.33217699115044
15.428988505747126
29.38990721649484
9.668444444444445
19.956777777777774
37.72872649572649
22.29436629213483
75.03281871345028
8.37610940117253
12.856259517426272
17.889900990099008
39.803117260787985
57.91685416666665
13.572329039812645
50.11632432432432
64.18741095890411
7.019137991436356
31.318477556109723
15.146916666666666
57.96457360406091
14.734273738872403
10.906148484848485
9.275406837606836
9.132589743589744
8.410518948556684
28.332543438077632
16.461293296089384
27.15848760330578
50.71823598820058
8.780144093686355
45.264148148148145
5.990807871349979
29.096586956521737
58.23863636363635
32.39411594202898
43.766334470989754
24.91330718954248
6.9849420289855075
38.176622047244095
48.21915170278637
24.794754180602006
6.2312113821138215
64.00665573770492
31.912784688995213
11.262443548387097
22.37508450704225
16.08303403141361
39.832218045112775
13.815309190031153
22.66065331010453
20.311349206349202
11.104791738382099
15.994333333333334
45.30254723127035
62.33342718446601
20.272170212765953
11.52384236453202
19.28927215189873
9.040213114754097
5.849301801801801
47.97952321981423
42.67872727272727
30.054591836734687
11.00447012987013
24.136580645161285
16.271714285714282
19.625642857142854
17.390157894736838
67.61433333333332
8.126079365079365
9.001021645021645
11.440964285714285
31.50595121951219
34.7499245852187
100.24887120115774
26.670587555886733
22.311877750611245
32.64396555819477
35.12496480938416
23.1617238267148
18.108507594693325
35.3747575322812
17.38435714285714
91.82663522012577
33.93002561247216
43.12279310344827
44.464889632107024
51.241482758620684
42.06928519855595
19.987516129032254
69.88938174273858
53.78638423988842
25.747409638554213
11.149208450704224
17.20692163009404
13.23682258064516
18.73696238361266
47.51993769470404
40.6986
60.21117848410758
87.86399999999999
29.548732394366194
53.7192346368715
25.980542168674695
32.79937179487179
11.057267928286853
45.547
47.81298432601881
47.696
12.88325617977528
45.8294832214765
51.682439260969964
65.78669369369368
12.128869431643626
69.15366595289079
36.58044260027662
57.63350128534704
42.59571024734982
19.508657381615595
27.263450292397657
14.498560975609756
64.17309216589861
39.93856088560885
56.29942931937172
8.894394736842106
117.53473062730626
32.30184834123222
6.16930333938801
23.043486486486483
25.332951807228913
61.676619047619035
49.647677419354835
25.536346938775505
31.52165217391304
46.65373667711599
33.33370805369127
10.849486033519552
60.914657074340525
33.421226209048356
36.44511297071129
49.989234421364976
13.617673469387755
12.098229927007297
9.638968253968253
5.5387868852459015
20.149344086021504
19.855999999999995
14.321411764705882
15.152270599707458
24.85877215189873
59.846564356435636
20.839167108753312
34.338300847457624
25.790134419551933
5.694371975019516
28.85110526315789
44.938377850162865
14.846581913499346
62.786185185185175
22.292275862068962
9.234030125523011
5.53772104519774
19.662621457489877
21.42282432432432
53.53880952380952
68.02377586206896
42.171532374100714
29.661566666666662
40.95159566787003
35.75505607476635
12.496208310249306
18.8768
4.806095238095239
73.66003992015968
68.67883870967742
21.256882022471906
23.17484353741496
21.49487992831541
21.690735294117644
74.0441493123772
47.168375
106.40461224489795
27.53138202247191
58.908526315789466
19.35702479338843
22.128188086303936
10.637743697478992
15.753051403887687
11.221036474164132
20.329037112353834
31.604743961352654
27.382157223796032
39.816114503816785
20.21869892473118
27.8268064516129
45.66166666666666
40.35983582089552
38.0202891566265
33.7861743119266
42.91985630153121
13.826559523809523
45.07596116504854
79.80961538461537
15.617765037593983
6.8534145420724375
9.928577005824632
7.051868924889543
50.781591836734684
9.985339933993398
26.985118309859153
64.86243619489558
48.565875
38.34551761252445
70.13147368421052
48.37832785602503
8.916812971342383
30.906999999999993
17.063682539682535
23.729872037914685
44.31366666666666
69.905406779661
13.84078947368421
7.8704315068493145
17.876882352941173
23.067318901303537
20.231447064989514
69.43282978723404
48.85445454545454
44.70186111111111
86.38477419354838
71.75430612244897
25.482775862068962
11.751448859934852
28.931938981868896
11.363328061911169
21.034818897637795
6.526308407118435
56.72742105263158
12.123011299435028
15.841436056838363
12.654238095238094
25.27070476575121
15.478599999999998
10.13976923076923
20.71646524064171
11.75356699669967
30.351500872600344
42.50454416961131
23.154812703583058
3.957537162162162
32.64150078988941
7.853288515406161
17.705125786163517
25.35058951965065
10.43036985125858
12.938765765765766
22.716687499999995
20.179409470752084
15.721033832976445
11.656312714776632
9.68004255319149
5.4538808484092325
34.05166820276497
31.820904761904757
10.52185922330097
31.633669421487596
16.852034686971233
61.49233333333332
28.201084745762707
48.71013249211356
24.903036144578312
63.47298834498834
21.848589680589676
22.944689655172407
9.260341754708314
27.970444903581264
23.855210526315787
16.165
26.122975308641973
53.23331460674157
8.603858649789029
40.17718320610686
8.9515
26.19195683453237
8.7768
21.705969194312793
41.9488270042194
48.95702836879432
7.261265734265734
28.742787878787873
26.19195683453237
57.73844444444444
19.415418587896248
74.32777546777547
12.787896296296296
34.513139896373055
47.69914695340501
29.276777777777774
12.41974213836478
70.12986956521739
31.619097560975607
61.2865091863517
6.584870607571979
17.55432551232551
33.06298522167487
14.724363636363636
47.00055882352941
21.31825
25.613655172413786
38.16627102803738
14.053821241050118
35.273999999999994
51.74461538461538
36.45619512195122
32.76560869565217
20.618643678160918
54.21723529411764
35.116160427807486
50.08228295819936
40.4095965665236
57.214181818181814
19.92755844875346
41.233347826086955
27.275394402035616
36.357859813084104
11.674412512218963
32.6244124386252
7.4465611789340596
50.91315511551155
35.140492665036675
18.215018939393936
51.26408496732025
31.709243202416914
64.14656435643563
54.95285365853658
31.623417475728147
31.714090909090906
46.57662897526502
39.82622222222222
50.05060188087774
15.282512820512821
9.567860735813762
62.319673469387745
4.545489065128574
52.42401840490797
54.49443478260869
49.25238436482084
30.991
52.00605825242718
55.82124198250728
24.066106334841624
23.615096573208717
65.70609828009827
19.2530325203252
23.74133333333333
74.92912368972745
41.80548936170212
11.401945945945945
13.89260861244019
14.699262536873155
22.85587993039443
12.490279283976365
19.89311246418338
60.269201792741576
19.667823684210525
16.808620078740155
11.882018660950699
66.94552631578946
5.909107903780068
51.2907181008902
10.716521056977705
43.54179661016949
20.727301075268812
16.9799649122807
54.86521857923496
9.298964457252643
40.41417293233082
9.32213664136271
32.7768995215311
11.744870967741935
6.495225490196077
5.3642
21.66117293233082
24.775804878048778
16.061408239700373
22.244822695035456
49.83224024024023
7.382512820512819
15.749120879120879
49.708522255192875
22.32984732824427
20.20161344537815
7.573245134269525
20.68930842911877
17.431012195121948
39.63823308270676
48.625245398773
13.219999999999999
11.275428571428572
51.082466472303196
33.83854794520548
15.981374762808347
6.735922053231938
8.927743136342484
11.82267803837953
8.318201107011069
7.235243872585604
9.757532794249775
5.792492800869329
8.521136363636364
10.569638135003478
10.100396193771626
14.346373028391167
7.822027957355495
26.01533766233766
7.027856488549618
9.097794007490636
7.049069264069264
7.523362284486165
22.4932378516624
17.219694736842104
12.624
6.727945561789671
6.586133719327266
17.77399303135888
7.025391070467993
12.069786460348162
7.1395655577299415
7.060548245614035
17.913592920353977
7.306344395651861
7.235410153155533
9.916010071942445
6.5792018140589565
9.191086364721802
8.355468181818182
13.8236458781362
6.478994029850746
8.617262295081966
9.316843444227006
6.703029958677686
13.416196019900497
10.423108908635223
23.327515151515147
5.614637007389163
7.766682695682695
6.629699185552408
7.280196478769048
6.865621133148311
7.735171171171171
6.8527578947368415
18.327724478178368
6.667880574865265
42.89487719298245
27.227999999999994
10.49775
30.798414141414135
7.923021280400571
10.67391317889819
8.848440743236738
5.175675286757038
6.946068965517242
7.494064599852857
7.663229586935637
6.480068792995622
10.224803501945525
40.17469144981412
5.5074096278898566
15.023597256857855
6.792789067665858
36.98114285714285
6.776611079670502
12.209128205128204
10.752128851540615
10.742802645746808
7.711104568527919
4.98449858157416
7.191934568616098
9.173060606060606
54.65927027027026
11.970134495641345
20.70759804928131
13.453314732142855
13.938367585630742
18.12158974358974
25.74592682926829
12.208379566379564
68.90723175965664
6.029725572519084
23.029844619666044
35.26247571743929
9.121150647948165
19.806816518847004
39.061152671755714
26.700996863237137
70.25126819126818
76.80735114503815
49.13620668693009
21.23569974554707
62.97583018867923
19.76931460674157
22.412477611940297
31.193008264462804
23.4970560708263
19.08825939457202
53.21128571428571
66.87079822616407
9.364775335775336
63.341884526558886
26.421047619047616
19.36165776965265
46.02223948220064
20.87950282131661
30.988333333333326
22.253732673267322
12.365315602836878
33.78952606635071
7.170825777995589
83.53250877192981
19.094565737051788
14.12435603217158
43.571958904109586
23.586727424749164
27.05140379008746
11.808629072681706
63.71354778554778
31.49721827411167
25.8941119402985
6.116874758033294
48.46354545454545
9.61243255680184
9.691712765957446
13.52342356687898
26.719163841807905
15.99186111111111
14.919698198198198
16.134465469061876
36.891853994490354
57.685601023017895
12.996376569678405
3.6116147833703924
10.770612345679012
13.898816770186334
48.05112711864406
71.01908384458078
18.842003597122297
43.90857142857142
38.262056224899595
26.58724626865671
39.967647940074905
36.05220253164556
9.848937190082644
11.469642857142857
14.737821709006926
18.485683406113534
14.700634538152611
73.47983870967741
58.154140350877185
83.64634256055362
11.946486338797813
27.496564971751408
64.44364302059496
11.337100000000001
14.042757228587014
18.016618865636538
122.73998824911867
21.402109287054405
24.22871461716937
67.0457027027027
14.487253968253967
23.583746268656714
12.327194612794612
15.584499999999998
12.60949479768786
62.3181455399061
55.27460427807486
29.61489193083573
58.592322418136014
38.379098039215684
39.218999999999994
9.961761904761904
7.312193515704154
62.969647058823526
16.701830258302582
35.46367381974248
61.86090476190475
12.857772727272726
5.814836363636363
21.32104545454545
119.25700980392155
7.153256223033521
33.8455045045045
9.26286105111591
7.7613212726138485
9.79579298245614
7.768169811320755
39.58717641325536
40.44650375939849
31.124355745721267
27.663474860335192
30.776626582278475
5.869248543051793
10.43036985125858
26.681089430894307
6.388350935828877
27.57969662921348
32.60074249605055
12.641392670157067
31.2723768115942
15.028203296703296
14.7488391198044
22.158277777777776
35.02075536480686
14.298518518518518
13.071632321041214
11.154245614035087
33.6887277904328
9.516661417322835
15.276650793650793
40.68168348623853
11.52507920792079
6.124539482415395
7.315510638297871
90.56995238095237
27.79719517102615
14.845189320388346
11.989152073732717
19.21928571428571
5.339289308176101
47.3070909090909
7.17995744680851
53.30341509433961
45.529103678929765
21.812485074626863
4.864430867912574
6.4758049298767535
5.1678693957115005
5.264945402298851
22.11035885167464
38.1186
20.365124999999995
17.50828846153846
10.177012987012986
5.807247445504087
8.73256882591093
17.25052842809364
62.67173396674584
56.90728272251308
28.23507692307692
61.53336211031174
24.229429193899776
18.923565217391303
47.19292163009404
49.03164741641337
25.485938271604937
37.872587301587295
9.913412895927602
35.39042372881355
63.912292906178486
52.43919546742209
21.003350515463918
12.557541210374639
10.4059343832021
5.243907493061979
39.561484848484845
63.88109259259258
33.08666666666666
7.961807692307692
39.468154046997384
56.15153246753246
11.642820512820514
8.230047244094488
20.669540540540535
24.096746835443035
14.082241362530413
45.634128183361625
62.23739436619718
19.14131073752711
25.695602409638553
9.487576139410187
4.588736916051984
8.084955696202531
30.84272361809045
24.427322580645157
46.44344342762062
10.109179951690821
11.009074829931972
68.5753220338983
14.769525691699604
4.9891875
10.187606825938566
57.74629949238578
26.93370588235294
13.220219704433497
21.358244274809156
11.223761904761904
15.326855597964377
32.72732284382284
26.460904833836853
13.600850241545894
9.884901960784314
51.577913043478254
22.331647058823528
69.10371186440678
44.790557046979856
27.774571428571424
20.765688311688308
23.24223529411764
13.04535714285714
8.55928730748805
12.276086135693214
49.49015662650602
27.70011111111111
5.883198132780082
14.087257575757574
23.84533333333333
14.742142330383478
15.583444444444444
50.747229885057465
15.054954545454546
53.56418803418803
11.686919191919191
23.200357142857143
31.678061224489788
24.252736514522816
6.749666340979466
51.87885552407931
11.798092537313433
25.213105263157892
30.819297843665762
9.627041666666665
23.789976359338056
33.13169863013698
37.360365853658536
26.489498929336186
31.641
21.11749569583931
4.9815759493670875
90.03974402730374
19.010420890937016
13.98529674796748
7.210073170731707
70.59281512605043
10.481916036505867
31.799609756097556
23.213390243902435
35.97347457627118
6.986989942528735
14.88119793621013
35.517146055437095
15.708989247311829
8.335227024070022
12.757735632183907
14.44423188405797
8.84736830315475
20.765782234957015
30.520630182421222
10.847348275862068
9.05338961038961
31.21767283950617
30.34478947368421
15.854810321715817
11.011637130801688
10.86906157635468
7.5009999999999994
15.416167483296212
6.264881355932204
14.475189115232592
16.04846759259259
48.807384615384606
8.346773109243697
9.706068181818182
8.46445079865904
72.3959593495935
8.646547920433996
12.757897237569061
45.068903010033445
7.838372787894331
7.377359254498714
67.20680174291938
17.33811828644501
16.33857398720682
22.067256594724217
72.92206024096384
8.877455284552845
37.63647363083164
10.504907975460123
6.7684350821409645
27.381428571428568
54.577825613079014
7.476788238817891
20.851757575757574
65.46042600896861
13.561406302974262
15.75470989761092
7.891536725525022
23.65133333333333
7.559833333333332
4.568448540706605
20.264935483870964
28.08233333333333
32.434773584905656
13.054352813852814
13.026182961692394
6.100507909045971
5.240604023399534
11.092122388059702
13.005247244094488
13.32888849557522
65.77069798657718
9.611968740955138
10.685882352941176
48.379128526645765
62.38100715990453
52.25921468926553
9.656081898557469
8.69517944785276
18.475796296296295
16.63033333333333
4.733662913907285
30.548473684210524
6.42123429602888
6.874410194174757
21.382634760705287
7.849751082251082
16.357999999999997
11.451555118110237
8.356108706108705
7.931361904761905
4.628333333333334
32.23430769230769
4.4960887700104575
36.73022222222222
4.741809775840597
42.26973008849557
46.44492207792207
9.788145199063232
10.75932627865961
16.21176395939086
35.063782608695654
22.838498845265587
8.743052631578946
9.134773191094618
13.894191302652105
26.17547046843177
53.78893258426966
91.76309004739335
13.845203608247422
9.072094949494948
22.077092198581557
19.246139410187666
18.777988789237668
30.435937823834195
45.43777346278316
14.079744680851062
23.55908235294117
22.31244339622641
10.416037815126051
16.100277024249895
11.51037358490566
29.17078571428571
10.948335579514824
16.716664335664333
14.37718631178707
18.93159673024523
21.809041362530408
24.65576877934272
5.128152173913044
13.92061377752682
21.890950738916256
6.318118769697676
57.17148936170212
8.644991877687529
6.402898589065256
5.868719233746129
16.668637953091682
30.20100854700854
20.249499999999998
12.261155221669663
31.728502463054184
18.736846846846845
47.81977089783281
13.026517732049037
58.68944303797468
22.240347598253273
16.367281690140842
6.4952416570771
46.655729372937294
55.23293548387097
44.42606849315068
9.304878048780488
8.704079812206572
16.015317258883247
17.983769230769227
62.05260620525059
54.835715877437316
43.31733333333333
12.193999999999997
75.73546745562129
15.415375494071144
45.532589552238804
44.10589898989898
16.432604114713214
51.58664705882352
18.975507961783435
10.870451612903226
21.199523346303497
66.26436283185839
50.54065486725663
49.699523809523804
25.760024429967423
58.07380412371133
47.46251410658307
35.891119658119656
32.441038461538454
16.518677419354837
8.907791361043195
8.94477885235332
40.592073260073256
16.495240932642485
12.54353644859813
54.63186021505376
17.030117486338796
56.116365079365075
14.595802469135803
13.230583333333334
52.46355807365438
13.48117391304348
56.68763636363636
5.819573324022347
7.159251851851851
38.3579670781893
60.452902439024385
19.216698312236282
6.269861132782024
14.75782042253521
23.4419592760181
19.15965517241379
16.44237623762376
5.810986754497804
54.67724043715846
8.290646443514644
41.94685714285714
61.16951923076922
39.350333333333325
14.965880478087648
46.622857142857136
13.972012619888943
7.749874999999999
10.258083430913349
13.216038401253918
6.844400907403589
40.2635671641791
45.4143774834437
21.644863984674323
47.75938993710691
5.634727650727651
53.71028176795579
31.102999999999994
14.265336134453781
22.12283687943262
13.06211507936508
59.19419191919191
35.19701298701298
12.201993692564743
17.04617747440273
23.3156107055961
27.747888888888887
14.282722891566264
31.800428571428565
11.370377551020407
39.840494328922496
6.514273104265403
19.337181614349774
21.75687943262411
5.683433262711864
12.224
24.75625477707006
28.185173913043474
29.616073298429317
12.631806569343064
45.81305298013244
22.877666666666663
52.80638547486033
15.816583606557375
63.87293363844393
17.06583391812865
49.23824624624624
13.84545283018868
13.452809523809522
9.788700816629547
55.440999999999995
25.826907975460117
7.902354118993134
12.070787919463086
8.44004150943396
5.64664923857868
22.672334106728535
31.640173316708225
47.78643396226414
7.043512828313558
33.102719626168216
12.756127192982456
11.357443181818182
13.80686075949367
5.063362824006591
10.369642857142857
10.530986322188449
15.443277372262772
40.73519847328244
53.57151685393258
23.964618705035967
6.284613043478261
15.654615384615385
11.458824279007375
7.791892694063927
72.95624750499
48.96497530864197
17.34287799043062
23.60855474452554
11.61090909090909
63.613314685314684
22.99933333333333
16.67929896907216
22.891823665893266
52.04727272727272
21.403412698412694
12.794433774834436
55.43399999999999
11.251412698412699
32.723834951456304
13.506583419689118
11.021970948012232
10.918890322580646
20.252724489795913
32.55415632458234
21.3948675889328
18.09925115207373
8.197382352941176
26.29093167701863
13.325035714285715
26.512797546012266
50.117999999999995
5.226595238095237
4.774361823361824
20.979934466019415
6.451773441734417
6.351662337662338
34.742666666666665
24.356234042553186
9.952073770491802
23.861977220956717
35.36737931034482
56.53723668639053
20.861333333333327
11.560714285714285
19.46762393162393
7.699504065040649
15.461642857142856
11.720513368983957
8.569576496674056
21.493133971291865
34.248816143497756
10.884212903225807
26.548874251497
72.14457142857142
21.785039408866993
11.531166666666666
11.01640251572327
11.977704918032787
12.882913043478261
21.15778048780487
23.155165562913904
24.954298701298697
11.422033950617283
11.246927318295738
37.364064257028105
25.29485714285714
32.334572289156625
15.423224199288256
6.881521303258145
71.41767489711934
14.663186696230598
26.402216634429397
17.90217647058823
15.83539005235602
4.779453523238381
16.52701282051282
58.15176767676767
14.645088607594936
24.839663019693653
37.0084817444219
8.156233201581028
22.40747044917257
6.4831
18.52899136690647
7.165407024793389
37.00438842975206
33.80626765375854
56.65963874345549
39.96382442748091
23.467360544217684
54.522742547425466
11.823099009900988
9.366312814070351
54.91221311475409
71.828081799591
33.46374137931034
72.03512244897958
14.361090909090908
21.978014888337466
30.009897435897432
21.18355555555555
18.389659442724458
45.463650165016496
67.53217204301075
14.869075757575757
50.049071005917156
3.802949201741654
67.84247186147185
8.585481481481482
21.446507537688436
10.69948617176128
16.880749999999995
60.964778042959416
15.804567357512953
5.7442695260593535
3.8889742699766088
55.87489817232375
24.85877215189873
50.167432748538005
12.527285714285714
40.238631970260215
43.54250684931506
48.61838006230529
83.75731506849314
29.589811688311684
31.480106280193233
15.809157894736842
20.46812332439678
49.075194029850735
30.381517369727042
22.19339436619718
10.296516265912304
42.21731205673758
39.487870229007626
12.810839347079037
11.14623752151463
69.28593710691823
19.20243016759776
33.32325560538116
18.56642729970326
59.99557425742573
11.78597097791798
15.229608108108108
45.23658745874587
11.775970375722542
26.872726361031514
29.03955319148936
46.81019047619047
46.15346964856229
15.568022727272727
41.33257142857143
48.30868098159508
11.583482103952692
9.41554854368932
46.86462025316455
44.88766666666666
43.968281786941574
13.42653846153846
4.170601841196778
13.174960352422909
43.27106896551723
18.34588095238095
55.02487096774193
64.32485388127854
49.302749244712984
9.863999999999999
51.57043181818182
16.68357537688442
6.561670454545455
10.019681765389082
33.32325560538116
43.73698293515358
58.623890274314206
9.36831847133758
61.25221153846153
36.16926446280991
42.03370422535211
36.92848979591836
48.289456193353466
12.007882352941175
29.59193603133159
4.681968449044128
33.05315981735159
18.40913636363636
38.531822580645155
10.516428571428571
56.944673469387745
36.88053012048192
6.405166433566434
45.01570198675496
4.623983100233099
63.2028545034642
34.54030434782609
8.54454199134199
41.01095620437955
35.29324137931034
29.590923076923072
38.98421875
7.0361750936329575
7.503425136612021
20.232970588235293
5.262705396208069
6.15775
16.943537267080742
12.608794871794872
41.266231884057966
43.72633333333332
17.948375
11.640052615571776
21.54801503759398
15.847131067961163
35.43066666666666
49.34187804878049
48.028971962616815
47.7051473354232
19.91946234309623
31.20864621409921
20.250222222222217
52.64614285714285
55.52468085106383
28.763911504424776
17.45616439205955
35.26861135371178
59.50597029702969
40.10815064695009
7.228558620689654
35.27314893617021
8.705452614379084
49.892487804878044
38.81900386100386
47.21702614379084
46.62266666666666
54.54926373626373
11.408990881458966
6.529297271693823
42.68196402877697
47.35467711598746
8.105101317122593
51.40806267806267
55.13585106382978
38.31205511811024
48.65548012232415
14.048529411764704
26.33310794297352
25.404822085889567
23.07833333333333
46.73171698113207
12.21396264367816
34.614746781115876
29.420111111111108
18.366169278996864
57.788257069408736
14.755706703910613
6.630135416666667
72.06111340206185
31.9231256281407
11.590260869565217
20.872557613168723
7.922034482758619
28.267150537634407
26.80635928143712
29.72344214586255
18.883669014084504
12.501435309973045
5.3870622710622715
12.926029761904761
77.68636882129277
7.1401099610419365
93.31768965517242
93.99335703245748
74.6843492063492
14.218097898377225
14.903823232323232
13.678875491480996
66.08898004434589
6.975209129511677
23.15243220338983
4.664907894736841
33.25006226765799
36.09022413793103
15.260942528735631
10.173770758122743
68.66460683760684
59.605999999999995
29.227039215686272
52.58471428571428
14.78385413925019
54.842999999999996
12.261594192377496
13.015253968253967
23.78563809946714
79.59814705882353
30.803764339152117
33.967461658841934
59.81733498759304
6.327801717995408
30.99518781725888
23.581896162528214
11.413017910447762
15.28572924947393
16.061647058823528
13.276273198847262
12.073072776769509
18.435599139990444
24.630702127659568
55.34226666666666
25.05974439461883
15.656927964205817
26.098545592705165
59.96128395061728
58.63564735516373
68.67486509635974
4.991568686978207
34.49049773755656
14.718327363896847
17.284372239747633
38.50808163265305
28.08017621776504
53.5215652173913
15.310596465390278
47.181
50.105337243401756
55.02148936170212
15.33784891598916
17.41860317460317
6.208337996890961
60.364740740740736
20.26057894736842
14.030778875379939
44.095694915254235
48.88051515151514
6.962706293706292
34.89145045045044
45.0608947368421
14.809096153846154
47.191202531645565
22.25912637362637
15.363099082568807
26.600371257485026
16.982510204081628
60.27564476885644
11.379423285198556
60.66710628019323
19.10332112526539
28.706397849462363
37.70458823529412
61.34339759036144
51.21948520710058
51.627768115942025
48.19068944099378
12.746398746081505
62.58517647058823
35.39244444444444
44.36571428571428
39.18865900383141
11.510998851014936
10.990735395189002
18.578477341389725
17.219433014354063
33.54947706422018
11.864759881422923
39.1521875
24.25239726027397
13.88694171779141
10.802741914191419
18.490517621145372
6.261103791030974
19.94127956989247
52.66986363636363
19.261894428152488
5.0243330249768725
23.14559183673469
17.38701282051282
7.845872180451128
8.294128205128205
16.08978947368421
32.84777777777777
19.69690514905149
5.226251167133519
50.379840236686384
7.78071761658031
5.717214947089946
70.54954771784232
21.14494029850746
18.497338983050845
4.176587439613526
13.37035616438356
32.16401877934272
27.24149438202247
13.65
21.99647432762836
48.911411764705875
56.09704385964912
30.84784615384615
18.295858609794628
62.67112354312354
41.1783282442748
6.50061002548853
32.55840556900726
68.49922222222222
17.887222567287782
37.54566666666666
12.064458081824277
84.18198269896193
7.589421245421244
12.493863179074447
36.699666666666666
54.77122950819671
51.492999999999995
6.212390371663757
22.084722891566262
21.426701076320935
23.211081206496516
19.014940828402366
76.92981044487426
45.140809364548495
9.733106850495476
6.954450895279436
35.78005063291138
6.330164620938628
8.792442194092827
26.23871428571428
56.466130434782606
5.3601515151515144
5.848425675675676
5.885246368715084
41.63869343065693
10.87903560371517
31.48409366754617
14.179948717948717
20.534391821561336
23.348939051918734
11.965949244712991
27.61811823361823
13.5089234006734
10.077952153110047
29.535619047619043
31.458673469387747
6.637797276264591
8.114833333333333
50.70475757575757
17.338812949640285
14.790228169014084
12.766103053435113
27.691622507122503
26.66267068273092
9.093842105263159
64.38354988399071
6.211025974025974
60.74643589743589
35.31571132897603
14.877464788732395
49.362636363636355
30.04725806451613
87.32097359735974
5.860427013422818
44.92675342465753
61.20536117936117
68.48465217391305
11.186758485639686
46.03088599348534
55.957803713527845
51.77292836676217
17.13927900552486
12.559584924623113
15.212090532976392
25.39094736842105
26.984142857142853
75.26636750483559
38.9710358565737
45.059666666666665
48.48524999999999
30.565499999999993
54.660164383561636
9.30192791411043
8.423452736318408
60.916839506172835
15.331844827586204
48.34016077170418
13.553814977973568
31.422048780487803
22.958366928446768
56.04905039787798
78.58324535315984
12.683635292542508
8.269289380181602
24.996091973244145
35.1658202614379
9.999916387959866
15.874206837606836
11.099878165639971
12.908353615071283
36.006552407932006
14.14547186147186
9.801194160997733
54.059555555555555
53.725111111111104
61.26050602409638
47.16398734177215
77.60644990548204
5.837666666666667
56.50893506493506
14.152482758620687
63.73583908045976
14.69152158774373
45.881289473684205
15.390024390243902
57.57105128205127
7.175727735368955
43.79004225352112
10.568460886214442
55.06899731903485
68.47537229437229
12.102406779661015
8.410500547045952
18.642985163204745
9.70029344978166
12.051005572755416
26.44680722891566
26.446308617234465
14.188999999999998
37.447764227642274
60.99826829268292
54.19486813186813
51.985772727272725
14.603439024390243
13.444099547511312
11.451744047619046
22.14465734265734
26.42763414634146
34.9355641025641
13.5524
25.96033333333333
18.634664383561642
5.750262295081967
9.570214734950584
51.1141348973607
6.3556236308316425
39.648999999999994
53.28065909090909
10.128349680170574
57.161555555555545
36.16974468085106
11.809422690763052
81.65799999999999
13.597324324324324
45.530751633986924
63.37435294117647
28.147045454545452
48.45955873340142
6.68705504587156
16.592872268907563
24.07593333333333
16.69053096259963
34.292192139737985
9.011807294501905
27.116057142857137
9.48291654676259
76.24
54.069142061281326
48.6791842900302
16.075193817878027
49.35125222551928
13.172372389791182
24.051818181818177
8.924649789433385
27.49017647058823
59.22630612244897
16.71146022367588
9.762845454545454
4.5471944965603495
52.93677777777778
25.417841692789967
63.39258974358974
53.25747191011236
22.355985611510786
9.230750751001334
6.680846412846412
15.984363636363636
7.791568110058638
54.240891891891884
64.5010979498861
7.861000000000001
14.387266749123892
21.785090405904057
27.600318949343333
16.332988926746165
15.006507397737161
37.482723577235774
30.255833333333328
48.932636363636355
9.129916666666666
26.74345762711864
56.28857294429708
53.178934065934065
4.758990133779264
6.9928320042530565
35.90984800838574
7.478637362637363
9.417160173160173
15.926905405405405
17.858666666666664
21.2249071146245
23.11383333333333
27.93385310734463
57.96164583333332
37.7836129032258
22.149
17.976378048780486
54.45282384823848
15.579310471976399
6.989233468286098
14.731666666666667
13.7181462585034
55.02762803234501
11.571212151394421
44.153999999999996
24.89376045016077
56.553610389610384
13.930893939393938
16.80135616438356
20.47002564102564
50.24605882352941
29.702851063829783
50.30350887573964
54.656738544474386
49.83838922155688
24.19468421052631
15.325962363238512
10.862061983471074
32.95399999999999
22.695777777777774
53.28265745856353
25.840999999999998
23.651666666666664
19.60578512396694
22.337266536964975
19.328428571428567
13.373073394495414
6.605066502463055
12.529609756097559
33.99804988399072
24.134589041095886
51.83528571428571
25.830299145299144
60.67321167883211
18.539040418118464
15.57180844155844
10.96781818181818
24.436622516556287
15.270937037037037
10.58751633986928
8.185896729776246
9.031897727272726
9.484411764705882
14.778393203883493
28.8627037037037
19.572366952789697
10.885
9.620184738955825
8.391429650613786
23.365142857142853
20.19644514767932
13.197111251580276
14.293974755700326
17.28115550239234
18.633284023668637
14.315969951617008
10.575664944649446
10.001272727272726
11.17211170212766
70.82290909090909
10.85939125560538
14.30676560788609
11.643600985221674
25.81018633540372
21.939858156028365
27.307666666666663
73.20010462776659
11.462160337552742
20.956962962962958
19.284644736842104
10.229458845568434
13.041395735829434
46.98911464968152
16.32487566137566
9.190929499072356
9.6013933339075
32.69450326797385
13.130766676209563
16.872717915865895
35.93739639639639
41.39620524412297
17.80648231511254
9.29619658119658
11.097387285012285
129.00933109619686
21.944108058608055
14.718653679653679
7.225683333333334
38.8754
8.112261422787737
33.534
15.192788461538461
69.9785294117647
6.375898625429553
22.723791740412977
16.005931034482757
7.3702832116788315
51.515857142857136
50.35753665689149
44.00114675767917
38.36490421455938
34.54030434782609
61.04548076923076
49.43265861027189
47.76060567823343
18.807935483870963
7.626191891891892
9.178353213129911
39.12275862068965
20.099378661087865
22.23224460431654
45.86800653594771
33.477013824884786
14.102208990536276
60.74701941747572
61.79326291079811
35.468888888888884
48.00373291925465
20.603950980392156
10.461329479768784
10.848847457627118
6.242143062988884
36.14291983122362
32.0976213592233
40.85402189781021
34.972316239316235
46.10573462783171
67.2947292576419
37.20930612244897
23.21211920529801
50.73144606413993
16.149002793296088
37.372072874493924
34.248816143497756
34.79752631578947
42.880333333333326
49.597142857142856
28.975240947075203
9.046450632911391
18.16671428571428
41.06985873605947
9.029323099415203
7.261920192710514
25.847096509240245
45.0635274356103
8.61765934065934
15.906989655172412
7.38479365079365
20.425217391304347
64.8926742081448
7.493951066368382
7.160106971153846
7.305222329878024
34.733379277566534
43.44195319148936
29.575249999999997
62.35853554502369
70.27005439330543
42.95408362369338
106.14075720164608
33.233999999999995
8.508067912772585
36.94123206751054
42.8348509127789
10.175883804936785
6.996426100313897
27.723999999999997
8.57037380555799
10.570514802065405
62.66674074074073
5.886672837022132
7.103109674329501
27.466962546816475
40.6404887218045
5.4435
8.908534246575343
24.416456375838923
49.91563473053891
22.133382352941172
53.90145403899721
11.117037373384562
42.973843003412966
10.115816082121471
9.46636246867168
57.88804081632652
52.88975
4.180935135135135
22.2402433048433
51.67757834757834
44.324013651877124
9.550738298738299
13.593385892116181
5.998764158918005
8.326135389888602
32.79993577981651
50.28696755162241
52.54785714285713
5.376748175182481
7.35160487804878
24.875816498316496
41.51314598540145
42.2555667870036
13.067857142857143
14.337605042016806
4.2695764267990075
5.895215229704217
46.73630225080386
33.109909090909085
18.58239644970414
67.00210526315789
41.99519860627177
38.113354085603106
39.496333333333325
31.448730769230764
32.721036697247705
8.432151287309182
41.79328571428571
14.806995033860042
4.807143472641103
30.364070707070702
10.192119047619046
51.42834782608695
21.66901011560693
11.61545041322314
22.389102125693157
11.351292600135777
36.984256646216764
34.54695189003436
24.098446526508223
6.951116108415196
27.94045588235294
34.79752631578947
25.13055919003115
12.663294117647059
20.9238064516129
64.15979629629629
8.052642326732673
37.20930612244897
13.104502508361204
44.80166666666666
48.86846987951807
37.509833333333326
53.312299168975066
64.11998148148147
11.11440909090909
8.933266272189348
13.990369047619048
24.160304347826088
6.023533877995641
29.451255319148935
15.367677958236658
41.564166666666665
13.433261254019293
20.681253263707568
23.21416062176165
42.21731205673758
23.11634013605442
52.93677777777778
66.30940044742728
12.376405117270789
6.2039028475711895
59.39596009975062
18.094834975369455
36.03327800829875
64.34871264367816
17.31887872628726
61.37323300970873
8.566738164251207
8.40802541630149
17.290655900621115
38.06103225806451
57.16016577540106
27.938999999999997
59.55782716049382
13.936941176470588
31.88286538461538
53.71385245901639
8.793155172413792
78.87418518518517
8.120362240731668
24.727844051446944
64.94225058004639
12.749142857142859
5.0012502550153
11.386234872611464
9.75124481236203
8.042784194528874
11.72873872679045
40.37156043956043
57.768126903553295
51.418
19.51837678936605
6.767534246575343
8.177966501240693
6.265448116955348
33.41066554809843
9.978639024390244
31.687835748792267
67.0882422907489
53.621994459833786
38.16506451612903
28.298486449864495
7.000666540356194
15.252824093816631
7.925557422969186
74.42084569138275
7.6129872849663425
5.514308325826791
66.45128603104212
28.31872118380062
36.12977876106194
46.50076623376623
45.5247542087542
9.199327127659574
45.83479478827361
17.776369636963693
10.35744357366771
15.213173913043478
74.06104518664046
54.77122950819671
33.539909090909084
69.4301719077568
18.136785498489424
42.03823826714801
11.661266524520256
12.060011873350923
8.260428571428571
40.18039382239382
16.982510204081628
53.175666666666665
41.61469784172661
36.73785950413223
40.70746153846153
22.50062280701754
9.907793103448276
8.917747593582888
62.33342718446601
59.66795533498758
55.227340425531914
7.58384925201381
14.560614659685863
6.236679757085019
5.035790322580645
5.3743060109289615
16.880315412186377
15.019467248908295
10.637403610108302
26.740999999999996
6.577849206349207
8.97540028901734
12.278562537048014
40.26195141700404
6.580855345911949
14.646642857142856
41.94285915492957
9.975425149700598
13.208199999999998
15.799986301369861
21.33786466165413
6.743635258358662
38.176622047244095
28.62478947368421
48.54028395061728
39.09079527559055
26.468037037037035
19.80106629834254
8.339469520707304
5.230866666666666
8.363533333333333
29.657076923076918
9.03734007585335
11.370246639511201
33.71221719457013
6.0225119926199255
29.16516666666666
10.333354430379746
9.156147100424327
27.174555555555553
10.105515151515151
11.695737704918033
35.61131330472102
9.038748672566372
6.8458284023668625
38.56646341463414
4.951550607287448
51.41447126436781
28.168713450292394
10.145298722044728
26.920210914454273
20.11206382978723
9.735902109704641
29.569336120401335
11.651109554140127
8.06518640280881
26.851346228239844
66.9257559912854
21.99411812144212
14.453976781002638
47.63339318885448
15.131666666666666
6.283416666666666
9.954587301587301
40.01754545454545
59.16717293233082
29.277388601036265
10.11041625016885
10.522220319634704
56.75621220159151
29.304650684931502
35.627350877192974
16.203318007662833
16.9523536231884
40.34177186311787
25.403075949367086
20.02542139737991
42.49702898550724
30.678055555555552
16.245475409836065
53.40759002770083
9.832767326732673
15.817953795379536
37.25830158730158
56.27716710875331
29.80616216216216
52.22381231671554
54.17946049046321
9.561918175487465
11.140235543278084
48.7650487804878
15.953183687002651
47.51643260188087
13.700439834024895
42.459003584229386
6.499051327433628
15.532563782991202
35.44743435448577
7.903499999999999
48.458780185758506
27.196417933130697
19.383915407854982
21.476412213740453
8.531706959706959
11.648022222222222
13.190479865771811
57.22215665796344
43.92348275862068
50.863272189349104
49.896408284023664
6.017200874726647
13.974441558441557
8.467070175438595
17.479894080996882
35.75895278969956
5.339581239530988
8.729164173379363
10.892520569620253
24.16885382830626
29.14332608695652
12.626980441640377
21.884971910112355
15.128092818428184
43.433526132404175
6.1233922305764406
52.11345197740112
49.33657575757575
32.13936893203883
48.01810561056105
7.710904761904761
13.672466367713003
32.20995238095238
15.239588447653428
25.395855048859932
7.99067720883534
37.2729674796748
29.01431697612732
18.756999999999998
34.49049773755656
13.485241379310343
10.739595238095237
5.073821603927987
5.969945454545455
31.5338746898263
37.778522088353405
11.937029585798816
18.32050913242009
40.654245353159844
6.641500000000001
15.660824999999999
12.609486486486485
19.02724369747899
51.29901169590642
55.79818918918918
6.416824148824148
12.987479452054794
8.484136503067484
24.314468354430378
4.067479605558045
24.039527777777774
7.0562176900908895
11.793415433925048
8.611035087719298
10.327623893805308
21.25353886010362
37.058484848484845
25.982407185628738
20.642062992125982
8.758333333333333
28.480234636871504
7.420285714285713
7.136180555555555
36.5890460251046
11.51430894308943
10.929331550802138
23.46410738255033
5.37973720472441
23.992692307692305
22.85959154929577
10.682629629629629
8.658231404958677
10.50977716894977
26.090999999999998
29.834383419689114
27.115341317365264
4.456965174129352
22.570757839721253
8.137843659525187
11.441223880597015
8.450323529411765
10.554326086956522
16.145142160161505
7.509959237128591
48.66661791730474
35.01452197802197
19.068567231638415
50.3720237388724
23.40779156327543
48.646499999999996
65.13958928571428
110.7776662354463
30.8971237113402
35.917103854389715
14.227493527888914
17.237900690846285
17.447475845410626
88.66385714285713
15.733933579335792
13.721142470881862
11.495857843137253
10.294257575757575
9.223319115323854
6.470810838186882
31.823259124087585
32.97617040358744
49.87871084337349
10.26387616349656
22.848999999999997
38.51183870967741
16.750499363057322
47.73550632911392
62.32677358490565
8.672729885057471
9.844153846153846
7.20575
14.390826452599386
34.64015759637188
21.472414634146336
60.092338983050844
8.912870794734275
19.55203458213256
17.3512693498452
36.446855967078186
13.342962962962963
9.936898507462686
38.130387096774186
47.97702484472049
14.075968786127167
76.66364705882351
15.621060198300283
54.802417344173435
25.940468253968252
14.010067510548522
11.508733082706765
6.715736111111111
15.919685393258426
10.350984126984127
35.259502178649235
14.340666666666666
9.522381720430108
27.34860256410256
61.788195599022
16.23786751054852
20.625580645161286
15.726777777777778
8.465153400743237
20.825426229508192
16.180290712468192
8.188347826086957
12.788985074626865
15.105666666666666
5.403673459715639
7.136299360341152
7.893275104602511
16.563441176470587
44.00201408450704
50.16254178674351
10.916199999999998
20.030617647058822
17.234795698924728
49.08392705167173
8.572000900090009
64.6437614213198
18.347462643678156
44.23478929765886
29.34835897435897
11.033408542976938
72.67162363238512
62.10381553398057
20.78300988142292
62.966844547563795
53.61398885793871
14.56631818181818
49.434597014925366
42.74399999999999
9.832343685300208
12.673064381270903
62.360482100238656
16.319918918918916
7.276738766980145
35.86415254237288
65.36127610208815
36.77516949152542
40.9385934065934
5.4175492957746485
63.38094279176201
64.73856884875846
15.96052590673575
57.7413298969072
14.382718749999999
14.945824175824177
21.945051094890506
14.645176470588234
36.29272064777328
62.3181455399061
5.9023867387592475
51.141184971098255
11.959249999999999
6.279979790419162
21.6577750929368
39.516301158301154
5.891256418696509
31.037303030303026
16.092018716577538
24.698189768976896
12.751777777777777
41.354611940298504
31.862205128205122
7.207753627760251
38.517533596837936
26.39733333333333
30.885282828282822
17.937147058823527
24.433717948717945
54.21249315068493
12.170688735177864
28.427792349726772
19.352453781512605
13.625499999999999
11.974380952380953
20.056870967741933
13.817201646090535
17.588537216828474
7.068182763246144
6.929207860722764
34.44845181674565
20.366959349593493
6.115572963800904
16.782835365853657
15.124717821782179
17.28238834951456
13.416681271477662
81.59677797513321
11.515044470680833
7.41460606060606
16.000224113475173
18.41662295081967
7.0788472222222225
79.8375238095238
29.49974920127795
40.68776683937823
22.77703988522238
10.01823233444321
17.554707455429494
11.848330586080586
56.82166233766233
68.5870606060606
63.463037037037026
23.855770642201833
15.833932432432432
11.041215269578904
6.0055671362535765
11.769204419889503
54.72433333333333
13.490846153846153
9.782142857142857
18.6917514450867
10.264313725490195
23.61344444444444
28.27297802197802
17.048571428571428
22.311231143552305
43.08947552447552
43.689767123287666
17.708101010101007
8.675625872498836
6.770155303030302
45.21271571906354
7.573065217391305
12.062514150943395
29.187510723860587
46.5798187919463
7.8124367666232075
11.268363987138263
7.826111111111111
14.626022976501304
6.421548969072164
20.96133333333333
18.80340473441108
27.08092028985507
12.636339759036144
42.530428571428565
5.081720893141945
40.14557414448669
27.921999999999997
16.880261168384877
12.543990783410136
8.100561026936026
7.118548908160475
9.047333333333333
15.465604395604396
20.315666666666665
10.015865753424658
17.446683660933658
82.0870088495575
10.892947802197803
50.623666666666665
4.685456055734191
43.54179661016949
36.09819008264463
59.531945273631834
57.89912342569269
38.96838783269962
39.28515384615384
17.355469387755097
37.97496825396825
56.07361702127659
13.855931034482756
40.045923076923074
5.589647212543554
29.434237113402055
5.894071168903803
19.103010288065843
15.595896551724136
6.734714285714286
28.886260869565216
53.330171270718225
16.885786407766986
48.27606309148264
22.99933333333333
61.04396078431372
9.974199056199057
52.999535410764864
9.421619811842833
10.948822214460357
12.292809973045822
12.416253086419752
33.6180909090909
56.89906185567009
27.995505420054197
6.189907746895328
11.261039185436593
5.919254808409125
24.66443708609271
16.305700348432055
47.92360869565216
34.6089298245614
12.715803116147308
51.14728571428571
4.557976121141525
47.77538461538461
49.398999999999994
57.646714285714275
3.903469952036114
36.71868085106382
9.92073607305936
13.105287671232876
9.12963606557377
54.71464835164835
28.70332841823056
37.34288617886179
42.388113879003555
50.24605882352941
49.41902702702702
12.510072832369941
48.327938271604935
57.07630612244897
23.677040192926043
10.83420879120879
18.29791048034934
56.39134725848563
16.477383561643833
10.183147605856748
11.744670588235293
9.354939945404913
31.0239702970297
41.07372992700729
26.20078528528528
31.90280952380952
22.97469064748201
55.7111811023622
43.79007612456747
51.74828653295128
43.854389078498286
25.54319968051118
33.461727272727266
11.791002339181286
52.82345961002785
47.89771704180064
38.077349206349204
37.940666666666665
25.520623028391164
56.38834645669291
24.8856129032258
10.316492827004218
10.732237288135593
40.329235294117645
10.985
11.185917107093184
12.285838709677419
13.52945730247406
24.155805777166435
6.255518686305196
71.70888524590163
19.7453448275862
22.212899171270713
21.77930078247261
52.339690544412605
28.60898710865561
6.659111164198121
17.281175925925922
23.953966037735846
12.332222891566264
21.24216171003717
7.843736105860112
51.60043553008595
7.726523809523808
29.0952855227882
60.5633251231527
36.28258515283842
20.494042099792097
9.942878378378378
25.389870745542943
21.555642857142853
9.600324185248713
21.449544502617798
13.325954792043397
30.309290640394085
16.74178548895899
11.018825396825397
33.202588055130164
15.360373134328357
14.289984435797665
44.90857142857142
42.233402877697834
7.623960919540229
22.25395774647887
54.8536304347826
48.53789440993788
32.38692682926829
53.83639889196675
22.978499999999997
23.382980132450328
27.120909090909088
23.5374054054054
20.081707048458146
50.43917994100294
5.7337335834896805
54.83278021978022
40.35983582089552
8.817979087452471
13.540311488673138
55.29731746031745
13.776636363636364
22.83869863013698
38.68262745098039
8.299672292191435
11.074327586206897
6.823380239520958
43.493456445993026
75.65131249999999
49.83896636085626
14.79
39.62663636363636
19.602335341365457
8.80447207743857
58.88011557788944
19.11562775330396
45.713051282051275
5.629197492163009
13.011779351032448
32.0832676056338
46.238553054662376
57.90564556962025
33.193999999999996
45.623731404958676
26.030333333333328
7.912333333333333
9.81783820224719
8.367967479674796
26.191
33.31277981651375
28.717249999999993
23.604452054794518
21.15361538461538
24.772784313725484
33.61317857142856
10.320245398773006
35.1385652173913
6.871602297335466
40.21405128205127
10.989132978723404
44.83474999999999
25.431292682926827
33.34445454545454
23.59433333333333
26.723840490797542
5.543138297872341
7.6202828282828285
26.66484472049689
6.8026387225548905
31.324692307692303
28.263754010695184
25.645197530864195
34.32353303964757
20.072460317460315
27.663474860335192
41.10511678832116
15.276593406593406
10.975333333333332
19.8488064516129
16.649364485981305
24.5815
11.091549640287768
9.003863636363636
9.932140350877193
29.83704166666666
23.368835616438353
10.031576923076923
30.142346938775503
34.47507488986784
14.485926267281103
25.56782352941176
41.4426227106227
7.584923913043479
21.41873913043478
14.950689189189188
20.199245098039214
8.324383275261324
6.331915057915058
20.027999999999995
27.587813186813186
9.766367346938775
20.76133333333333
6.30716433121019
27.556777777777775
5.070499999999999
17.194238532110088
36.352723404255315
31.447748743718588
20.861407407407402
32.15081132075471
18.16671428571428
25.06421951219512
4.51694849246231
41.4426227106227
27.769868852459012
27.806518518518516
32.57115789473684
27.302214689265533
15.62321568627451
32.475339622641506
33.39059029345372
60.56863569682151
3.9790015744489424
10.470896654275093
12.964057720057719
65.82543243243242
24.057876993166285
90.53199678456592
22.51639906103286
35.55272413793103
43.17894444444444
68.1563803131991
48.460006269592476
11.484715909090909
71.47348979591835
25.45181818181818
23.359862068965512
58.384632911392394
23.97647191011236
8.676091791703442
21.31433333333333
13.95090511727079
11.801864085239085
86.20183561643834
18.998347826086956
46.81926045016077
20.691543859649123
71.65601639344261
45.07914765100671
67.2040316027088
29.308105820105816
30.03269072164948
18.963354077253214
23.832185121107262
5.759356011730205
52.08171264367816
48.03596296296296
7.542846103896103
19.105925072046105
15.707101123595505
13.988378113879003
59.99557425742573
13.209352941176471
23.238999999999994
55.02119999999999
45.48317449664429
7.153428571428572
9.685651327433629
13.624577235772357
22.260043478260865
46.668298701298696
11.417696850393702
9.999919083969464
48.78697859327216
38.61529961089494
7.557335698447893
11.305666666666665
57.96797435897435
54.26266846361185
23.333047835990886
32.99171830985915
38.123903614457824
18.524753894080995
34.30323008849557
16.476104895104893
42.83782698961937
11.677453627760253
42.00719133574007
17.05952369668246
21.001432270916332
13.313571428571429
4.313815423514538
39.62663636363636
32.91322274881516
6.334590336134454
51.543
43.39524657534246
7.947087011349307
44.858999999999995
34.32353303964757
28.249351648351645
34.948403508771925
52.33209604519773
38.808268398268396
28.40586021505376
33.073583140877595
72.17183299389
20.947549450549445
4.992325376884422
7.508158705701078
53.326523676880214
15.130901098901099
24.219180722891565
11.741864302761677
30.5537506596306
8.57982302771855
53.52320224719101
11.351311577311575
24.04782051282051
7.211700242450959
32.648525821596245
62.086142857142846
29.155351351351346
14.85042914979757
52.03598265895953
19.13564705882353
47.81677639751552
40.660851851851845
47.104607843137245
10.57566439909297
42.37269444444444
12.03545620437956
48.74410942249239
31.426268656716413
10.90562765229295
74.36014285714285
64.82004587155963
7.246334101382487
44.58890034364261
57.23673282442748
58.804582089552234
61.1870487804878
9.969054826254824
32.065784382284384
26.762181818181812
50.588811145510824
34.012036866359445
59.579061728395054
8.99976923076923
43.86647945205479
5.3092554112554105
7.6930860215053745
17.8233220338983
44.80628947368421
29.663715736040604
22.10198540145985
25.985190184049074
47.57008176100628
11.744670588235293
28.37114124293785
14.312674897119342
28.593960916442043
44.838802675585285
35.51565517241379
40.400115384615376
40.964964426877465
38.888230769230766
27.711641891891887
50.791083832335325
12.6314018018018
80.63152983725135
11.602203021148036
6.7546184049079745
16.029108465608463
7.098054298642534
43.92084210526315
28.128203389830503
47.420390092879245
20.578704918032784
16.723473684210525
48.629180428134546
29.51966850828729
45.372078947368415
12.083548192771085
4.9602502615062765
33.42421495327102
27.353433734939756
29.023684210526312
54.360498614958445
56.71154198473282
44.95874834437085
28.465608695652172
31.88351219512195
44.694989966555184
11.740726368159203
48.57248466257668
43.51305479452054
35.25485106382978
36.14033195020746
49.05778723404255
17.363999999999997
44.49256756756756
12.957749999999999
28.08888997214484
14.235525477707005
39.32045977011494
21.09265038684719
54.066756302521
37.956999999999994
27.990370786516852
4.923531914893617
25.697197339246117
13.677133986928103
27.547238095238093
12.425892857142857
49.363895705521465
55.64144173441734
66.54662971175165
5.30190092879257
42.64426241134751
27.555539325842695
37.47228053830227
58.46234760705289
48.94858536585365
24.030237580993518
32.373924528301885
25.158596566523602
7.482514205868654
25.974269230769227
10.044456621004565
9.488249999999999
24.259499999999996
21.984481203007512
15.35487614213198
7.457482802547771
8.463561818181818
9.120804744525547
32.67816981132075
51.05607142857143
32.849077669902904
7.594214901477832
46.72247588424437
14.74635294117647
7.357875322240449
5.34064140969163
4.3156467840459936
29.878943005181345
4.5587301587301585
11.725121369294605
6.301940404592674
18.50640789473684
38.37730808080807
52.96526760563379
29.886292929292924
23.555708520179365
13.016272727272726
58.499411764705876
10.64032
108.61859999999999
91.9261232227488
52.48792067988668
13.422450854139289
19.621536231884058
17.16800621118012
24.94948945147679
19.872898172323755
20.438981874039932
7.974277805992891
9.9132
26.77660122699386
25.954638554216864
94.9763846153846
25.32291973969631
36.564206004140786
17.236305555555553
36.36871472392638
25.941267371601203
51.17328070175438
12.603748792270531
6.334684210526316
6.767067385444744
51.52805797101449
26.872696202531642
60.0168613861386
44.175154639175254
27.843444444444444
20.934853470437016
69.40472727272727
10.542531468531468
49.45844444444444
66.83266075388026
7.1423338539632955
14.731543686803212
24.009963832658563
12.02620646020646
7.6190269397638986
58.35732030586236
46.38170491803278
68.71288503253795
74.83164912280701
15.876738007380071
14.215606882168926
9.079521158690175
15.990884615384616
6.448449917898193
29.377926444833623
19.854917298187807
38.31623809523809
20.450453586497886
10.504424603174602
7.020410774410774
14.195013698630136
17.237900690846285
9.246010989010989
18.192166666666665
31.95540284360189
34.85733333333333
15.519665502183404
53.80530939226519
6.344179245283019
28.372130434782605
9.261310606060606
61.34279805352797
28.4297492917847
17.148725552050472
28.20338538681948
6.220395246478873
36.65920164609053
59.25383582089552
44.3082602739726
25.536723926380365
7.004045981951009
16.52228571428571
6.523106896551724
6.309857312252964
21.27320300751879
6.155478511738957
43.522256055363314
33.73310234093637
71.03807017543859
59.14687064676616
70.04996265560165
44.47450519031141
55.545267605633796
8.179018966908798
5.8966971084337345
21.8290303030303
116.44095012468827
9.025788738948348
90.80963636363636
37.478401467505236
3.9379403278044944
8.308070707070707
8.388
20.477932419659734
17.095742914171655
48.17972834645669
6.028020144628099
5.292127646326277
38.581093749999994
4.446275506153235
5.984229027468448
36.37314644351464
3.9260559006211175
10.828675524475523
69.35963829787234
10.00688891217774
26.257602339181283
5.118396940784491
5.438545803782505
13.390409137055837
7.498941834451902
74.43527450980392
14.657513944223107
31.57519047619047
6.0615610859728495
6.6811864567526555
13.742628162291167
97.88256553755522
52.69364705882352
16.591910477453577
75.05576447876447
28.521781420765024
16.31449841269841
23.976555555555553
62.36532066508313
41.03056928838951
16.97011392405063
71.25927272727273
60.93947619047618
12.244877551020407
93.40809244992295
46.402153846153844
68.18552173913044
22.540478260869563
13.945972972972973
8.686473684210526
17.689513111545985
40.961588235294116
13.344663677130043
18.942286532951286
26.996739884393058
7.547572649572649
50.8025294117647
8.014553329023917
41.52163636363636
79.80936648250459
40.40717110266159
16.868118811881185
36.96107883817427
74.23292156862745
39.05031906614785
7.8436929577464785
70.76589144050104
4.922499999999999
58.16643589743589
7.7197388790035575
22.102838709677417
61.95055140186915
4.595081703107019
5.333642857142857
33.80676576576576
49.41902702702702
27.75039319470699
37.0757868852459
17.52862068965517
62.399293838862555
29.457210182767618
11.338537313432836
42.33078571428571
29.158222646310428
57.57244973544973
58.38798004987531
41.127198501872655
27.765126780626776
35.29899999999999
16.655259740259737
18.12532899022801
30.61333333333333
51.41447126436781
49.7340415430267
16.82436842105263
19.068752808988762
47.43505362776025
15.846549999999999
56.96155555555555
34.57066666666666
10.84983606557377
24.26576158940397
14.451936254980078
16.770086092715232
17.48102931596091
9.94004553789731
14.756813186813186
5.770498048399688
35.886391304347825
14.494599999999998
14.644179775280898
45.80271428571428
7.915459459459459
43.18440845070422
6.025133473764841
38.82207692307692
28.08017621776504
7.91195041322314
30.45093939393939
12.828595505617978
11.053668449197861
25.0424423076923
38.841
32.036229665071765
16.130089743589743
51.795073313782986
34.05466666666666
48.12475757575757
47.544999999999995
35.86415254237288
21.484384615384613
12.306142857142857
10.492285496183205
27.819555555555553
17.96178056426332
81.76736283185839
44.143918918918914
5.313434394772326
7.816907268170427
29.63858638743455
42.96991666666666
57.6879240506329
62.55084382284382
15.060884328358208
34.50377777777778
39.994706703910616
67.00210526315789
8.130313583815028
6.205697955390335
32.17842056074766
55.333324324324316
42.32221201413427
29.99480662983425
29.434237113402055
13.764666666666665
3.0835953177257522
16.991461538461536
54.49523287671232
21.97911111111111
33.050678733031674
11.160407407407407
11.193947945205478
32.833999999999996
7.581479059093516
19.360568273092365
10.106339552238806
11.848430459526833
30.844999999999995
20.139799999999994
14.282647239263802
23.947841628959274
44.61216501650165
31.694731707317068
13.933506622516555
66.4631321585903
59.23183458646616
65.94844543429843
75.6999449901768
6.668378881987577
35.37072573363431
40.998359550561794
19.19672413793103
12.862296296296297
14.595118194842406
34.21025112107623
8.208987012987013
34.82471861471861
66.13624608501118
12.489574829931971
7.92484112709832
11.41528205128205
13.988642857142857
9.85619207920792
9.950920245398773
11.65032429022082
14.604680668257755
43.02185714285714
17.12356435643564
65.3599306930693
34.6009099099099
43.742134751773044
9.243413258575197
18.11572222222222
44.271570957095705
37.66782539682539
33.377935483870964
6.585611678832116
26.135963855421682
15.957256528417817
17.188320261437905
59.33475369458127
56.47953403141361
18.71954302670623
20.988230769230768
37.940666666666665
50.39059523809524
10.470838016528925
19.51483333333333
19.14212160751565
15.913541309255077
45.36066666666666
15.634855354348312
20.52806916996047
76.19040227703984
31.19090849673202
35.803865591397845
4.84867493796526
61.20536117936117
48.176779141104284
23.242588857938717
12.315650793650793
13.636929616724737
13.910724296675191
15.925777220630371
9.847933333333334
25.071511777301925
44.474677966101694
19.13185714285714
8.98937446443873
19.195549295774644
37.85268085106382
10.058451934124855
14.750919413919414
34.137725058004634
41.68688405797101
64.06025059101654
9.641629829290206
64.37877777777777
44.00114675767917
17.404060606060604
4.9154297945205485
45.978714285714275
9.295503759398496
57.634405405405396
35.36720179372197
33.68996428571428
50.07930303030302
46.33323376623376
19.84112121212121
10.632388278388278
48.69840866873064
6.410871374527112
15.59648882681564
51.203059880239515
17.164240802675582
6.012476633738602
23.271713646532433
48.760678899082556
40.05921874999999
39.105424242424235
63.35270862470862
38.565799999999996
4.881850241545893
49.46026865671641
20.355999999999998
26.050559006211174
7.606193465727097
17.443224489795917
14.42111956521739
42.016856115107906
39.48533852140077
46.739248366013065
51.19089595375722
10.461329479768784
38.280669260700385
45.057802047781564
20.830117529880475
15.182087912087912
5.5781460280373825
34.79792035398229
35.28813043478261
48.33506134969324
13.26119952681388
22.985958904109587
60.91638164251207
35.41718143459915
9.913412895927602
10.730140378548896
5.584564189189189
41.316615384615375
5.026292952824694
10.804625
34.78088888888888
6.577504512635379
17.78710849772382
37.169026315789466
89.59061290322579
90.51817041800643
8.955733333333333
10.194555739058629
34.64535683297179
28.688428305400368
8.567564143094842
9.885326029798422
10.98093883161512
18.958137580299784
18.193416666666664
5.830639460652705
5.911155817813018
70.87704781704781
64.75798194130925
29.92236419753086
8.012929547088424
14.207790322580644
99.25292920353981
35.17845132743362
8.951769593956563
7.627302127659574
9.044371177209886
12.600913772455089
17.059106870229005
16.485551724137927
4.847827586206897
7.706039306358381
26.05624050632911
32.45972897196261
15.153754812563323
11.938642492917845
58.27577215189873
13.631930735930736
48.85445454545454
70.23899999999999
24.66725862068965
22.979929553264604
6.8843137254901965
29.17159788359788
12.464728110599077
4.745043446244477
30.808463917525767
12.241629154518948
20.161797324414714
50.160151057401805
50.280134110787166
52.42927118644067
27.21771203438395
28.15484615384615
24.742749999999997
25.452054517133952
17.274438295165393
20.92031343283582
6.360175992779784
53.72234065934066
7.2374577464788725
26.10874637681159
23.553841059602643
5.489986069049062
37.09323140495868
40.19938805970149
12.298764705882352
34.53460714285714
30.84784615384615
23.82459493670886
5.925141025641025
21.46583582089552
11.160407407407407
26.820605105105102
77.58826996197718
58.99474185463659
37.62628925619835
31.248075835475575
9.394395117540688
23.668999999999993
46.11956164383561
59.27494235588971
19.104432352941174
6.40851111111111
67.91957871396895
16.59053968253968
10.695708592777086
10.007708433734939
16.80271674876847
14.212022012578615
38.64876264591439
6.804838624338624
20.282932203389826
27.671043478260867
5.796346297896861
48.14584615384615
13.363488034807832
7.923524568393095
15.65753086419753
7.776368587896254
14.355164835164835
20.37207443531827
45.26035550708833
27.4358535645472
29.521686635944693
36.591912371134015
73.7299405940594
15.663098058252427
67.15726086956522
16.144356435643562
51.74828653295128
20.453941552062865
9.513038277511962
22.754728279255726
33.41122748267898
101.63307317073169
50.0322619047619
13.283669934640521
82.13179432624112
9.543142857142858
15.18275
46.98332899022801
77.3543834586466
62.96591743119265
70.86080163599182
24.838217868338557
11.268478048780487
59.03137185929648
38.90298859315589
46.86479365079365
13.705561983471073
16.130089743589743
23.006526315789472
10.362857142857143
10.914372008701957
36.50578902953586
22.715986013986008
9.783747884940778
23.051131399317402
9.630448401456901
30.4279306930693
43.537965517241375
30.715999999999994
50.22998833819241
6.12063492063492
40.27601532567049
15.72575912408759
15.465340425531915
36.238781115879824
10.659771276595745
63.79763636363636
53.72234065934066
8.77068509984639
16.0752695035461
57.30188174807198
28.489058201058196
35.229581196581194
36.755276595744675
56.22952631578947
49.23880952380952
47.00215723270439
7.1859393939393925
61.53336211031174
8.290138211382114
16.61217647058823
52.28412324929972
26.87246242774566
25.089068322981362
3.8846872586872583
5.619482292807593
6.758811350033252
42.98661591695501
12.457878787878787
38.144375
35.010865800865794
13.046383561643834
14.263490039840637
15.898488699360339
53.619863387978135
14.638480982274741
11.259210223642173
11.543521739130435
27.958760504201678
69.96419665271966
10.861333246346554
6.200387912087912
10.961858974358975
19.110521739130434
12.665224299065418
10.109605776173284
8.419881339712918
43.21175862068965
6.444701132733082
13.249538216560508
34.46552173913043
23.399048821548817
11.252029411764706
17.884594594594592
21.305533834586463
55.48723655913978
16.738647058823528
16.830999999999996
12.271435873605947
15.2206
55.56575675675675
14.204782159624413
24.905859243697478
66.85122807017542
16.938499999999998
34.126062157221206
19.591700854700854
33.55858959537572
5.525095610962291
12.205893097643097
7.581100313479624
7.253039544688026
8.038499999999999
26.471655577299412
8.925121980676328
9.713248587570622
59.446373134328354
6.641324324324325
5.522045045045045
49.36404334365324
16.325476702508958
23.930649122807015
59.97428712871286
32.721019721577726
52.13552769679299
58.885392405063286
7.041011938202248
8.688119047619047
23.25994542897327
19.01621203438395
9.058860829493087
8.68263622754491
15.833298245614035
52.446050279329604
33.61827433628318
15.64940579710145
52.474409090909084
10.68218014184397
23.8334424778761
41.28633451957295
42.808431095406355
13.438244464944649
43.601410958904104
82.15030769230768
33.20552830188679
20.110595617529878
69.23942060085835
7.327499160228417
19.217804878048778
8.708595061728396
18.75742857142857
29.43391666666666
11.638415094339623
22.087884301270414
37.42978656126481
10.354868932038835
31.619234491315133
61.62488625592417
39.35027799227799
7.745244180939832
14.240489811912225
77.16762711864406
14.391057471264368
16.925516694490813
18.007625766871165
5.680139449541285
21.04335897435897
11.829440195778524
67.06374617067833
12.597864864864865
11.440739514348785
44.503119205298006
13.229053571428572
34.86726839237057
14.213235824742268
10.866943618370971
63.105999999999995
10.359873015873015
16.197790041493775
34.74576785714285
16.220510489510488
21.719701570680623
31.973243523316057
7.41506949352179
16.317949640287768
6.4701080299785865
10.13376881134133
44.50196644295301
11.92580808080808
4.642018099547512
39.52550746268656
14.152624390243902
62.46243373493975
73.47121756487024
26.956467091295114
32.89266666666666
11.243125329815303
46.04334426229508
74.10459405940594
70.66587029288702
18.499797101449275
16.86506015037594
58.57574111675126
7.574451914098972
62.29214018691588
7.29281229946524
55.64102234636871
11.966736166007903
5.927168455507346
21.56185714285714
55.957803713527845
43.82432432432432
31.135999999999996
9.914009986225894
19.600660550458713
28.763388594164454
44.32292096219931
58.79830379746835
44.3533651877133
51.51401734104046
31.188999999999993
11.529767123287671
32.926808846761446
33.1899375
51.503130434782605
19.2214865470852
22.394666666666662
18.919925233644857
53.629555555555555
11.830118918918918
27.170728323699418
8.919701754385963
16.118116628701593
8.225865363735071
5.158635948210206
32.00388059701492
19.51662678062678
14.727536377708976
47.28399999999999
46.97730634573304
9.592174552135967
45.385290969899664
8.21892430607034
56.97522309711285
39.68207692307692
14.981998053527981
43.720944055944045
15.080554216867469
21.144939393939392
20.192659090909086
64.28620594965675
12.231972839506172
8.527357081911262
22.458666666666662
29.746720430107523
5.8283549124143175
53.479058171745145
48.22176543209876
11.95392959671907
37.37784552845528
27.75956424581005
27.568416184971092
44.687
11.170373921380632
22.826542402826853
46.04086754966887
8.815553041018386
32.41954205607476
46.219404682274245
11.041401606425703
36.94232921810699
24.96522222222222
22.023655860349123
13.651249460043196
48.11265015479875
8.055599999999998
31.22762068965517
12.27001742160279
39.88397718631178
9.455426150121065
4.79964239953407
56.14005249343832
21.00395849802371
47.441025477707
5.120045454545455
29.1653961038961
16.17098281786941
35.079616173120726
12.115482051282049
29.300890052356017
15.175144951318236
91.026
40.252518796992476
36.357694323144095
26.036285097192224
5.878319446258326
29.0006508226691
27.965852998065763
98.30264661654134
80.33802898550724
41.26603703703703
15.918845714285714
24.572876826722336
79.31371534195932
8.5686625163827
10.475098039215686
63.76164814814814
58.537037974683535
59.73450632911391
18.71807151300236
28.413428571428568
48.41973338485316
51.03017647058823
64.73617767653758
16.389166873449128
6.663832310838446
12.167485339987524
75.6749708737864
52.40497740112993
77.65522117202268
21.40387401574803
64.12850684931506
35.99777215189873
7.159466480446927
50.743497109826585
6.172141787806465
6.017972240581626
23.9810110864745
12.52213698630137
7.509725677830939
33.747497722095666
27.976022727272724
17.48042592592592
69.74117316017316
24.32987919463087
44.206607508532414
10.830734559170201
12.575315789473684
68.17205172413792
34.66622222222222
57.78380661577608
30.92183246073298
60.78876699029125
37.4994
41.258343283582086
21.428748166259165
30.277202020202015
53.3541011235955
61.65710311750599
22.614941176470584
6.009277108433734
11.363773684210527
6.406926739926739
6.02783870967742
9.093578231292517
71.23549152542373
47.05758598726114
34.69126749435665
35.71277272727272
14.459385964912281
14.251929824561403
35.10682548179871
100.56962170087975
21.405340568271505
17.08578504672897
55.59929222520107
31.194267326732668
6.5109975227085055
59.198476426799
12.205714285714285
36.68808196721311
8.483555555555554
11.808730990415334
5.649570607028753
29.35360846560846
14.965
9.961260942760942
8.10339233038348
88.68981601362862
23.00562589928057
56.18426315789473
17.07365048543689
37.15149999999999
39.36078326996197
11.54442857142857
10.44058144391408
37.956999999999994
8.023158156028368
9.592236575875486
8.790452140452139
14.937868725868725
5.9323380281690135
23.91178947368421
12.15559657039711
27.023181818181815
6.348734628975265
10.535649122807017
32.034
7.269334674714955
6.859190221543162
13.046977424749164
21.210090909090905
10.377042105263158
29.83704166666666
26.97188439306358
23.496612244897953
34.91002575107296
15.142410071942445
58.18073551637279
7.658019607843137
39.77518878718535
9.433190476190475
10.087389610389609
7.197385714285714
20.112316326530607
11.414698412698412
14.45729961089494
11.743508021390374
46.24816722408026
53.56418803418803
44.57972972972973
31.109870843989764
11.582065757027783
35.08514414414414
14.975298507462686
9.082581460674158
63.560360277136255
7.575423780487805
12.72241095890411
9.71460606060606
6.784890881458965
7.489437572477772
19.845731670061095
33.97422634508348
6.650710693561756
9.640564836913287
63.72630188679244
69.4003781512605
12.516246575342466
44.5308255033557
20.052325203252032
7.198318601583113
31.861105263157892
6.371829858215179
48.4321547987616
9.432709547738693
62.113985781990515
36.076499999999996
53.92305295950155
7.328614629586351
39.42222137404579
34.70225668449197
36.404149162861486
11.661553221288516
10.016776315789473
7.9440305164319245
5.970004329004329
5.924726605504587
35.09457510729613
39.655079847908745
32.580289719626165
68.59241036717061
6.915949298513683
22.353521739130432
29.834383419689114
18.90881524926686
56.7171111111111
30.057114427860693
20.891507936507935
4.798230836321348
25.153382329635495
10.504760683760683
6.116787527193619
26.54292249240121
4.7107833333333335
6.634714998082087
6.500292644757433
15.95558422939068
7.404571428571428
23.602542372881352
28.40085185185185
46.07931578947368
13.852592592592591
14.362979757085018
20.080913174946
4.962877792772529
45.35011881188119
22.505334916864605
27.89583957219251
81.91755950266429
18.68831033274956
13.31123404255319
28.89728627968337
59.550951219512186
4.921178840125391
33.45811711711711
5.140432013769363
12.015561643835616
9.237736263736263
20.951336658354112
49.58841176470588
34.97363636363636
51.77292836676217
10.17821720116618
6.5388
23.119830188679245
20.21828969957081
19.515983425414362
26.781941176470585
21.144147940074905
9.770148091603053
11.575221448467966
5.702435028248587
7.3983936084142385
14.925782101167314
4.130836538461539
48.678006134969316
50.617999999999995
11.494954314720813
54.95287234042553
18.01181593406593
45.39428571428571
16.03840395480226
6.861373173970783
7.370529652996845
53.17118309859154
60.05943564356435
15.891399999999999
24.850249999999996
33.728357142857135
20.480840080971657
13.509230769230767
24.688999999999997
25.676645962732916
6.55917094017094
45.28721052631578
7.68334251968504
14.98154716981132
9.436422330097086
45.55786622073578
33.913999999999994
6.508917765440666
27.18890476190476
9.737938108882522
27.02159537572254
14.940939393939393
17.623166666666663
24.396011254019292
10.765245901639343
16.207509950248756
71.14829979466117
19.62233333333333
27.193179775280896
22.860451612903223
48.51566666666666
90.5988961038961
61.75099999999999
12.965294701986753
35.467791196388255
10.745962264150942
23.99706349206349
22.00132368703108
48.92966666666666
8.907390361445783
10.452597460791635
31.513844729344726
9.5665
7.794076604554865
13.259248161053039
15.481827586206895
42.160139240506325
20.78258810572687
10.355161602209945
16.051844155844154
12.909478170478168
13.061135379061371
45.837705882352935
25.682576354679803
30.853444444444442
36.05161137440758
5.682882388189791
11.96898245614035
33.326478260869564
24.691442492012776
23.329525959367942
12.249139639639639
8.152372426555631
54.19312668463611
51.453275362318834
23.113201067615655
50.217999999999996
37.20930612244897
86.31249116607773
4.411454607276436
33.825623853211006
7.032792401628221
11.518774809160304
8.033011861784424
41.03371641791044
4.2005752851711025
10.174794329073482
7.311135135135135
12.777240740740739
5.615590909090908
49.81059940652818
7.230636220472441
13.807213286713285
44.12484745762712
31.207432989690716
58.63649999999999
18.479923076923072
23.408105022831048
43.01021985815602
41.53427240143369
21.401656716417907
6.634399999999999
14.66829792746114
13.121037974683544
64.46771428571428
7.344356246264196
30.81766502463054
26.911777777777775
23.58611688311688
7.891266298342542
22.94994736842105
23.25033333333333
5.412981481481481
8.064672155688623
11.610398123324396
50.189430340557266
38.6346
52.488083565459604
12.822762411347517
53.98223076923077
11.94466443234185
27.126777777777775
20.68908991825613
20.835437499999998
49.39187155963302
34.050635440180585
15.882774647887324
20.78658365019011
13.054342105263158
12.00642120622568
24.91125079872204
48.110962264150935
13.433261254019293
10.542247440273037
7.143254196642685
31.24184015345268
8.682372432679141
47.945388379204886
37.74398393574297
19.48047959183673
38.7378
11.90786879432624
4.940935236584721
16.23637432188065
24.536291390728472
15.495311520737326
68.56844588744588
14.525020576131686
21.912902439024386
44.691136986301366
74.93954826254826
40.1231954887218
6.443708812260535
56.084519480519475
11.633499999999998
17.756272727272723
10.370831258644536
5.645414698697069
12.634486631016042
10.299984917043739
35.5134632034632
16.678915944540726
11.978790312691599
12.03945692883895
11.210777729636048
39.46063163064832
71.87232443531826
7.418471085120208
50.385176470588235
7.613741121992428
33.15927332242225
10.3425610240823
18.540506122448978
15.615296296296297
7.174282749675745
3.9332572062084252
13.216939020898941
5.855202244160328
21.12892854914196
15.423892083417696
9.256884057971014
22.845593548387093
5.815912871287129
6.145225794530672
33.318393939393935
8.519173306772908
13.69070867052023
38.7544896049896
67.94821006564551
45.97485993485342
69.9085744680851
39.15529508196721
15.488313725490196
59.95299999999999
125.43868208092485
48.39798697068404
18.49607339449541
28.040979108635092
32.11026923076923
17.551274647887322
8.345496774193547
28.272108108108103
9.677548387096774
7.1562244897959175
27.395923076923072
64.50127272727272
30.457999999999995
22.440551724137926
9.497116129032259
15.320584269662922
10.082822085889571
45.66166666666666
33.489590702947844
10.766794617563738
21.976437956204375
31.537862068965513
8.374625954198471
13.84908620689655
14.079744680851062
21.027999999999995
64.79885585585585
9.904450996015937
60.20844554455444
13.674994397759104
5.319351790681502
38.37953124999999
19.421692307692304
49.9716923076923
30.211988483685214
16.00730218978102
27.96504191616766
21.959485294117645
60.9681466992665
32.15313745704467
16.58827608200455
5.002408163265306
4.401038088489304
24.543974358974356
14.610896449704141
37.61022580645161
17.465304347826084
21.337477611940294
35.944593886462876
61.89717647058823
23.32286111111111
15.218221925133689
48.18552870090633
8.99088888888889
5.284447194719471
70.1883768115942
15.040505192878337
5.737166666666667
20.68228260869565
14.552062763466042
14.84840210355987
7.650128286014722
56.61934217506631
8.433190950226244
6.047481481481482
24.615210437710434
52.54910924369747
21.015308988764044
9.097589830508474
10.549
9.840764705882352
56.27548556430446
12.7396586695747
30.900698412698407
15.085082861189802
55.70687533156498
9.419051724137931
5.7009952876322565
60.88267780429594
26.954609195402295
29.36643506493506
55.484010723860585
24.718918530351434
47.681075949367084
6.439771598808342
16.964491803278687
24.87227586206896
13.992498113207544
53.48678753541076
21.912518518518514
20.294547008547006
48.6134103343465
15.976083623693379
11.43191798941799
8.62370080552359
57.05276392572944
13.074467226890755
29.79132653061224
8.883076923076922
56.141837696335074
6.1916252240508385
5.728107142857143
11.123594025797692
7.585869198312237
10.216539682539683
13.013068376068375
14.409873949579831
50.39782352941176
68.07710526315789
34.904421524663675
30.142346938775503
10.530142857142858
32.02020289855072
42.94005555555555
14.888691449814125
59.98805459057071
28.219139889196672
15.231287356321838
21.314071428571424
16.443142857142856
17.334808835341363
6.473633495145631
7.211010869565218
50.594364161849704
22.089134860050887
34.84441208791208
18.43883086053412
21.881566914498137
49.699523809523804
19.633008547008544
21.284799999999997
23.2835352112676
12.743237124463517
18.365059829059827
9.116111111111111
28.862891304347823
27.179631178707222
17.76665525383707
58.96703241895261
7.925382133995036
54.456347826086954
57.850444444444435
15.593525341130603
17.146590209790205
26.288540983606552
15.169374600638976
11.980112937210281
22.854751773049642
47.35622222222222
39.52428136882129
21.965360613810738
13.002630334190231
6.141768788682581
27.47960764872521
15.130981549815496
23.726216723549484
9.7182893081761
12.74655789473684
23.880999999999997
51.77292836676217
7.098952099737533
18.57423835616438
7.3900667562724
14.218886178861789
54.5460487804878
19.63091434262948
9.089334642032332
57.28951958224542
5.246937468671678
20.884518867924523
43.07394425087108
10.138881051175657
33.428954545454545
47.074260061919496
76.06482011605415
24.612405405405404
26.814303030303027
10.405842039800994
8.487613715710722
10.120736842105263
54.93239784946236
78.41759183673469
41.36721582733812
53.99199455040871
6.4886212121212115
5.765688888888889
10.831142857142858
51.63871428571428
13.475999999999999
22.990270034843203
44.63313605442176
47.51774999999999
17.49112621359223
14.890182011331444
8.526220183486238
42.548492957746475
45.8399019607843
61.809222493887525
7.12987536231884
22.07059854014598
32.3737619047619
47.08328930817609
7.108423076923076
5.390323498419388
22.05960784313725
42.64426241134751
34.712636363636356
32.434773584905656
