4.992064961636828
5.17868652814091
4.440919799498747
3.87440916167462
4.590097075473043
3.683297040169133
5.113655418374339
4.656532212885153
4.069805417822225
4.650121194945488
4.970304799266572
4.105615255773085
4.253788450543167
4.770463959769044
4.934108224021424
4.593495955101628
3.064740376818507
5.876888698908971
4.997162008281572
4.011523335230507
4.188123809523809
4.412543913713405
5.065142857142856
4.441695344129554
4.496606729824121
3.5468252519944583
4.143495180111618
3.552704392236976
3.7457599984715713
4.201341433158202
3.7769116161616156
3.801263620589936
4.237266526957516
3.8678472925711525
4.2686169888456185
4.417868875646347
4.461600109110748
4.53618159365657
4.791859566924149
2.863578272604588
4.248723395026026
3.670466464363523
3.8581547987616096
3.077007287981401
4.371666666666666
4.067530701754386
4.289593176605504
3.9514871032745593
4.750437227138643
4.443265636856369
4.204360733293909
4.264590163934426
4.03136048336472
4.3407720323741
3.752841687344913
4.277070228091237
4.6495454545454535
4.296755019037729
3.70789277545041
5.3117692307692295
4.501739736132784
4.737448428217452
4.091276081007115
3.9170881047809902
3.7593241625480505
5.2405937769324495
3.9609131097828176
4.425211297557734
5.129937723045991
4.716083954655786
4.67402326042162
4.114640601503758
4.5023921091997
4.295245135170433
3.7544285714285714
4.370545357333808
4.155595325630252
3.175139593294196
3.1981286549707604
4.093160374879565
3.7533984103328364
3.2965404247446366
4.5034289940828405
4.663304195804196
3.8943544303797464
3.9157302243211327
3.9259413059427732
4.165589321618652
3.318328224603282
9.557184815184815
7.657928557747557
3.345915533558142
4.06110390324354
4.436996147919877
5.234052902979373
3.8802668579626967
3.4370832614322686
4.62164239548698
3.971885314685314
4.022888132856648
3.6792803970223322
4.399616752725186
3.949614545454545
3.8056043051598603
4.001988778663197
4.541638313609468
4.331657342657342
3.616782321649093
3.3974441507699376
3.6662552183567723
4.39758656502044
3.6992801557518127
2.881475935828877
2.8445227502527803
5.019771336057358
3.7390997023809525
5.527201743462017
7.663309596178896
3.977604979568564
4.956746429317912
3.946768683274021
3.7535270935960585
3.4243204552261153
4.138491473301649
4.631651815181517
5.3237480839961595
4.334350877192982
4.217942690058479
4.132501316944689
4.362226470622928
4.462758471557953
3.640931341080981
4.048983908045976
3.135408499359719
4.350875406107862
4.108046819377805
4.749879670028027
3.104626650548633
4.060089316239315
4.410697024046765
3.410837191358024
3.783175186104218
5.288977928692699
3.4016970708194285
4.682787079762689
4.1111641791044775
3.0146350626118066
3.57472810880107
3.7731475873779536
3.9630801687763713
4.511337731958762
3.6214680983289598
2.5168974559686887
3.780031454783748
3.215386710239651
3.233842511563945
3.2453769841269837
4.200872006562408
4.048063063063063
3.953467532467532
4.229089327490197
5.078949981877491
4.5807877281763965
4.491016583747927
4.357140447504303
4.456809073926326
2.9293758865248223
3.6873401963889765
3.1817512557077623
4.25580779057427
4.0866895025869105
4.599147501982554
3.717158620689655
4.644383157894737
3.6208342409802583
3.7998501894705856
4.3293404668886275
3.8606873737373735
4.760560800277153
3.7304911746804623
3.9275326854219945
3.01192386125405
3.7145511111111107
6.247738219895288
3.126055561198578
3.170247484236263
4.277273994298384
2.898446540880503
4.108697388301316
4.735429566805845
6.366974109070739
3.8142110389610386
3.9315610766045546
5.133568739770867
4.79166579593948
5.131021588180323
4.156702596224703
3.9881593974820144
4.193676616915422
3.7324020971970153
3.819729496272049
2.701155220624835
4.438947787776527
4.245229142185664
3.963336298292902
4.451638987341772
4.428891358024691
4.351837709547558
3.4630168491575417
3.286013782246036
5.265981514716438
4.503368489254832
3.940272207473964
3.4966900076277647
3.327612044817927
5.313821297030165
4.748161664880314
4.298288798920377
3.6035029597474346
4.4590712677850926
2.882043151969981
4.6456843786295
4.800415441176471
4.20252555646106
3.7964913347522042
3.1795164127869553
4.768240463983128
2.810860531424411
3.97868305744888
4.8127653092006035
3.2380740456601678
4.167283922973578
3.6766430555555556
3.934925312585147
3.9338187320555593
3.0813129028733743
2.3419061207609593
4.783999999999999
4.610122494814167
4.102731875
3.398331387267167
2.41810797034291
3.846082728592162
3.558990893656428
4.417733821733822
3.8292685185185182
3.6065
4.36761295668917
4.115565615333908
3.9320282190635445
3.6477403245942566
3.7306140881590317
3.674333460844855
4.361508921866619
3.9614227799227795
4.511332575696079
4.828629307875895
3.512548127953471
3.89540826446281
3.585722527472527
3.367126399422174
3.80046819960861
4.186470588235293
4.174302551147704
3.3055279241306637
3.0672304290137102
3.5697368710173585
3.2939133858267713
3.335181818181818
3.1177372489579382
4.170884615384615
4.550644787644787
4.4956042636608675
3.1505351664411365
3.889543451018852
3.3679462483947895
3.7924283964300294
3.812361519062453
3.552033859966592
4.185464931015335
3.1286790193305043
3.9107236467236466
3.612226038394415
3.7845427841634733
3.9178605801588366
4.219101776632983
3.215821353724157
3.5642582592381102
3.9877828894269567
4.981355614973262
4.059621919302073
4.299509569377991
4.053927710843373
4.409959489051095
3.701014301270417
5.522386797832905
3.4976223783557043
6.204702020202021
4.0088735632183905
3.4522593825413996
4.452787719298246
4.182245173745173
5.022688545225678
3.2561657880864523
3.278025974025974
3.9477948717948714
4.077890080845771
3.528163308589607
4.363722002741271
3.6211550802139034
4.102791342786366
3.9141478433389665
4.269921510780886
3.9322256145915935
4.029996677740863
2.690847953216374
3.0200184229918934
5.455164438502674
3.8489060139930795
4.555582167832167
4.815741258741259
3.8760905210128596
3.3220581418581414
3.4035665934065933
3.5962196424425352
5.296498741974666
4.126413028610509
4.520419541773803
3.946644409937888
3.345599618554594
2.876223529411764
4.105989864864865
4.215236249345207
2.7207808528085278
3.5724
3.886272727272727
4.5121984757065725
4.678001306620208
4.798580664173183
3.5424154205607477
3.490863636363636
3.7177133740288566
3.115090909090909
4.621411000763942
8.028483767189538
3.2888123651679617
3.7383714993332062
4.607376447876447
4.0498509136212615
4.142693541589843
3.873288061336254
4.872911888216235
3.7202350681629883
4.199359505512863
4.330748742017736
4.052171717171717
3.819362877697842
4.345572781065089
4.167581347855684
4.839466216216216
4.842086537833069
4.080518167902978
4.098990305741983
3.2511520794537554
4.072768477103301
3.977629289418515
3.913071670338597
3.235847688896469
4.337356403785488
3.9935854836809237
4.151664759036144
4.189889781392985
3.6344569892473113
3.3942422018348624
3.9674308365619164
4.173371571592449
3.7627177419354836
4.125277859864687
4.238467532467531
4.555325219318496
4.385483091787439
5.826758949334085
4.230827649769585
4.199047699244852
4.354247222222222
3.2751666666666663
4.063207378385723
3.876349385102389
3.3621749999999997
3.9635823236865773
2.9325047641653383
7.509985607839134
4.105131118881118
5.1296403685574425
5.554386882716049
4.894983062761506
3.780758057079625
3.701455572755418
4.291724672743767
3.353345162919929
4.410322770520883
3.6515156042964674
4.363097087378641
2.879974796145292
3.6657900432900434
3.790433333333333
4.481693886559258
3.5896522839905187
3.5492813878860807
3.7213616833639054
3.920222580051527
4.067452263412816
3.6384715634606937
3.9808794446452382
4.957079310344827
5.275061784897025
4.4905271232204225
3.983666263094173
4.40925
4.642787690342862
3.1125582311070725
5.035134677944047
3.3352793366068743
4.044358686257563
3.6677699999999995
3.7689880245811227
4.45335859240069
3.7668825681360887
4.768640316205532
4.0085696216514775
3.9303928197114923
4.15381954887218
4.662633032752902
3.6801224489795916
3.7424064979693843
4.34875788372929
4.705515334850844
4.194564329434579
4.4982571813148144
4.895350302741461
4.394262127346337
3.6645647058823525
4.986575076425103
4.26618925831202
4.2885670383915
4.3703458718700645
3.3014701116442815
4.259480023501762
4.620079435966629
3.699321214088622
4.717276670721581
3.961748282718727
3.0770111287758346
3.923057314215861
4.358239279588336
3.691582476034603
3.4037664763881676
3.732490958944716
4.360441811486529
3.4759814447847233
4.245047034934316
3.7957288590050324
6.738151391162029
3.8408831521739124
3.3476639102471104
2.9454699095242725
3.9520459115058384
3.4389163231027635
4.469219323897532
3.9219923048048044
4.206493716552769
4.318419425087107
3.7656564432879747
5.7197905027932965
4.026492374517375
5.378196969696969
3.4570227560050566
3.932361489257011
4.677416771172979
3.4412650353773584
3.793365914011754
4.1780664623975206
2.7349462256809334
4.375634030793526
3.4175685127978817
3.136276038601859
4.6727373225152125
3.937356643356643
3.844609345039862
3.2405149078109967
3.8326708799222167
5.104719790301441
3.596007518796992
3.8456808075645283
4.364640229885057
3.047937481437481
3.3968738402824994
3.030040933802366
5.438354930783502
3.663873577235772
3.861980769230769
3.4834953846153844
4.246106162294081
3.594796980739198
4.038176791761697
3.701667141838916
3.651866893692626
3.5843914749420365
4.810754826254826
2.9508369935044847
4.048855592819097
4.326819059418719
3.2360094979647216
4.119879174680888
3.3836745533558665
1.7964129335834418
3.3334342451523544
3.716715816366433
3.738536363636363
5.569342532181274
4.901239950019777
3.1363099532046896
3.629919575027132
4.6741052631578945
4.96613724079187
4.685815695925622
4.603838867367644
3.026552514071294
2.4116333333333335
3.920070707070707
3.3226505928853753
3.405591836734694
3.1653370288248337
4.5447066916823005
4.169260528143306
3.266327737809752
4.7405721967164025
4.07744890569041
3.441450657894737
3.1740549745240005
4.326884652150822
4.077711415525114
2.6690882484694636
3.0848777892333747
3.099717058823529
3.920254329608938
3.878285714285714
4.986121458272894
3.5008504918032783
4.589337728232287
3.952736561420519
2.992837284049819
3.7462991563919528
8.18946992280058
4.614004482294934
3.9276080381471385
3.077839673913043
4.6655
4.557590986394557
3.090687707641196
3.785639344262295
5.8398375
3.2890770578282074
3.6100557302396177
3.9448333333333334
5.029088435374149
3.6667727272727273
3.90999798979025
3.3644660874439456
4.29889289446186
5.054927139988285
4.679557050092765
4.092356984478935
5.791781943724372
5.056833276740237
4.193834183673468
3.654017655854612
5.04593387283237
5.592645401382244
4.175165753702576
3.5692060831622174
3.7918638601036263
3.740859732292247
7.7278774092335265
4.714953854766474
4.174526867627785
4.621280632411067
4.12606690140845
4.604970986296735
4.171629374641422
4.2853501506334855
6.819776081574915
3.6279105221726575
4.260190558902821
5.087883497403302
4.727142857142857
5.150636363636362
3.8528189288189285
4.17345238095238
3.8806307391729074
3.9112609292482508
4.999298049865846
3.8277912087912083
8.030191248913358
4.04381400178705
4.121176470588235
4.100377708978328
4.017154639175257
3.50171610738255
4.513910669975186
3.635922751168224
3.835012731171268
4.534424836601307
4.564313382562508
4.085492537313433
4.4090511278195486
4.001374153134746
4.128211714964943
3.695171517027863
4.134987652461978
5.7671448460649355
3.749475329372255
4.271256908593987
2.936047968021319
4.50437160871915
4.701991960017384
4.0635280218563095
5.455583084279736
4.066790432968562
4.547897435897436
3.8426792202954925
7.6269443429779855
3.966415057915057
3.3935701933899516
4.719115292507697
3.8048464193270055
4.619961217832548
4.477985207100591
3.1797742277992276
4.396932131495228
3.9473585972850675
3.7663047914818093
2.9951060606060604
3.917096782302665
3.116260529329431
5.538614512471655
4.081742693913426
4.546244780938596
3.5782199145962728
7.005468717277488
2.21956960950764
7.715396223541951
4.744482544237208
5.693582995951417
4.060865500413801
5.515679896462467
3.6788309144058666
3.347206673324535
4.242632415254237
4.324214584654407
3.9257985783036773
5.0684889162561575
4.92284046692607
5.066322849867975
4.663649406688241
4.731228308549891
3.3971664669633683
4.555903310390035
4.138544473455179
5.203190476190477
4.8274033830059455
4.367668928086838
4.14251050420168
4.281427247616501
4.145600390972099
3.189269930580928
3.960154810202852
3.7592259045302523
4.1733770825620145
3.7499813862392726
7.926652830896138
6.165092662116042
5.905267486755859
4.017003484320558
4.036342884286528
4.364576369758188
4.2890613582485
4.177057971014493
4.744363729968548
4.711308258751558
3.7430600240096035
3.850124164137488
4.051934821306313
3.7123294556982427
3.3299797297297293
5.791360998422357
5.1656712914427985
4.083759583972265
3.1798441558441555
3.9404270949004867
3.791643138753671
4.689928591243238
3.4192218006209036
4.807164352274803
4.412873249815769
3.590179144385026
3.586537212734556
5.167080641497433
4.040197949805584
3.84409030604553
3.3215361247947452
3.857925908183632
5.037636363636365
3.2133034128097235
4.233383473585787
4.025082887700535
5.196238641955059
4.552101139466993
5.4620961461126
3.917846153846154
3.7358163826278177
3.9044701940527706
3.9333874445149015
3.3757073902372503
5.187926714163925
3.598558260624824
4.009726392251816
4.53196918767507
2.896653865525056
4.448294184076792
4.893466991581745
2.975999494758115
4.15041417315864
2.9589200807505045
3.485596843963041
3.3498943271382697
4.547533795345653
4.905750067304632
3.4503123993558775
4.9554595538392014
3.8160011132940403
3.12621987584525
3.3374216450216445
3.7632726462650843
3.49865962113659
3.1787757817697937
3.772084485407066
3.4995566192969334
3.522090909090909
4.950413082901553
2.8895388770433548
3.0229197939661514
3.2787268491022883
3.246691542288557
5.548033358568368
3.907674189996854
3.4673341648161102
2.694874941541601
4.0654335839599
4.0274927536231875
3.50271237458194
3.9217298667812632
3.075309732079001
3.4851627835683625
3.9806666666666666
3.6653070411696804
3.637895877856321
3.791106614470842
2.945069265889703
3.8593319429624597
4.3756271601912
3.8193807679161447
3.087338739384017
3.319266090833101
2.681737352370879
3.528413597178683
4.663116753011671
4.125468300443675
3.9397740632923273
3.579606954168076
4.386928428951368
4.968700663349917
4.533281032770606
4.797382352941176
3.9620682865521575
2.8816642221058144
5.693950218098733
3.6726666666666667
7.387926573426572
3.472772248338466
3.3074666666666666
4.168730048639884
4.612472596585803
4.168193629846856
3.9851123680241325
3.1952023117654655
3.571630778894472
4.2728941655359565
3.3763730753508647
2.814533633217993
4.220166091954022
4.325790205657553
4.118998120300752
3.499004926108374
3.88762978182905
3.725726708074534
3.5752148148148146
3.8713106829718504
3.7826713308457705
3.254185410334346
4.931519370460048
4.1725288461538454
3.694200724054706
4.231371613300492
2.9092091306724983
3.627356989247312
3.074888779527559
3.0659032699241573
3.345968746700454
4.001508232872684
2.887569598136284
4.133710043290042
4.016410206538853
5.3981397849462365
3.1061455774236264
3.8967523069324943
4.023278924814958
3.421699976013432
4.494292041078306
3.544079394419505
4.722463348416289
4.357500610221205
4.119081135902636
3.393623497757847
4.254536363636364
3.9294221388367725
4.805345713552361
3.5400412439556264
3.918489452924027
4.346104006284367
3.5656666666666665
4.412645604395604
4.344867950272892
3.9818295454545454
4.507085108157703
5.30644580637839
3.8016925744775456
4.104105677543522
4.269897512965581
4.435232057416268
4.169940425531914
3.347900459071511
4.090783470101677
3.296165050167224
4.091461538461537
4.1518323917137465
3.118579192455054
3.5726363221884494
4.57403011694345
3.3409309737793014
4.753888368180725
3.2929970263381474
4.440005405405405
3.3807994378638826
3.5749845403022666
3.4250970695970695
3.483751736111111
3.2850020408163263
3.4624615384615383
3.6847049056603773
4.166942225733353
3.110507936507936
5.266022047959995
3.6277482189119166
2.9156508344030807
3.5244017857142853
4.1161376077990255
4.0531655172413785
3.3937592336559352
4.688903250773993
3.3421748768472903
3.182095238095238
3.2347104749512035
3.0525385332675112
4.575159420289854
4.099006451612903
5.025137662337663
3.11715240852856
5.0624426826207
3.7002554487613373
3.755107781684757
4.8354296039810025
3.823451386077145
3.9293752535496953
4.024011224779766
3.8475185185185183
4.0477683187509115
4.54441519107872
4.135742573431241
3.594281171809841
3.721694456199746
3.145767661058485
3.343127803860198
3.300273112480739
3.3973923444976073
3.210585764587525
4.015997157781533
3.481301002147459
2.9836690568119137
4.262590909090909
3.5720983102918584
4.000902709359606
3.3019951923076922
3.1385116215477167
4.627579411764705
3.1829707317073166
6.344324665812122
3.4300202429149795
3.615509721692718
4.028521151586368
3.9698773318258898
3.618782880969239
4.4840736925515055
3.0849473938223935
4.33729977641798
3.7235687526607064
2.8974551539491293
3.752540798094104
4.581998785425101
4.024430122818358
4.234983511642542
3.812200484261501
4.217284554629224
3.7046026007110657
3.6368155236576287
3.4805311595601
3.7161098901098897
4.215572911405193
3.8508321858864023
4.138614794389161
2.5923035714285714
3.389727752639517
3.247845631588351
4.049422710622711
3.6769493787390704
3.4817205929745407
3.1123159340659337
2.823926406926407
3.508391012743125
4.285881275594667
3.491040572549219
3.3029886026897652
2.6478750403616402
2.736188667243397
3.5126986703601104
3.100464681162068
4.3768545595271595
3.75285883029321
3.3491502557544752
3.0370144765106937
3.3760312756638378
3.629863115394634
3.6098666746097936
3.6523705421738017
4.894217391304348
3.4643448275862068
4.314586922268907
3.4408555399719494
4.154271662763465
3.9488956639566393
4.347704545454546
3.585735666986146
3.354501683501683
3.0714755747126437
2.3706659736659734
4.9128115049736945
2.768546156036446
2.863745387205387
3.346298358643964
3.277523476523476
3.258411924119241
4.067966114747785
6.764988187980574
3.612037317113266
3.862969696969697
4.229635208711434
2.770963088878096
6.54512322515213
3.425199292831887
2.1776923076923076
3.5637263574660634
4.167628968253968
4.144996180472666
3.584132372704196
3.319846186712241
2.729833333333333
3.6161470216606495
3.248911646586345
2.9994341463414633
3.8282403846153845
3.212380354452178
3.4634944094942446
3.0666235618959963
4.434199999999999
3.2358175607287447
3.753382701875239
2.8234603580562654
4.40590756302521
3.525616730687153
3.497876315789473
3.9345268941584726
3.6412706766917293
5.385036883908171
4.2627096774193545
3.2599209644146465
3.7965454545454542
3.905965838509317
4.270759704776098
3.663305555555555
2.50778199718706
3.7468794313369624
4.3928876976681845
4.135925774599931
3.6374089339166473
3.954851466635503
3.317395256916996
6.014521661237785
4.124201631701632
5.071943021639864
4.309718897716986
3.4293546734955185
4.23220964290082
4.38510236909409
4.273149812734082
3.99949446316803
3.246875213072356
4.829547945205479
4.803532689547174
4.435735277586961
4.115167332030918
3.7660543350662414
4.376980354178196
5.130337847549745
4.316367106570171
4.118635928728338
3.2493223443223442
5.185576951114923
4.420429083828653
3.7002482367332066
4.709172308158932
3.8416773162939295
4.659958126721763
3.6493027027027023
4.152142344880579
5.437959004392386
4.186086629001883
3.7796542056074762
3.656184582859001
3.7180859773507424
4.499799374326889
4.748060235648292
4.972275341365462
4.194733082706766
4.3623495491023405
4.4036025420362765
3.56368527523828
2.4647814280925244
2.946052983988355
3.767124068907998
3.253740659340659
3.8382040816326533
4.795121040395234
3.680045045045045
3.5907155381204157
5.4752769230769225
4.217637915090374
3.403534562211981
3.3617700128362213
4.094038503558036
3.1640982905982904
4.474288384703195
3.143006234571808
4.178634111818825
4.184985150157624
4.2142062896642845
3.1343182778006304
4.154352586639879
4.799173119715175
6.249045408492217
4.062297182054134
3.8198246871741395
3.475071351351351
4.034502138364779
3.6762198201527467
3.312620689655172
4.679904761904762
4.274986275619323
4.113416645564277
3.7870859504132226
4.035850459652707
4.2472932966585155
7.33663613707165
5.917714285714284
7.359023750207605
8.979568181818182
9.588819727891156
2.9298752453041774
6.252372950126796
7.244247241579558
7.621817204301076
7.774685393258427
7.167241293361293
6.461532608695652
7.850630174478276
9.022516387195122
4.592518419489007
7.9413484848484845
5.959398269327039
9.009329791088032
8.165979718605
5.857446213425128
8.438566023955593
4.97020754716981
9.11297879851405
9.144376887776387
9.970815217391305
5.877517857142857
8.479155405405406
8.717713527851458
7.723904052603327
6.6750495495495485
8.130761904761902
7.574387689950198
8.822239783430986
6.834143247511845
9.205099133121621
6.934691838006231
8.16822235340417
8.207395604395604
7.3055885254343735
9.379072362869197
9.364187553041019
6.9272021621621604
8.687771417104495
4.938267961165048
7.145019636227548
8.766480158730158
6.978802287581699
4.421963359532022
8.66648738820219
8.899526813322732
7.830585365853658
9.276983196466771
8.031241740761889
7.476882271917031
7.254045533025497
8.70558620689655
5.7476717635066255
5.034226425748164
7.915012187603736
7.710159203980098
4.201761833582461
7.096816752038093
6.496809138230191
6.524424720107477
7.2062297297297295
8.965702865157283
8.085634523210993
9.070821284536207
9.120378418329638
9.001567928327997
8.628086979886382
6.35786133901971
8.263015748031496
9.39453319906445
6.900608695652174
8.476724719663595
9.991686411149825
8.412557993730406
8.945970074475287
8.336495989304813
7.3459958922917
3.6586291470623715
4.447303655660377
3.7532463842975203
3.679086168802474
3.904462527964206
4.616524375600384
4.673503741197184
2.7755646459500762
4.103045502645502
4.401923914181056
4.144749274255156
4.723152059272172
3.789773755656108
4.018610019646365
4.245202164289227
3.7841745454545452
4.095996120092378
3.711710184481448
3.8753080521216168
2.654635390107088
4.261609523809523
3.052662222222222
3.918822419533851
4.565454936594202
3.723087088224158
3.1243502915451895
4.512262108262108
4.389070231958763
3.8253099791534484
3.2860868913857675
3.8776578947368416
3.2223192804428042
3.5691585400627317
3.5593331047488426
3.9165890352741175
3.658189662189662
3.6204102564102567
4.639808261091279
5.482157621127053
3.6072369015820835
6.048026801253046
2.9609894051169356
5.536988005142165
4.876395857016547
4.470521856055425
3.059224199288256
3.9765020804438276
4.275771929824561
4.076516078301535
5.789882759548268
5.067919349005425
4.1973176470588225
4.42323549556809
5.419953224522292
7.093029680438271
5.011174208144796
9.187159668663861
3.415077848621966
6.160364004082952
5.422200557992337
5.180540692989524
5.7298902394106825
7.823152651932141
6.460839204940848
4.97662239379288
3.1913043478260867
5.743421861727745
5.400615952808412
2.882813199976043
5.629412679782904
3.9328401960784305
5.8889331251273
6.672108374384235
3.566334117647058
3.7660666666666667
7.138270562770563
5.387532076933006
2.9457039312039313
4.466384569126225
5.587552264808362
4.628359188544152
5.165253292238722
4.471880177229821
4.2893846153846145
5.713360234324085
5.786022448979592
4.198200045116174
4.384692982456139
3.759964285714285
3.851477495107632
9.924678298800435
3.7912330994542818
3.688429985855728
4.780564206795914
5.816876892555079
4.660936766034327
4.868771683673469
5.528170698924731
5.77290232001236
3.0043894811391083
5.924110026013901
5.165136314067611
3.176718210990774
5.157174636765324
6.429956686066733
4.029223849096425
3.288321212121212
5.260019016697589
3.7795102040816326
4.460531685480731
4.141756911971007
6.620174076718374
4.6082148243461605
4.021343239369326
5.457113353370545
3.4034429400386847
4.586078549848942
4.513578091570389
4.030480806142034
4.731043956043955
4.326203915925793
3.511163689239717
3.4479300809796563
4.1857921645702305
5.753489784089261
5.1142422018348626
4.595273853267825
4.403474201474202
4.787132084245076
2.9213900347763517
8.75723706840812
3.4321780698151945
3.841144821092279
3.6593487507743134
3.577796296296296
4.209781650641025
3.994119889502762
4.282938260179799
3.77032967032967
3.718109787145242
3.123509994121105
5.098757793286806
4.1277001740125385
3.641332665154472
3.223361189071539
3.6468749999999996
4.786457148844031
3.2785744811999176
3.838286002304147
3.7688421052631575
4.164722794387227
3.5310660839160835
4.811851331584787
3.5917624999999997
4.384526618986012
8.167319653442771
4.424985950029822
3.1881153329891583
3.3506545284780573
3.8825357142857144
4.45245026836632
4.154293957184368
4.467772277227722
3.063703184570531
3.331595919800281
2.9663068468416824
3.82829599495571
4.977836935791482
3.3727360757560327
2.636581699346405
3.45068741651082
2.817700299773342
3.096231372549019
3.8281993771895677
3.4818385316343154
4.879487666034155
3.3584887401095553
4.661532771431739
3.424610327022375
3.4362898332641483
3.170925779534475
3.476533386967015
2.329111665004985
4.244055191000703
3.8562321883905804
3.3935952380952377
3.5611474326788404
3.808295743380855
5.688342677345538
3.4928892259606545
3.20485442594508
3.911553949987021
4.523638221305081
2.653922604422604
3.0715655376290205
3.344093052109181
3.669755555555555
3.841873996789727
3.32711640176746
5.311729292399194
10.604894884787177
4.047201527642488
3.6308699186991866
4.859045454545454
5.263041997063143
4.571221080501797
5.3833486542443065
4.853728098391674
4.042967741935484
3.819409187737334
3.200542119815668
3.443693016739178
5.939189225749979
3.4917344877344876
3.462982456140351
3.6115238095238094
3.9884344061735364
2.5173087495160664
3.923517140609194
4.797446423357664
3.4713350413874653
3.6554425508521162
7.494131759249498
3.3429059233449476
2.863144076287876
5.099091719398517
4.949100310484834
3.2992933255755963
2.874255711127487
3.905573802541544
4.231640737770649
4.366457047539615
4.442974367696008
4.01567721402214
3.3826463434949186
3.4099972061836468
4.038061735261401
3.403495124343661
3.7779396210407237
4.267737826759145
3.8337499999999998
3.3059277163904235
3.6550332380917934
4.7621190885962275
2.918208626760563
5.188525974025973
4.140952667814114
2.498795698924731
3.148924242424242
3.732529933414044
3.2960814169495865
4.096241379310344
3.6444319276229384
4.260607655502392
4.5608137254901955
3.215031884057971
2.7257621347500605
3.4230427927927924
3.783674742268041
2.7717651515151513
5.449106060606061
3.6577380952380953
2.7258868380575696
2.363552784380967
4.817425287356322
9.19050390311101
4.476821223697774
9.356312991188378
4.174325441197919
8.510455502937962
3.4822593826337993
3.5929818856083293
3.938664486592544
3.3853182756248565
3.3709484956654765
3.8024978112840464
3.1316923076923078
3.805463660925363
4.225261023663087
3.5660586481984744
3.6197379807692305
4.13438409240924
4.486224512329775
4.01735238592545
2.9704159624413147
3.6773522012578614
3.740957078977201
3.5199316770186333
2.89140225878416
3.536238095238095
3.5878746987951806
3.3214096461858653
3.081667699115044
2.9326800097632413
3.070574771226688
3.7505524153795595
3.601243318793389
3.769240909090909
3.768266666666666
4.5503678867812685
3.3315059986481916
3.840145006839945
3.47716802413273
4.462419227932137
4.453793439956627
2.780233975280253
3.840624895104895
3.229595033345033
4.504746823069404
2.8539999999999996
3.420115288220551
5.1059548098434
3.3415224575933737
3.9119873490511785
3.2319142857142853
5.1329062715648455
3.081111111111111
3.508045694603903
3.4759393564356436
5.030452685421995
5.298409830516125
3.6989583037825056
3.233696969696969
2.9891622889305816
3.787996607294317
2.897548701298701
2.862074044501224
3.3872819309722533
3.923602598544424
2.8350171892408085
4.143359509885825
3.7542868054095715
2.515969334476309
3.498563410685375
4.05045976331361
4.623274025745019
3.6941645021645013
3.9439645687645686
3.4449622828784117
3.6358053936927175
3.902943740685544
3.9946376219461346
3.6418894819466243
4.3495
3.705142857142857
4.220069213124564
3.847927450749085
3.658410319815364
3.2797193958664543
3.9982956694873066
3.3260098039215684
3.2473765840741438
3.7605449630365215
3.8863620812544544
2.8993567415730337
3.683300686430561
5.247322945682452
3.712516129032258
3.177910798122065
4.963563432835821
8.337543904958677
5.465298357988917
3.1459663291622886
5.186668497382648
4.759334415584416
5.674012158054712
4.061263710457245
4.931459972319347
3.1680223162754904
3.725373069650173
5.437950773558368
8.295025210084033
5.728259961346007
3.6894481496140905
8.070008830919301
3.2519320078823277
6.272760447014829
4.151419801980198
4.341984599589322
4.347818322483036
3.8266417869541383
4.804184762605815
3.693115384615384
4.148285624346669
3.196235561497326
3.356199852457917
3.615927873757076
3.8697591504407147
4.43971760524877
5.617803527319435
3.556267250821467
5.230686839788731
2.985883800410116
5.08045975232198
3.776070204702749
3.4943529053626223
4.397895385311903
3.68098006219133
5.397461822683196
4.508969958555628
3.7862496974586524
3.651262845849802
4.211045726941116
4.421017067863456
5.2272399475996
4.049587121212121
4.417324716940824
4.328760332409972
3.4964952978056423
4.0520698997996
3.1517946084724002
3.4453247648652954
3.772877527752775
3.2746858845709417
3.8715324845534544
3.3548084036340033
4.522203092385002
4.127752592214856
3.449774405250205
3.759645571313888
3.3450188375615295
3.7505657370517924
3.800391278375149
3.9606724165038294
3.868913984461709
3.7463714285714285
4.443073593073593
3.1766795162509447
3.6842047750229567
5.134142447105134
2.992669790193305
3.949674292440759
4.3661353461249055
3.144185782638414
3.871691469134237
3.597259047619047
3.549971797884841
3.54065291005291
3.239027103751267
4.832768956228955
4.045038479157123
4.69577139281431
4.293725274725274
3.3136277915632752
5.009491228070175
3.796689197616408
4.175084865629421
4.2777165591845225
4.188243501529051
4.3432474869392905
3.1439106658047833
4.338352056962025
4.019771714501511
4.21833398569091
3.353813781007266
3.5365697741748696
4.724610730402808
3.3623741863492653
4.193408239700375
3.5339028846153844
3.45729220338983
3.15575128998968
3.4813292628176344
3.181134333745874
4.0539884707129605
4.042317431118205
3.641672413793103
4.160026251823043
5.924340684660962
4.32220692368214
3.3026201201201197
3.9671803751803747
4.502048767283025
3.4167315490673156
3.382167435728411
3.4010108958837773
3.228238036562979
4.4272175351530185
3.848944047619047
3.697088223054515
3.9686174177959868
4.396733371891266
3.5897641048499076
4.4752274688398845
4.446143898067332
3.1693551483420594
3.0249502198768687
3.968900701068843
4.14278085569253
2.9457744768793592
4.142207951753406
3.945177416571763
4.476750267379678
5.466044250451535
4.355831702152014
3.5096112637362635
3.7820960629065277
3.473713624338624
4.586144528183388
2.985568405139834
2.976097944593387
3.3919399311905276
3.0410848901999343
3.7283546349294983
4.738819526348067
3.6784653133463836
3.7097848356440526
5.1015
3.5486799719887956
2.926918003565062
3.9174768713204373
4.30025
3.695906000108796
6.933848048537534
5.168729944886712
4.108742186626932
4.036870982766651
3.3738265577507596
4.036709359605911
4.155520144371756
3.8652277155509247
3.8935500090432265
3.5620248447204967
4.758109557109556
3.6355052631578944
4.04774898785425
4.4239450549450545
2.9697139699381077
3.065911764705882
4.2275996944232235
4.063632352941177
4.947783619817997
3.9462176975945016
3.376000222543674
4.983007518796992
4.442577264317551
3.913706453701705
3.2036757696127105
3.407555418719211
4.36033507949637
3.595926996887967
4.749244565217391
3.9389393939393935
3.517278260869565
3.6259925037481255
3.2033563049853373
5.044823412698413
4.4038392117900305
3.493173076923077
3.757191486043973
3.946358390898008
3.1520850331776846
3.4498696043165467
4.376874999999999
2.9450493180578285
3.8115290084388183
4.252397590361445
3.08724006759429
4.662255852721605
3.5786333333333333
4.266692857142857
3.912962676962677
3.5570235261987437
3.536487288135593
3.244277474315795
3.5335082644628097
3.4664222310545836
4.808888955823293
3.4854039408866995
3.3951127868852455
3.989425675675675
3.1123703235990527
3.6528128247958422
3.6401060606060605
3.143353846153846
3.810323515661524
3.929832759504798
3.485965770775409
3.398877435804043
3.6058793938689297
3.658781291172595
3.9741191368942337
4.894868486352356
3.4304028663467228
3.8511505555959036
3.8426931870669745
2.899240053050398
3.6843375984251963
3.388673992673992
3.736577922077922
3.981140716960941
3.978269230769231
4.35499824204293
3.6785710348628906
3.697495726495726
3.98363435495367
2.992946877912395
3.0779166666666664
4.292157298063296
3.3975950195707916
5.2068733098177535
4.142560951799878
4.693178961655921
3.2170892348392344
3.5768889008853377
3.2613275783734665
6.318664938767576
3.461465732087227
3.6322941176470587
4.513246180648619
3.241844842657342
4.042707920792079
2.884296668037844
3.6871249999999995
3.1553967611336033
3.4946244758331493
3.7698571428571426
4.209551468757779
2.5751864781263807
3.174799179022612
3.029351145759508
3.186958408071749
3.7387362637362638
3.089241740531829
4.618373040752351
4.250842105263158
3.8052546855675007
3.8401703834893555
3.758881825866441
3.6420639936692165
4.33505242825607
3.269292207792207
3.7581726505653674
3.359538629126864
4.253681659803611
3.710706305887818
4.445247083775184
3.889961427541456
3.559946218209842
4.059065156442749
3.8354328358208956
3.864224290780142
4.334472861608411
3.659217182890855
3.3539191822311962
4.468081481481482
4.371490258796161
4.7719821428571425
3.6651082287543164
3.752661720430107
3.770934865900383
3.47753720019579
3.405855316558441
4.149546061167747
3.4580217391304346
5.013937952036542
3.3560880597014924
4.003874462896295
3.061925286820259
3.7618243426073676
3.562700884536875
4.797944557133198
4.520923076923077
3.126101898101898
3.259006620610247
4.454420833333332
4.621655935613681
3.5396667244667936
4.247354852954164
4.747716916996048
3.731008070066763
3.8491604288499026
4.480442307692307
3.8031556621519935
3.0655314204969186
4.48826170931917
3.631846743295019
4.206494420250408
2.678126623376623
3.3960485175202155
3.301460242851547
3.965970322893383
3.9724764562260195
3.868947802197802
3.8045726653840455
3.2228491892895996
3.7403323424133954
4.199160010104128
3.5326349745331065
9.627639657444004
3.7200289600702057
4.468943965271034
3.635767823103316
4.699735410369681
4.092765179961535
3.8785925741053604
4.2191831501831505
2.711456756009947
3.7167092731829565
4.619323076923076
3.881914285714285
3.1851523809523807
3.6439528985507246
4.918524456521739
4.292895544074911
4.256575
3.0380317650072577
2.8588006688963206
2.5624330065359477
3.95275
3.703886639676113
4.164061745540007
3.2361956521739126
2.834031746031746
4.036690120824449
3.2065302817874843
3.72688989959667
3.894198184375399
2.933946357989836
3.065267618137121
4.33664861379755
3.5147156177156176
4.185807935361559
3.6699768170426066
3.379430862498925
4.457417529330572
4.299380793991416
3.2077087966923297
3.1654350318471334
3.604324137180974
3.1418417818740396
3.8113651156151866
3.8278180810415585
3.896809562855532
3.8292492482987814
3.7425482654600297
4.069594488742965
3.6154818401937043
3.4790750508750508
3.3282376686573767
3.1269864880605707
4.131264142977765
3.9296886875828543
3.743632628103216
3.9163306559571613
2.8299207983193275
3.876767692127734
3.510766767665432
4.005083019485836
4.070492352191391
3.7388272678159225
2.994278879015721
4.053
3.2728274598600247
3.318551735145711
3.60749812782776
3.2758124045446078
3.5792382776865534
4.318193548387097
4.069569620253164
2.914334841628959
3.1820947505584507
5.664145021645021
2.429683712121212
2.7925515719801433
3.3956829268292683
2.8874391349391346
3.6643917242685347
3.1889308477530185
3.227121114096167
4.408281441717792
2.481218546132339
3.4027702537871334
3.208941509433962
3.562159168967607
3.663986328631997
2.996897360703812
2.927304406779661
3.198400300931005
3.173818010254949
3.3259484126984122
3.3573953531598515
3.507631379004685
3.7528011187693533
3.0709567530850217
3.192418663303909
2.830352920353982
3.7675125164690377
4.090719556459654
3.74795905707196
3.1897655502392346
3.5023556063201977
3.724260765550239
3.2236725352112674
3.523030726976225
3.4454770778756845
3.078200056290459
4.099654634562114
2.8024331550802137
3.215548216998838
3.3615704438121496
3.1897367912121917
3.2215177220230977
3.5309223571217054
3.9992296296296295
4.399336207722525
4.170601841196778
3.4505952654939995
3.2952210798460793
3.5737208587331035
3.477349680170575
3.6684012137808533
3.5448965875370915
4.271048317515099
3.1614874908914254
3.7203331095821444
4.888705282669138
3.6286008804108585
2.9950730201434874
3.475417897091722
3.1920707716913235
3.107754736842105
3.5509149443561205
3.2212182662538695
3.0327406296851573
3.1021589115081016
2.747631862017804
3.3775812274368224
3.5103154960981047
3.919259106762255
3.038188095238095
2.877651573066745
6.534532161483483
3.4035707625707623
2.5914394831299354
2.5946739676164174
4.105634482758621
3.396559494155968
4.110337371529922
3.14126980929358
3.086168797953964
2.993587944219523
3.350785714285714
3.637231313578063
3.107762463343108
3.61605175642699
4.675442871519623
3.3295005291005286
3.187115603977771
4.474976396538159
6.15775
6.303359045981951
2.4816904037330083
3.3079842028684263
3.01144131455399
4.027179487179486
5.305297838412473
3.751181291605429
4.649062980030722
4.52334556040757
3.8479758444619008
3.654909090909091
3.508705010224949
4.146921963562752
5.02099950816447
3.003155714854639
4.23105180233946
3.632726075105996
3.184264461626575
4.1400435001891305
3.6967819148936165
3.402043203883495
2.9515757575757573
3.1670985915492955
3.0115810161122663
4.077188230008984
4.44045238095238
3.1375517438536304
4.8424998492765265
3.5813932504017614
4.229131161770752
4.69658235614944
3.700625
4.187339415395788
3.5470976169968416
3.337189818859572
3.1177232675800126
3.0274658119658118
3.3187107279693486
3.519102741884651
3.8647165558019214
4.29190795614892
3.3747982035928143
2.8991129032258063
3.178286258633008
3.8731431261770246
2.7415214183234267
4.9044267119411415
4.341287925696594
3.8570314594192103
3.1414789693065552
3.5011519274376415
4.4717803183969504
4.642292682926829
4.163060196560196
4.4665501656238495
3.3066190476190473
2.833278184991274
4.283142857142856
5.444880094043887
4.838837275340236
4.861125824724228
4.129511363636363
4.647751208507895
4.45503745318352
5.428712525061918
4.41419927536232
3.5073219119878605
4.635784024194983
4.327451642335766
4.231161327897495
3.7404087158329036
3.5707064270152507
4.28443778179834
3.4434520130449973
3.9143389238294897
5.843091044714267
4.3396433127467855
3.8366457819308097
4.555065146343234
3.514114000126526
5.920077672860188
6.046999943329933
4.167906983472569
8.436103870663688
7.163236607142856
7.993446749329101
5.105586619373776
4.988356701165136
3.8306174421844523
3.3988619811560983
5.0915300458801145
3.941949838187702
4.448648936170212
4.175189732142856
3.7487498838154987
4.756518590053114
3.904797235023041
5.169559480749136
4.310527191011236
5.355228002213613
7.342715789473685
3.54112552742616
3.4070521041314694
4.8514712523883965
3.9430250626566417
3.8227095044378694
3.7463411144578314
3.713628634010354
3.9539832535885164
3.3631074433656956
4.0810801310043665
3.4196168151879114
3.4236226415094335
4.58271679197995
4.271256908593987
2.6003760383246166
4.504435379924464
5.7186063048639095
2.895070993914807
2.6973884584303844
3.2505226171845885
3.5170100308641974
5.259393352947585
3.979776041536656
3.3502304426925407
3.410512308715901
3.497583333333333
3.424615238095238
2.851869119749472
4.338719298245614
3.136137509922452
4.11376326929339
3.684118185358255
3.8346320169900125
3.934005847953216
3.992610547667342
3.9700551011622895
3.2546702905170837
2.435197010948271
3.3394372402019004
3.37440293040293
3.311499968460228
2.63406563938363
3.623566871198236
4.343729310344827
3.8832213494720573
3.5673336550836545
4.57686467742626
3.582698994252873
4.413159442060087
2.9148897329086005
3.125138491389764
4.775188101487314
4.328027322270827
3.8552375565610855
3.365839786381842
3.7068717890104863
4.082833333333333
4.5908796911196905
4.588158454303823
3.4593938640132667
3.082563049853372
3.579666925114686
4.091341269841269
3.6131593526299404
4.015455596224234
4.262741440640284
4.320939393939392
3.279879256965944
4.569389774961765
3.4008518518518516
3.098694499896744
3.4288403976975403
3.4765861003861
3.5053469721767594
3.9139093194770367
3.5034383561643834
4.36624358974359
3.3967750702905337
3.536847989093388
3.2700398550724636
2.7868481416957027
3.5873264548693586
3.842079316656498
2.957661375661375
3.2852543646408834
4.044520923520923
3.827692449555218
4.233148315128979
5.037285872479309
4.27141955974154
4.733881490683229
3.234629256463677
5.094302008852571
4.87710633213859
4.481857142857143
3.434340611814346
7.239231180978138
4.678106454407624
4.625047086247086
3.6775197010496234
4.461706305418719
3.4567985338039637
4.551815020746888
4.117777352227755
3.8249242424242422
4.002711724470425
3.591090375586854
4.137455021396704
3.9483939393939393
3.8650335144927532
4.847779016580903
3.8311881348825256
5.247423368298367
4.794415841584158
3.3841710108073744
4.714937087110155
2.9365005046975696
5.276675878053128
5.305270838548186
4.736924731182795
4.322479532163742
4.108548399687743
3.8848058977230306
4.094525339347261
5.470614932929694
3.8760396825396826
6.277044747699144
3.4489059829059827
3.431760873251377
3.561563797932966
3.888620779220779
4.735626187803965
3.6432486343187658
4.4469905605134326
3.90915965583174
4.593818181818181
4.84561622418879
4.935623015873016
3.6776235865750877
4.187196372204685
3.8037542469300476
4.221052431681333
4.5501722279792745
4.372759843331272
3.251569573738363
6.588808637783512
3.718552185548617
5.505490011750881
3.7636417546815264
4.6909663461538464
2.955446145444295
4.954252674477839
4.498241312741312
4.584361652507079
4.573304094356427
3.1133924191750277
3.720938375522241
3.699872116104259
3.4582415966386555
5.181949275362319
2.4556951537258986
4.185122751252086
4.094374545454546
4.003
3.383897063539328
4.301828052190121
3.633414169381107
4.135644113149847
3.2523172481572478
4.145227342549923
4.493605932436144
4.0121157434402335
4.590881896059395
5.794392580531596
5.353486511476122
3.752592274678111
3.3682824133504488
3.9208971296977757
3.9743885504877925
3.8365890688259108
4.9414816513761455
5.488518226600984
4.801198830409356
3.8446099325567133
4.404858315682315
3.5923060989643267
4.401039140560439
5.350562831006259
4.0233778553761095
4.965455911823646
3.0598354037267077
4.116336564519491
3.7976878260869564
3.6742164846077454
3.402949762513701
4.076795844625113
4.1003207898658705
3.2022377938517175
4.1331446696457075
3.311303167420814
2.904480400196818
3.9404314765694073
4.756839616675585
3.6476492511320093
4.087349436392914
4.590417288778291
3.563622951340363
3.4972631578947366
4.411856695869837
4.749437865212309
4.0334950401511565
3.7324020971970153
4.062272435897436
3.963700738502853
3.848065269943594
4.042586497890295
4.7470027100271
3.5267590352874216
4.07471568627451
3.6554556683263115
3.4432503223033946
4.024919799498747
4.1319191919191915
3.246705182926829
3.0064834834834833
4.235625874125874
2.864652173913043
3.7503258848022205
4.481012372243141
4.483463617463617
3.810566605475297
4.132419223874301
3.87788961038961
3.9338625754527166
3.922478489903424
4.577998157965675
4.198838726032449
3.475253968253968
4.290348012314282
4.081923896499239
4.044653610710197
4.360157894736842
3.278893015030946
4.464691287307808
3.982087320864707
3.4405935483870964
4.147476761165559
4.025831513292433
3.8236243386243385
3.4473483146067414
2.7846184448462927
3.5835832059957795
3.4583630262095917
2.433585924713584
3.144080668962125
4.4249978977544195
2.9837665782493366
3.3576819967711056
2.729006440957886
3.91070320977428
3.0414248633879777
3.9328565851302533
4.391098493468663
4.811702691323639
4.387342223469961
4.198943429170061
2.9621468759577914
3.0762795720468024
3.849656562847608
9.162772929292927
3.9047058557880474
3.478766638733295
3.7084328042328036
4.332754605659241
4.135150997150997
2.970199266108909
2.9928892468787756
3.5025697240865026
4.089952380952381
3.9309278421801905
3.657003610108303
3.381062596411464
3.4967198405108832
3.989425770308123
3.6800158730158725
3.892270871985157
3.4280214252445274
3.6389698895951823
2.926079813541015
4.038136363636363
2.922377085650723
3.9978440003521434
5.063180849942
3.402126576322228
4.081033386327504
4.35348142735355
3.9357142857142855
3.6596587795765876
4.366409034829648
3.7826100191754555
3.9433623188405797
4.689518031870282
3.816583052154632
3.040955051369863
4.732550020361069
3.3209614408929475
4.467639657444005
3.973274900398406
3.6069696969696965
4.240721804511278
3.680663527501522
3.576545
3.4081970400165016
4.1315027124773955
3.175131934463926
3.212058616863905
4.080817953020134
3.0168034009073312
3.2708893761211875
4.066636130136986
3.737171355498721
3.281332027006053
3.9520748663101597
3.655052122740647
3.304056818181818
3.2729872241579554
3.7335454545454545
3.3745882352941172
3.3533745792594964
2.3878090909090908
3.5170109890109886
3.32392464040025
5.110421815589353
3.698073519553072
4.0434171864171855
2.7309194277108433
3.7043170731707318
4.527111888111888
4.347678918576789
3.4551801856335755
4.8098947368421054
3.778731468245865
3.450409018523175
2.9970127551020407
3.4499085939872454
3.9717854406130266
4.156969141514806
4.334998322549724
4.071277962347729
3.398269841269841
3.2298311838863927
3.7102015915119364
4.54797569097569
4.122412762120815
4.054611631391646
4.104838827838828
3.812885232744783
4.1444257794457275
4.445116246498599
4.9272658851056566
4.619597402597403
3.5600471705082737
3.9280756302521005
3.9750738275808692
3.6943314423242213
3.215647727272727
3.800487504057124
5.025784199771779
3.746443230718305
4.762909208609807
4.399787139689579
3.985918956043956
3.0055724417426544
3.9331603966730646
4.144083339960238
3.8563148148148145
2.776235294117647
3.686643919565911
4.166333333333333
4.084038707055656
3.7863863388164627
4.241676378667204
3.9092105263157895
4.814455309797927
5.02134096162737
4.082150805716023
4.487423130262506
5.4925694444444435
3.5798621794871797
4.301748246585456
5.1783552631578935
4.767282520325203
3.8711855476762587
3.5414979193571527
4.96722559246172
4.9013813131313135
4.661315233785822
4.046623226930551
3.9416997765901516
4.812498861374312
3.9742918918918915
3.442394886363636
4.487174696449431
5.963588760330577
4.36511111111111
3.1255008291873962
3.2604130434782608
3.683744505494505
2.325302897278314
2.986560129509713
3.2430873628606256
3.7383571428571423
3.8358456790123454
3.6394315390173406
3.7400936205468103
3.6983448727928225
3.327773911522993
4.169115646258503
3.4944339879978177
3.4938183863564776
3.739147829647829
3.772185993111366
3.5845083655083654
2.6745989570700943
4.389470280439767
3.5983777056277053
3.476285067873303
3.1702642343836374
3.329728070175438
3.582692050608737
3.493455782312925
3.817701877934272
3.11036732697481
2.828362745098039
3.5390887021475255
3.6334257301371293
3.520192172486524
2.9269684238516254
3.3240537127871397
4.4716121883656506
3.3398571428571424
3.684771869100063
3.4307012987012984
3.220891399317406
3.041188029361942
4.4384260558583115
3.3164699775533104
3.344649122807017
3.853820330748388
3.7110576098059243
4.79345652173913
3.966431174089068
4.2057521386562104
4.793895326477719
3.8971610153615583
3.334023241835303
4.225424982342851
3.455865553671579
7.153378573913331
6.825117304104477
6.767657300441288
7.601981374099456
9.269812036140912
7.533128760645612
3.938124559521985
3.8709993183367417
3.368860169491525
4.679702713292194
3.945255385487528
3.4076828770729133
4.491101979101979
9.0374
3.4079749784296807
4.263415945756371
3.4914979032708975
4.249902443328889
3.511723638136607
2.9050233961966385
4.883428467389544
3.4082127966435034
3.4456791408382434
3.9456752413226535
3.401797918948521
2.921615710560626
4.3110331187201245
3.745688188067881
3.7652968295050147
4.1566219780219775
3.8093864027538724
2.5694601043997016
4.248299695499096
3.4545550557550557
3.5437088101663643
4.118811518928901
3.075362229102167
3.378689887640449
3.1616372786402693
3.854442622950819
3.6480373816155987
3.2459053763440857
3.5797541883021453
3.28980202020202
3.1978730158730158
3.4475619690154917
4.0829143111790165
2.9989941281138788
3.563419047619047
4.8064421943640845
3.7789450549450545
4.3555811870100785
4.120010563380282
4.148276774700011
3.404519782893505
3.8214061941631923
3.7669232743410146
2.886262982133912
3.690296242306446
3.794770776843817
2.6082612059158135
2.779218410520297
3.2876125183712284
3.0828632320237213
3.0580301187782806
4.193109304280357
3.2534821061291646
3.2397104964001517
2.9563594470046084
3.4756143391521195
4.313663782991203
3.6363127466914325
4.269636363636364
4.212157786885246
4.30025
4.640435588507877
3.3101570126660484
8.168779532341329
5.816233613152972
3.8465380807311496
3.4014409937888197
3.5519762987012986
3.554969870875179
4.664107460732984
4.221055399325084
4.328704080129622
3.5702261531571873
3.416100996015936
3.441106535947712
3.3499802197802193
2.97439641933232
4.650662756598241
3.3792814399251987
4.198770124716553
3.7246521739130434
4.389223524447987
3.7762290511642638
3.493521908471275
3.73610597057159
3.7954403534609717
4.122312925170068
4.616116010654039
3.4782140369209333
3.54489405216285
5.8987658001512955
3.4234671280276814
3.369458791208791
3.097710997442455
4.172542237614817
3.7529852567543385
3.9350496102055277
3.7601456996148905
4.595924393225074
2.8888257581544567
4.0134549549549545
5.114903067282322
4.340387358966746
3.724139783856805
2.90410446985447
4.7295178047758695
3.8290321691176463
5.2234257549679235
3.4997638662161648
3.493619509939898
2.7033502335649993
3.6045085631349782
3.060050287356322
4.4526546289401825
3.685502356062406
3.989042194092827
3.6726363636363635
5.013735563993038
3.1815776397515525
3.1112702883970487
3.995019012824336
4.313537594726315
4.308046093263075
3.7971194029850746
2.7696505376344085
3.115358024691358
3.969163344799676
3.2553114906550533
4.2460928641251225
3.7543296447291783
5.264196209587514
2.9086048472075867
3.991926989715556
3.440655482977039
4.056950125042627
3.7457985827319358
4.138443800943801
3.2931879438692566
3.5386800337695226
5.3027663843574135
3.3311600790513833
5.053524266899512
4.60562955465587
3.3552977199354315
3.720575237605959
6.389807110862263
4.995405373541821
4.179781573498964
4.408979511589404
4.20400284371909
3.4630595238095236
4.4432832353919505
3.743577280823273
3.1382236842105264
3.3994999999999997
4.0984278074866305
3.531099099099099
3.0906847697756787
3.477761570827489
3.907206976407584
3.1788189249691876
4.020836336336336
3.472616547569834
4.357001307616867
4.0148340347923686
3.3216697534889783
3.253221112221112
3.36497975708502
4.740628337187303
3.3839653505237712
3.928875200088315
4.3829592944369065
5.350033492822966
3.6716768283247188
3.2419653679653675
4.367276441448343
4.651691409597257
3.569926739926739
3.651070655848546
3.3376280748269256
4.520514091002255
5.044437768240343
3.7305555555555556
3.210954545454545
4.46564947368421
3.8914
3.555661502347418
6.134536209553158
3.3748543956043955
3.9798881922675027
2.685325680108045
3.0201843112244897
2.322665161200667
2.970349888806523
3.413035450425281
2.99019918699187
3.2601215001473616
2.7003789868667916
3.800167882071049
4.136626925746009
4.458758522727273
3.698097774244833
2.959708333333333
3.6620539473000364
3.229490441661173
3.105990815154994
3.3245
5.316432144511348
3.4117351032448373
3.692104730653541
3.0107482993197276
3.7664581115158304
3.9379119737561505
2.8046184009506026
3.15825
3.9535700301204817
3.574086981010621
3.522224137931034
4.046875
5.037581818181817
3.9149959780546157
3.2668327530176415
4.917181752873562
3.7131810344827585
4.054005138086063
3.1937296725014117
3.884333333333333
9.43112720619888
9.623872545244513
3.8894675357873205
3.5230181818181814
3.164949848024316
4.587520762090865
4.641319444444444
3.0922727272727273
3.7901698126018464
3.7797964699393267
3.317852475649351
3.6066850963163226
3.789773755656108
3.046181255247691
6.778770008256698
3.6402624885711905
4.40351407952455
4.465414058738565
4.3267729194781825
4.562515323238733
4.1248581468184256
4.178074626865671
3.939916763389156
4.64662493715435
4.359306747433955
4.2612530612244885
2.7924758885782746
3.3797136645962733
3.5833622693096374
2.4953313285948604
2.533447881451431
4.094782738095238
4.466964912280702
4.994217391304348
3.4158009819967265
4.078653204434325
4.301695652173912
3.335468011869436
3.576085421456685
3.3698461538461535
3.2865036208031597
4.006670372681377
4.083171443899449
4.4683190544412605
4.2217877070619005
3.474082409349715
3.804635386119257
4.817680770842061
4.718783827893175
3.850132567711099
3.923839950119611
3.3869654928247726
3.536685661764705
4.101636057877588
3.906471786833855
4.080138238573021
3.1918468620530915
3.153204633204633
3.984964681933842
3.4054635364635364
3.364038308353422
3.7406537910222557
3.1363423831070887
3.543880952380952
4.745537862298087
4.678227178156485
4.078789331735091
4.605848761408083
3.7345319693094625
3.0513948717948716
3.992289497716895
4.06539328325232
3.131540659340659
3.9697511767372125
4.047820417573972
5.957752136752136
3.1939628942486085
4.030208695652174
3.50147735442128
3.1609205128205127
4.530215623829149
4.478952755905512
3.4497220883534134
3.715540528931705
3.587678571428571
4.101579266347688
3.561344831223628
4.199083049489079
3.8689539678734115
3.6431118624964776
4.133500762195122
3.5045698152778897
4.952729605088788
3.622406746031746
3.356414772727273
3.8066649111257402
5.001175651193687
3.0214332861857613
2.940243173325668
3.933167372118155
4.384338325677686
3.69069015685383
3.530040810402879
3.421238095238095
2.862312817617165
3.707649900990099
4.491685302302049
3.999919494238156
3.770739388043862
4.060661083743842
3.323029556650246
3.843698099929626
5.064420743528338
3.072071428571429
3.6473999999999998
3.0602040925266905
4.0097083607636606
3.517435454545454
3.885933229813664
3.5738376623376618
6.223086122047244
9.694056447149972
3.320504201680672
3.9425624999999997
2.8413604163169377
3.607576620121733
3.9410399113082035
3.862388888888889
5.026690058479531
2.765253456221198
3.3409572192513366
4.266217391304348
4.42288135359116
3.0192003988035894
7.844719443868023
2.8424953703703704
3.436110344827586
3.240815442561205
4.212622949898109
3.9656807543740054
3.6584676691729316
4.121236796536797
5.101266107736995
3.750243722373742
5.399361853832442
4.530227360681114
2.9171596861762423
2.694209497783788
4.704664271815597
3.910822345382855
2.9527166813768755
4.5662925170068025
3.794047619047619
4.951034859876964
4.171295724713243
4.087628078817733
3.9351065830720997
4.446886075949367
3.5576634197709622
2.7733382249902685
3.8945981321438525
2.280615288220551
4.035215384615384
4.23340251572327
2.6763805883286595
4.458710691823899
4.428363042039059
3.908126516166718
3.589715723719436
3.37469009009009
5.2387652867830425
4.210154828367696
3.6944330750264176
4.314893424036281
3.232975155279503
2.9893954802259883
3.889207142857143
4.280305736250739
3.087241430700447
3.126275946275946
2.9367206823027714
3.2788561076604554
4.068461784713886
3.5874242424242424
5.263913285638834
3.2238443919018764
3.986371268954509
3.652364936364936
4.740639573279147
3.770334652127762
3.0336064814814816
3.6948706751763516
4.354127398720681
4.825964396973742
3.7448865587202493
4.0950673460345595
3.8761750841750837
3.5216201052016363
4.979510794995964
3.8831507276507273
4.123626037102638
3.861896574014221
4.78448866813099
4.356436126461894
3.1584495772763215
3.79631884057971
4.237129744480278
3.2121143934632306
3.370862100456621
3.6409364330637914
5.938779234972676
4.604877055756116
4.842923227065713
2.507385632885633
4.677869103773585
3.068010989010989
4.917105128205128
3.7192979922507923
4.336290489791601
9.933824411775708
4.192026256116481
3.030874039938556
2.683909090909091
8.966862026968247
8.834252541224306
5.072017703349282
3.914264991433466
3.2198086220789683
3.911311946118398
3.198122600304723
3.0220001181939957
3.5624981167608283
3.799214285714285
3.1107536842105263
4.3539001168224285
3.408059017666472
3.7949954643112913
3.564206603067714
5.459536354056901
4.566319156293222
3.3011182266009853
3.1133914648212224
2.8246419365499005
3.257917857142857
3.415434904996481
4.023236808075751
3.304309578544061
3.2089761904761898
3.569673611111111
3.7552753036437245
2.4502462163159837
3.3858802540415702
4.378828515842134
3.260256261067543
4.101005366726296
4.086518630448694
3.651246776163974
3.8283956071859326
5.57011901074144
4.059626865671641
3.8113253708825745
4.184511867442902
3.1796819264069263
4.3297478930543445
5.00187507002801
3.5671304347826087
3.685627450980392
3.9279333333333333
3.9217680623973727
3.217047719298245
3.298129954515919
3.6803624483043835
4.114741496598639
3.523893659281894
3.414290322580645
5.6495
4.201755952380952
3.2466915635545557
3.2228642857142855
4.120321703470031
4.1849249639249635
4.077422776262822
5.565001764397762
4.106884532305252
3.121534605638264
4.643773529411764
4.374019739640943
3.523393241167434
4.416886870106405
3.32139450525394
4.890935102633215
3.976054615138933
5.0918329326923075
4.988839494647747
3.9493116628232174
9.8020209223847
8.220624921630094
5.349332509101622
4.197417150225661
4.469012180476925
4.072885028949544
3.2300641821946168
3.6128838845883178
4.425851188385435
3.4061550802139036
4.467031074438202
3.596721362229102
4.635150956978319
4.198069028445628
4.102004403794037
3.146907541776605
3.357217783762218
4.199991945288753
3.358792661540537
3.837949354518371
3.7559415452389016
3.57064864498645
5.04203896103896
3.9604779227540425
3.8837264862290657
3.608169916216428
4.545577743902438
3.3845773169482842
4.745460676196959
3.9070957891353264
3.7213590296495953
3.752095238095238
3.7539932488288783
5.370751891756452
4.845939173502554
3.5372096093561605
3.629076233183856
4.910873997709048
3.9832626641651028
3.630834586466165
4.507802816901409
3.670860169102104
4.0687271352985634
3.999696271929824
3.0012099558410275
3.9788604809953716
4.127692244495563
4.074186530895625
3.2845038436899423
3.8964190476190472
6.133173401722521
3.728240235814296
3.587889330024814
2.9141052631578948
2.6876184407796098
3.951913926002055
3.427763829244857
3.5748395812225593
2.4379641056380237
3.291300632911392
2.885128205128205
2.6319982397465234
3.6760076141405467
2.8122283148949814
2.9842546230440963
3.6047940074906366
4.384051409618573
3.4063940345368913
4.303848167539266
3.744024323653512
4.22955930871956
3.19804860889031
2.9176655369872617
2.966505153748704
2.97494256490952
2.9446278896346008
2.5998272058823524
3.875532275132275
3.320875572376413
3.575060328825245
4.595021612149532
3.2969166666666663
4.526910216355541
4.309624901592684
4.237859649122807
4.7241351254480275
3.9173852727531684
4.767744245524296
3.8780973337990448
3.5132577009120634
3.158602495543672
2.845051643192488
3.8277178943846537
3.053563519979719
4.150186896901981
4.227665199207571
3.68953813559322
3.655787234042553
3.4917033979488337
5.317904844766003
2.762678651685393
3.719699809010223
2.966714815025936
5.021061455322357
3.2487691228070172
3.183055770206455
4.468173822839617
4.497452757101625
3.5921421786267422
3.270941867469879
4.29880452267164
3.480709702235496
3.505144707949056
3.654371733683331
3.378701149425287
3.284026315789473
3.6170288942695716
3.426969250506973
2.765586355594869
2.6471260286050153
3.228888563049853
3.02984698670488
3.262680698279064
3.729779874213836
3.846748633879781
4.004908322954458
3.9780732643524694
3.4392087912087907
3.2434234952416263
3.6109495626822157
3.228301032301032
4.255250398724083
2.896492753623188
3.9711072359843542
3.497840302081414
3.7628576474743904
4.355308963923223
3.3107062842758244
3.039020833333333
3.210711147850732
4.944302640667338
3.5718095238095233
2.9878884832392965
4.123304232804232
3.540882629107981
3.9048607333091994
4.573262513159154
3.3111607142857142
2.863020341571785
4.755447043248013
5.366608058608058
4.490153191489361
3.8511595551166775
4.573854950244561
4.675478084964933
3.876824447001662
4.459384615384614
4.177069398062981
4.674420874119869
4.240454545454545
4.149820162533278
4.31494486742508
4.079521008403361
4.075180998389694
3.700187393453801
3.2990897435897435
3.7370413105413105
3.3109324679592507
3.598776139817629
3.7056554555680536
4.257129417879417
4.878492999263081
4.597052444752855
2.928256133386264
4.55339484126984
4.082896992481203
4.898017509544232
4.322461538461538
4.857989268680445
2.6843564593301434
2.837519416386083
3.1998322368421053
4.191912174052151
3.626869047619047
3.1484446292775665
3.365956387403446
3.7750755148741417
3.849308604815864
3.4006871345029235
3.9690848321489822
3.8679739819004526
4.404108527131783
3.9097316464718452
4.421714844705306
2.8886639784946238
3.1159543123899898
3.614033613445378
4.906271882381509
3.712243819266837
3.0786974575439285
4.473634257707775
3.4523727644904114
3.6357316746923485
3.6785724522292993
2.8991618803731476
3.480548780487805
3.1477106903163947
3.6449102807838547
3.6210128294519595
3.7874043887147333
3.7124408395417765
3.8072269635126776
4.211951908396946
4.773262601426112
3.523994512529723
3.2919985649856494
2.9718575
3.859479806765556
3.741457322935583
4.179654570919276
2.5422802235246014
3.6029294281729425
4.379153806823464
2.931613636363636
3.3643585500863042
3.3651509433962263
3.9095836889521096
4.0249860601614085
7.106785714285714
2.9996249999999995
3.0887270043609525
3.535885714285714
2.6308067144719685
3.446984276018099
2.5927321243523314
3.761288288288288
3.5183000785545953
4.276117056856187
2.7548109224109223
3.4392994521065554
3.622777258183608
6.501846255610678
2.645111111111111
3.5174243641231593
7.6899999999999995
3.203
3.282657894736842
3.3749677419354835
4.568141982864136
3.1478418726321484
3.811387160689518
4.871806655192197
4.892494482648328
2.8453
2.764515594917212
3.5956909801367627
3.267888141295206
3.2015201217701215
3.3384203413940257
3.6873518449147773
3.4051205673758864
5.170824046920821
3.1495576923076922
2.378470588235294
2.996756598240469
4.097113986013985
4.538830720235178
2.7484526495726493
3.611820322284378
3.6212708333333334
3.5707362055933483
3.3676430713214818
3.297915254237288
5.1592014705882345
2.462526553672316
3.917873773066352
4.492438120702826
2.7602767191383593
2.7597830551989726
3.027083916083916
5.0973184537505745
3.433418803418803
2.619792615868028
2.9452428035043803
3.837557039149598
3.3784395711500976
2.67433300149328
3.183156462585034
2.956111946532999
2.5915927601809954
3.968767853243066
4.317503450655624
2.7702185507246373
3.206138509733721
3.099369168356998
2.819497737556561
3.2026470588235294
3.8963159731727344
3.0368606150793647
2.0850721070811744
4.044267584849974
3.4258369565217386
4.592934959349593
3.575423585191163
3.1426231951560313
3.7334887174597666
3.484674650361462
3.7265877909794285
3.9823963469184886
4.219932867640388
4.280208056478404
3.9729937859251203
3.6227387390991277
3.7543906473351027
3.645313111545988
6.016520501524907
4.54495061728395
4.050537781964458
3.3271950757575754
4.132522539240702
4.054727051105891
3.602012644889357
4.093696969696969
3.1782145178764893
3.5598635750483063
4.1343338557993725
4.204217687074829
4.915280286168521
3.813619658119658
3.98467501577287
8.268225597046037
3.8116714261472446
4.161208133971291
5.464513505186401
3.535108248144517
3.479976911976912
3.411798245614035
4.337937499999999
3.459135775862068
3.865087039088463
3.266938239809816
4.656302717900655
3.692490625239152
4.083897311827958
4.7865584409935185
4.010284408909195
4.5701521468802575
3.4929615045548044
3.129345410725045
4.435428412874584
4.70896059919436
4.2978034125405635
2.8772726452679844
3.679413793103448
4.1941037134959736
3.392736864193386
3.381826498605948
3.546157807461999
3.207308254963427
4.282543956483481
3.822785465405674
3.943807112718505
2.884190661924974
3.699646198830409
3.8998228352684357
3.7895458274293383
4.217209549982824
3.2473872679045095
3.911912340578408
3.132148648648648
3.5405978977544192
3.7701904761904763
3.112413903469466
4.145999999999999
4.310123459507043
3.0672246376811594
3.340423791821561
3.9969820037604076
2.8927278688524587
3.907945054945055
3.2188243163486128
3.8758369175627236
3.4888551070265237
3.1441206765968186
3.5929818856083293
3.5746511224826674
3.3560934172114627
6.925906712696586
3.098112781954887
3.370769497312033
3.9587652708013423
4.732966735966736
3.5088370646766167
5.247293386303287
3.584180803041102
3.784822804056876
5.6957410714285714
4.127864132553606
4.677671111111112
4.045649885583524
4.145847472527473
4.730628445770831
2.9894216300940437
4.144716025359362
3.4291748251748246
3.914628988583138
4.000630103450998
4.104646825396825
4.035367683686177
3.192418663303909
3.312091856060606
3.3741753722924184
4.792995104606822
4.474675324675324
2.6204447637865993
3.198579122340425
3.236014760523235
3.858794464236777
4.240668371361133
4.079667857142857
4.217328279499011
2.998098374439462
4.514250437710437
2.9442218606353983
2.9577500877500875
4.59248076923077
3.602762845849802
2.6835785440613025
4.367414746543778
6.080550458715596
4.188174603174604
3.318548058252427
3.7936553020896153
3.6039745627980917
3.54395913107511
3.727167665615142
4.7024880506766475
2.7961975984726686
2.668844563279857
3.6837874873353593
3.85186944045911
3.6666246684350132
4.218579617834395
4.31285934065934
3.6558362947168916
3.461658454647256
3.6429744743855488
3.705409090909091
3.9382892892892887
6.136815384615385
3.142720518867924
4.00778735252867
4.543453079178885
4.147154424778761
3.570695260672216
3.161171042899408
2.9524703832752612
3.573213358070501
3.564708541458541
4.469257296009529
4.018711393869289
2.726876607682348
4.196986802438534
3.993615113803832
3.414556858564321
4.918225683060109
3.3830732640787313
3.2217058533883174
3.6008350051885154
4.07998316912972
4.776938556067588
5.602889474891079
4.247730438063874
2.286477964141122
3.32435947463077
3.8310828877005343
3.7623333333333333
3.4888551070265237
3.1218357487922703
3.7052138554216865
3.2716929729729727
2.9358627450980386
3.0190483448440104
3.5928235294117643
3.3162231308411214
3.6350658387872685
3.686242925948224
3.685534798534798
4.069721326111541
3.5399273631840793
3.756023809523809
4.876016620498614
3.9580150987224156
3.966447658402204
3.628110714285714
5.397566827697261
3.8697811803001985
4.758904761904762
4.206071825121443
4.394385885885885
4.444842228116711
3.8727192982456136
3.629151515151515
3.733465799886942
3.425644688644688
4.337521081489884
3.386160450291604
3.611297245521383
3.305300503893724
3.2582851860782895
3.9507568285620467
4.1914181585677746
4.031400105213934
5.0223560799813995
3.604286265857694
3.7999380305602712
4.007091858506457
5.028597693767333
3.883767078724788
5.352586914195154
5.077239687848383
3.571457326892109
4.561588266776452
4.7923702538511606
4.879892307692307
3.8897223343848575
3.5825252851711027
5.931377554027504
4.033569808400491
3.9756328728461083
3.6777842415316644
3.849335154826958
4.3762496413199425
4.935850665448852
4.020501728608469
4.560332791559738
3.915539039039039
2.794275011497136
3.450932710037657
3.5003342087427987
4.566518729010591
10.014859813084112
4.028536427763717
3.583008620689655
3.699693369130869
3.8057902764999274
4.42494452517765
4.377846496106785
3.565777865471765
2.8284642173746652
2.957556891540855
4.274753846153846
4.877992042440317
4.589754585798817
3.369505973025048
4.289116212338594
4.509721129000198
3.5739279078202157
4.3851845739598705
2.6796838396492326
3.5689736788410524
3.918460117332235
3.7910238095238094
3.8178673842690305
5.475070993914807
3.6664844497607656
5.527029026405966
3.9343077372262774
3.964343283582089
3.397258687258687
3.573441534546878
3.6807362343096233
3.777961909353905
5.862488131402795
4.29878326585695
3.7554565174129353
4.620527131782945
4.041184871837828
4.180383905415713
5.397220149443399
4.01034047167254
4.179263403263404
4.714047008547009
3.639449610454888
4.17239985702371
4.176944356120826
4.18151364764268
3.958920124123664
4.3962292297527945
3.520049545610099
3.7497022556390975
3.690352083333333
4.741362785862785
4.762365413533834
4.185503851871874
4.7379449201573705
4.608403963228495
4.186734110169491
3.1732493368700263
3.1064683544303793
3.918034782608695
3.6435998463901687
3.6748545310015897
3.6080595325953255
3.274876819708846
4.51895238095238
4.202414582721715
4.585302413492293
3.1658052109181143
4.492262910798122
4.060177567021926
3.537279262672811
3.555976327116212
4.073424242424242
3.3988590733590733
3.959823204607046
5.478103260869565
2.9624365568757205
3.5893916083916078
3.441849575212393
3.471624040920716
3.6651032357473032
5.199711247180147
7.593841987936008
3.432305803250395
3.1643049050951926
4.619457985257984
6.2437488582765575
3.833916975881261
5.02231654054054
4.021659985084394
4.245623976248975
3.857274693877551
3.3326739639547904
4.593298643986199
3.673629410385652
3.5454859053989485
4.754792114808389
2.6866598391367336
3.9037786585644443
4.296702579982226
3.670194805194805
2.9027332170880555
3.286675324675324
4.204095329481637
3.212708720593232
3.826816326530612
2.8333290598290595
3.524076923076923
4.156672268907563
2.9973729110512126
2.813328282828283
4.223324675324674
3.852918168838122
3.1704641674194516
3.6004717203456393
3.2752979127134725
3.5639706986830273
2.7771142225904444
3.227324038368842
3.61573010275621
2.8703314285714283
2.929595110771581
3.191666261767385
4.224572807591622
2.8649552983797926
3.5556720430107522
3.1418822115384613
3.7001078807001724
4.2752671166827385
4.295799484757406
3.155840294996503
5.357681937080239
2.741083333333333
3.6983231165600565
2.769840423124114
3.282761612498256
4.225561051502146
3.927759118541033
4.400701394543974
4.19157572895762
4.128682796019307
3.7130343919985958
3.6751741753821396
3.3920407704654894
3.8744825581395346
4.055985583888727
3.6882432091690545
4.242396093988404
3.648373359414437
4.05563878806211
4.3339985384123505
3.484491999146576
3.9109090418353576
3.6820877192982455
3.5554633587786255
3.4247377857463017
4.443492268041236
3.4573211523072818
3.9131163357715075
3.7417552447552445
5.511266004792878
2.6722705570291776
3.6168613861386136
3.588498112659698
3.4784722222222224
3.15754788516327
4.0226218905472635
3.7315957514267595
2.2822398452611217
3.735852506982311
3.3945196895659673
2.8985562677053824
3.5492818590119115
2.154025426680599
5.273100649350649
2.6451512651947406
4.337444191029096
3.91436424642035
5.090405572755417
2.902802491460719
4.681606421714664
3.17430103085971
3.1841782569085937
3.16910402057036
3.4106019714300775
3.2992430018661687
3.5484225352112673
3.7478056680161944
3.2273794572228307
3.7680590611353706
3.1819433198380564
3.7782197646317117
3.5554374999999996
3.4361622983870963
3.9100132587859417
3.6688612297450067
2.785875534759358
2.9542954184130656
4.287593566240055
3.9362364208015608
2.9318982070561015
3.275651586033774
3.5764753476611877
4.164920962199313
3.125907756596215
3.189020215633423
4.777318588948601
3.2416588056680156
3.32462148217636
5.303016891891891
3.224985714285714
6.669262183671645
4.372633928571428
3.321964495305164
3.3647142857142853
4.614194349928367
3.30841597915762
2.4315392156862745
3.8658863354037263
3.7372520576131683
3.9470010893246186
3.4519999999999995
3.8972336592897574
3.3151770981507824
3.895523394495413
3.082978848926322
3.358375939849624
3.351861319966583
3.0163091719446395
3.804247629289275
3.434086588061901
2.849274397244546
3.11173894912427
4.1960881157696495
4.0857170329670325
3.295252665162244
3.7791455364592017
2.7859311476542525
4.204962095875139
2.815417112299465
3.9917183098591544
3.3698180272108837
5.3011614700954315
3.084333333333333
4.012406789413118
2.3754545454545455
3.0470918466000643
3.908432805950987
2.4257578231292514
2.7560327643171805
4.357140447504303
3.8508723816229535
3.415077848621966
3.6654897891963105
2.874630526953361
3.7024909963985593
4.645496237799468
3.555621091679915
9.393157773386035
3.8440373635859175
4.078347222222222
2.8052344322344323
3.878722683838803
4.258095182138661
3.213774509803921
3.8905672684915547
3.524634193944125
4.938168452906316
2.998378151260504
5.056535087719297
4.062514705882353
3.854448275862069
3.5872038303693565
3.118647887323944
3.6976589644843814
3.7550796645702302
3.0537872622733304
4.11650078084331
2.9202752100840335
4.065106132075472
3.394798900847263
4.29160031774159
5.1571535329077705
3.3021199743370397
3.6262877592754896
3.9159543610547662
4.416058910162002
3.770087501976701
9.415420020639834
4.292750737463127
4.848092558983666
3.453159817351598
3.1144347826086953
2.534593764354616
3.0522365747460083
3.470959646017699
3.63817584725537
3.8851026498585024
7.551527058823529
3.6434201819685685
2.8956997309626855
3.4125847282733317
3.6609637283236993
3.6975112747353887
2.838507662835249
3.708066004474879
4.460236356275303
3.411863145258103
3.2026582222112268
4.247753303964758
3.8994555282014605
3.690832215883063
3.7759659270165105
2.8423280029669704
3.475380653881895
4.0435118306351185
3.830767145476772
4.622333333333333
3.536548723723724
3.9219287005354277
4.574503079313917
6.407258687258688
3.791938082425515
4.516151799687011
3.4852763940520446
4.144043248945147
4.020707317073171
3.653300140056022
4.11608381043257
3.467116760828625
3.423616436315977
3.4285452127659575
4.751680134680134
4.668278136571084
3.7988061151079138
5.208978958316665
4.646753679008757
4.250421948292789
3.490235779513698
4.332860416228716
3.555445072909174
5.396875
4.444431133250311
6.346600337457817
4.7706291057528
2.839886409736308
4.400017574847656
3.961765569620253
5.1863529411764695
4.45125067204301
4.045931603336422
4.532854993817832
3.845080043100131
5.051058876003568
3.94085060690943
4.05528234421365
3.2393638642059694
3.4756447876447876
4.720008658008657
2.676123792800702
3.7340316373124587
4.243005805515239
4.340985300594582
3.1035544922913343
3.532790178571428
4.133129749768305
3.904889655172413
4.558891304347826
3.225359727679795
3.7611432748538003
4.050085009733939
4.40011130531162
3.2784336854460094
3.205757629107981
3.02947554871005
4.591896955503513
3.9222429378531074
3.3002433268858797
4.4583246460746455
3.8264120171673817
3.6830115436669053
3.2519466521502447
2.9135655783844636
3.345474730583426
3.4523377358490563
2.9287037931651456
3.024517991266375
4.2223169761273205
4.537179487179486
3.8114999999999997
4.255764069264069
4.197844606852226
3.8834403910348114
4.334880399742101
3.533141020952938
4.9226727005520114
3.3034551219512194
3.9219346010239033
3.1815379716298366
4.170618188445417
3.095889685501066
4.333728937728937
5.225028103044496
4.362314393939394
3.7013793527597794
3.418117045454545
4.582393391811053
4.860193080702997
4.146239399624765
3.992458736923673
3.1785160796708802
2.348874208526804
4.2262246065437985
4.151040752351097
4.413281924198251
4.202525722339676
4.199105929380412
3.216315816570441
3.1439897435897435
4.221473684210526
5.582894297538051
3.65497871017871
3.8015360640840083
3.7537757078986584
4.563441463414634
3.1858181818181817
7.501451349215996
2.8439295774647886
3.5358643146004742
3.7277284001653572
3.282456011730205
3.4503864241348716
4.098779661016948
3.4339983452840595
3.308817508417508
3.322537488284911
3.0858173854447437
2.7456694386694385
4.3219736202707395
3.468232773911857
4.305465342163355
4.345572781065089
3.0589844142785316
3.4602482223658693
3.4749052271617
3.5696286890871654
3.1469773056494446
3.803653215077605
4.558301927920946
2.9905
3.8920741626794255
3.3887406654588834
3.1156109589041097
2.597795271300937
3.2068585858585856
3.528212068965517
3.8191090909090906
3.2826834415584414
3.5660075012714016
3.8405362318840575
4.192804878048781
2.339403846153846
4.143342177998894
3.7105817428185848
4.267059289940828
4.262593841642229
4.342538743506811
3.6873628155518703
4.434367644491006
4.63492364260326
4.658296511331805
3.9871626047962563
5.907413112311417
4.130830908289241
4.6944175465204445
4.734571331981067
5.264530411255411
5.747929308565531
4.133986377292034
4.543678147810218
3.4273996411483254
4.117035714285713
3.3489571855293723
3.092781030927835
4.405029411764706
2.6323529657477023
3.7160395894428153
3.1672683982683982
10.225411764705882
4.735360655737704
5.063200506673256
3.8516715200620375
2.4664679816162387
4.054603904923599
3.1451375039647176
3.797990223381801
3.6935059523809524
3.299918198155025
3.4547280923267762
3.8802307692307685
3.583869137729223
2.853930769230769
3.4509783160134195
3.5684348084348083
4.687812989817957
5.079312922267816
3.7719626743747643
4.073934301625527
3.686623951182303
3.391828491042719
3.496649404553415
3.596313636363636
4.888605710240679
4.536158978174603
3.245256737112826
2.221960595235486
2.9760596553247898
3.3041358024691356
2.9712796382648015
3.661746902883745
2.6795475498479213
3.253058271604938
3.139297947214076
3.2172419504932064
2.539084035340045
3.3108903912696297
3.970479167438243
3.9734957983193273
3.5831024054982814
4.5647549897507815
3.276789139719341
3.606418337167269
2.875307320698625
3.6626562220847934
3.341785476718403
2.9157012987012987
3.8919638009049775
4.418041044776119
3.632644432294514
3.1281053459119494
4.193521413752222
3.392750885478158
2.6836667662556355
3.311944482439554
3.930093088564148
3.700089277496548
3.4872499999999995
2.779155303030303
3.0883428347280333
4.428074053137365
3.3105440353460973
2.7322545664739883
3.149102034226671
3.3686905716576927
3.4696453830529657
2.8514819173363946
3.0503066933066934
2.8572276529440708
3.4775611985779578
3.355478041197046
3.6032007575757574
3.2640401785714284
3.9408781142910065
3.1015381517811043
4.1904164179104475
2.931805872412336
3.3305798319327726
3.6978646616541346
3.37793599303447
3.596495112525574
3.048057614555256
3.7705466259496494
3.4677352779306547
3.734854629629629
3.7125855962219596
3.416019971901005
3.3145840255740153
3.27852752899721
3.6171521739130434
3.833097207513516
3.482285298724547
3.3617142857142857
3.5030821309655935
3.1181520270270267
3.4318814814814815
3.105655330414418
3.0012132848988062
3.475916149068323
3.7946960784313717
3.291030303030303
3.27900989010989
4.055814632366356
3.0855441306266544
3.3451466108149277
3.5983767168083713
4.4679429700734055
4.436945929887106
3.212044680424764
4.820375222059164
3.5235761307657856
3.9063155214160474
9.44444226170941
9.559172272453285
9.793173831444758
3.8075185185185183
2.697157152774069
4.717246197608267
4.125897682357168
4.312292143915913
3.5005063732029047
2.462410992616899
4.842453168044077
3.6475288019559904
4.130417287630403
4.4314885496183205
4.833086715537279
4.060488327526132
3.397167487684729
3.941949838187702
3.2950456621004562
4.598734400706231
4.1060790123456785
3.9100899482631184
4.172603274853801
4.104466300940439
3.485893389199255
3.844406698564593
3.6954456081552856
3.2664926116838484
2.9690787671232877
2.6149592851592853
3.439930382293762
3.5868057851239663
3.6583166144200625
3.4307012987012984
2.5480155400155398
3.8310662917838174
4.599891652207441
3.322917508417508
4.184989823448667
4.126899634703196
3.3340153210116728
4.370177732379979
3.2949354638766297
4.668997447447447
3.6512511005273516
5.414420996422278
3.1132583527583524
4.851740576496674
3.5768905704099816
2.5920440251572328
3.8708022641509428
4.240930772617213
3.0859389327146167
3.6749154135338347
3.3058200807442515
3.812044517256443
3.3703895392619976
3.1431223686799132
3.7265384615384614
3.7582861165868766
3.607205233783467
3.5124289547869454
3.378082236842105
3.536726884226884
3.0620030303030297
2.943385654062959
2.909300260586319
3.5839428284013746
9.842294539605252
10.05202610346464
9.374101584721657
9.477101130107215
4.224464383561644
3.666203748555072
4.2956029801324505
3.722254310344827
4.738410821397968
5.669311688311689
4.096099140824271
4.289238228284987
4.11006237816764
3.0115898185570553
3.3795200549793827
3.4548460365853657
3.1502142857142856
2.722401069518716
5.557828544949027
4.68675
3.7742422074603983
5.7018121212121216
4.3552827229642395
3.1059041666666665
3.727332154267458
3.8105148586821738
4.334607604474584
3.168491168091168
4.973077041986636
4.058
5.287461538461539
2.947667525074546
5.771932100959829
6.007125690930323
4.006847633587787
4.6006182795698916
2.9363922413793104
3.7370490832696714
3.033763157894737
5.041162162162161
4.415671411849111
4.940649425287356
3.234819915254237
4.183228454869964
4.024774311677743
3.921605172001911
3.6511439363280718
3.956456048993362
5.6539020922475665
4.3608556533646325
4.171205701078582
3.8447241379310344
4.287291666666666
5.186589275740085
4.704990097375804
3.6911821821821813
4.488376655629139
3.6917888563049854
4.074673854447439
4.581836399526253
4.264561742346414
4.030336673974318
4.69484933850365
4.066587594508555
4.259765279917822
5.147865628701981
5.245420254996484
4.256089131058216
4.1611678106095855
4.481479718007758
4.3789152348224505
3.9693868656716416
4.314567725752509
4.310906217070601
4.41003861003861
3.4322869873981756
4.577998157965675
3.690060057589469
4.007182326283988
4.260357142857142
4.634169415292353
4.362070119637112
3.5779350649350645
3.726604395604395
3.4133329682365825
4.498862501600307
3.50684714986209
3.32627950310559
4.082697947214076
3.4496072882736155
3.178917496443812
3.9558571428571425
4.7697820728291305
3.7142634951456306
3.084389140271493
5.165241844493499
4.273530673530673
3.79755831643002
5.473452029087497
4.162444991789819
3.7246561853315057
3.637865853658536
3.0920440251572328
4.962833413088834
3.4387534246575338
3.901610659439927
5.515456916099772
3.3007166123778497
3.2964515523325453
4.070336705577173
4.163628709454796
3.7193438432835815
3.0344743589743586
3.656348558054503
5.043662221447455
4.868810692206344
3.219670827720401
5.487407704355608
2.9100662069382692
3.7586242169398436
4.929773109243698
5.160362221069018
3.758117256223095
4.269522624897624
4.461282220410583
5.466035714285713
3.389775945293644
3.9649646561659617
4.200444960982899
2.9854870062728334
4.191180952380952
3.9122510951318286
3.9570805152979065
3.6988488544843223
3.8711362542128067
4.808313077469793
4.511472751870798
4.503931754519989
3.681096114096734
4.022790338467049
3.6882031892201232
3.2002043010752685
4.851529060747106
3.752592274678111
3.972621307666777
3.4420561118784527
4.071106297779396
4.428690280464217
3.264
3.426656665635632
3.73256622851365
2.7439709086947044
4.315000585480093
3.161457361222848
3.58287718511878
3.1630979194743936
4.760703740417657
3.7422837837837837
3.99926209289686
3.323090909090909
5.3350263381478324
4.13991948051948
3.7057993089547936
5.540002861545235
4.423456078083407
3.6941174357557336
3.6615854037267073
3.3757499999999996
4.996586206896552
3.605735873273212
3.1094725490196073
4.214281890858533
2.9650267558528425
3.2066313725490194
4.037831757669304
3.759407290268992
3.684138522331786
3.0990450528425653
3.5852468990948707
4.127820987654321
3.8788811830698617
3.0850238095238094
5.383667431192659
3.613375
4.294912896490007
3.2547058033089775
4.57680235042735
4.32638058076225
3.0053697478991594
5.303512664857701
9.48853393309173
7.835677756508423
4.097003593890387
3.6090148558555812
3.903582397003745
3.3366100323624592
5.216207746478874
3.205886820066672
3.142452489177489
3.828822571509487
3.570815476190476
3.5833190476190473
3.858477453580902
3.844847368421053
3.7477102092880425
7.103776479013144
4.420091310632829
3.5740946579194
3.3750148499210106
4.276676573426573
3.3698730158730155
2.6152539682539677
4.07391170610647
3.698956866197183
2.971759697861989
3.219815223749634
3.8435035991937805
3.627290076335878
3.573171497584541
3.415517156359153
3.4861098425877874
3.0871434065934067
3.2857857756504663
3.4689086909871243
2.8344545454545456
3.9058498942917543
3.9701022020725385
3.5395276639344257
3.351711271230056
3.827607492379271
3.611919276959267
3.4469723970944304
3.8225652173913045
3.0384621876014277
3.037803666077738
3.142870438472418
3.4340878114934736
10.218471674208143
4.162661913250148
3.7348603511637397
3.7792508116883115
3.8428534845436255
3.3697662337662333
3.374732542819499
3.8823971358176776
4.816919088766692
4.931509130326024
3.5812894736842105
4.373296296296296
5.303395372082562
4.682064664502164
3.5188668511685113
4.747707973273942
3.3817962170156455
3.485055221843003
3.3077015188979155
2.8698331360946745
3.288853388239569
3.9604156000965944
3.5219286149519564
9.835854212454212
3.342283985534124
3.797510281030445
4.916453371499204
3.2937222602479275
3.262530201342282
3.364513349514563
3.7325844155844154
3.6019476263828594
6.146888888888888
3.0807933835474817
3.8083413367942893
4.575239422598307
3.564825243619489
3.1413002481389576
9.481218909536452
3.282235762144053
3.3374374999999996
9.002430413302807
6.688483082706766
4.139128146453089
3.6436002665876774
3.753598930481283
3.6848510638297873
3.8306717517776336
3.3414314329738057
3.2716179604261795
3.882571428571428
4.4495
4.043647468532342
3.7323355548366224
3.6558444408056325
3.5846778931287107
3.2107669641004355
2.7784361148355545
4.044519886363636
3.9536269663248653
3.8028511655387254
3.9776052631578946
3.1392499999999997
4.1818370697558125
2.9001405405405403
4.303213725742193
4.491675043327556
3.810012841381805
4.1808098669623055
5.01181211916046
4.028924764890283
4.223710153721683
3.398377601314348
3.9014257089289894
7.870679108852842
3.2852606494413403
3.6379943074003793
3.5570870460648085
2.580833333333333
3.469950470665499
3.4549295997027953
3.1678091286307053
3.302299603174603
2.7812822966507174
3.5702789094043457
3.193771929824561
3.952660130718954
2.645282485875706
3.5142445011783185
3.0075818759936404
2.5386361819090455
3.275103168754605
3.546356415389972
3.046466806256928
2.905310555449513
3.9329928644240573
4.650560669456066
3.438706004140786
3.7271969696969696
3.460763157894737
3.2145319829424306
3.9294263714427644
2.889449438202247
2.8485401535588295
3.725156089193825
2.986684044450542
3.751549525101763
2.925048701298701
2.988908820522353
2.8776711111111113
2.9430681003584227
3.9457823452768728
4.487359979281767
3.683437872937873
3.7287397390477834
4.169511068476977
4.072905768132495
5.001371458358886
3.0731360718870344
3.013104098893949
3.867046640316205
4.686693947852943
2.932265655899802
3.6444494773519156
3.4639790321569603
3.4372504549590532
5.427623093681916
3.5399043927648575
2.7956761006289303
4.093543859649122
4.29224518799586
5.030131054131054
4.319827205882353
7.051695787963197
3.5579604283054
3.354302144249512
3.512289763233393
3.6818191268191267
3.004261538461538
2.864962745098039
3.1802600797894915
3.44044826446281
2.844672514619883
1.8617697784810125
2.6873138138138137
4.740269089929994
1.6849999999999998
3.2627027417027414
4.805299145299145
4.183576219512195
6.6348362193362185
4.348522950972617
7.221146520146519
6.417538138825325
7.725114457831324
7.3959338831422965
4.921825174825175
5.68606993006993
6.490349604221636
7.853423809523809
5.774504996509425
5.477707518470229
4.57550414007245
5.7928070903647235
5.584589995388329
7.178969483568075
6.668772727272728
7.335353146853148
6.147686839012925
6.884911637665063
3.5057407211093987
4.6776184086629
7.978484042553191
3.4474168755221384
3.5751227000171317
4.023425601525547
3.974033405954974
2.773900603366148
3.5314531073446322
4.240868983502466
2.6088725296442687
3.5045740461847386
7.223835904806188
3.795755844155844
3.913472153972154
3.4856971343873515
3.1473286552537654
3.3087717391304348
4.0361493257453915
3.758765471370734
5.317901763662295
2.855241101491101
4.137525436793422
2.6652071428571427
3.2822168367346936
4.369287606645711
4.59189102005231
3.327258064516129
4.669466069997328
3.2103045230631433
4.458318181818182
3.6420108155832684
4.255339837398374
2.9792618332948506
3.298201581027668
3.788573529411764
1.917283566058002
2.734528118180292
2.657763888888889
3.3274990723562152
2.9745064935064938
2.600714957057203
2.5886031746031746
3.5619271749755614
2.8387189542483657
2.8434787581699346
3.323542443064182
2.9907319298245607
3.76971368735976
5.51087779433681
4.1636922772538405
2.6869978791092257
3.720226124567474
3.49307521672616
5.8452126436781615
2.443469387755102
4.334371014492754
3.7172691815856775
4.077146074049084
3.8190750943270224
3.5803385498584457
3.2085313681027965
3.1579754738015606
3.8216426529445395
3.7947142857142855
4.144882133995036
3.4185
4.487191075514874
3.7106374113475176
4.565964859248063
3.307991744548286
2.8204887427270426
3.4576520290732886
3.0548776334776333
4.219018954918033
2.903661330049261
2.744663623413623
4.533851872764917
4.246047806302052
4.151838566195709
4.297307608547706
4.056050360422632
3.6507142857142854
4.401965392010254
2.9708662839574376
3.680819327731092
3.310929942126104
2.758117490872884
3.6264181818181815
3.1643142857142856
3.839936889993916
3.7766411226114647
4.046817121120096
3.922623443223443
3.8872341315401013
4.211992045454545
3.6071481942714816
4.519636063265085
5.185774402293951
4.245400617113383
4.189016064257027
4.668396182764603
3.434267610591778
4.013406825568797
5.252825732156911
5.435738957522423
6.827381186835966
3.9713817869893817
4.2265110445808585
3.0210898174203256
3.9155761689291095
4.653887602688574
4.115417664893881
4.807958057395144
3.5692007403668184
4.783802695978796
3.742488386535834
3.594294727668845
3.224874465355004
3.4502440939729073
4.973656294200849
5.5991644541311665
4.332211408002215
3.55330183531746
4.506559289790742
5.5834188034188035
4.455430836575875
3.8471616665565316
4.473357066341148
6.05147486671744
3.9541428571428567
3.658644487932159
3.79641961722488
3.3920666666666666
3.683096774193548
2.953536230366492
3.6067150537634403
3.4916574664366604
4.060272300469483
3.466534802105673
3.3112369409354723
2.9763134550634547
3.6586619981325863
3.710893939393939
3.2619890664423883
4.233915751117982
3.4204537768127383
3.2811574770099594
3.554565217391304
3.901862068965517
2.9370476190476187
4.478461206896551
4.202689029535865
3.7219455943228854
3.073676929168935
3.62142269984917
4.064529952998148
4.3677521477955334
3.9547181285697364
3.0037381314502984
5.104803316180673
5.104803316180673
6.6907769606713074
5.347710077193719
5.244638286893705
3.904063882063882
4.157849873176918
5.61227529877557
5.00571075508298
3.6426190476190468
3.7286603445550814
3.555805555555555
3.6576944239744535
3.564779527559055
2.1473998510796726
3.2003204835766423
4.692496957403651
2.969814146308175
3.8046387276526583
2.921695512820513
2.535561655126937
3.8605391161540754
3.809721382636656
3.2085392721154693
4.13469497084548
4.007234265734265
4.2546238095238085
3.3873351382488477
4.891573388460815
3.6554425508521162
4.382164430628272
3.2268697478991593
3.301994270306707
4.51048179298945
3.1788943637008154
3.066849061522419
3.3942903121982617
3.4813067226890753
2.5944594594594594
3.468590535500923
3.2281654389854344
5.007073570759138
3.5877907288781157
3.4489440476190474
4.235847457627118
3.5930014662756595
2.8979472966833257
3.4994495871360276
3.2690759027266023
3.764405421924999
3.662007007191591
4.053476708074534
4.3117692307692295
3.8060177107640754
5.075015151515151
2.9198966823406476
4.567819192718639
3.7534594026911714
4.651289517819706
3.1267142857142853
3.346184732901151
3.6065946285655652
4.421782939832445
4.862333439617377
3.783411466260781
3.03701200353045
2.9945410001184976
3.2397112643140917
4.15307713884993
3.3630173606210305
4.445365522120316
3.4650701376222846
3.8456358401084008
2.9056666666666664
4.423872945521699
3.2378739495798317
4.580770797962648
4.158109730848862
3.1950130894445374
3.3567051184110004
3.675434125990822
3.130596766071728
3.0089662556781307
3.893783634933123
3.752432161902264
4.030503636363636
3.1409572393098273
3.4137482435597186
4.409455648926237
3.745423811458756
4.157729577769367
2.770355781510954
4.791614247709134
3.868958592132505
3.645348125214998
3.7124991008991004
3.2615736749032163
4.278329912023461
4.551666666666666
4.296357216553938
5.2444364677383835
2.835408466498458
4.806078260869565
3.9051218915782493
3.5421901509705247
8.967456273258904
3.3641637123064383
4.869138890090403
3.5257567599667445
4.198843434343434
4.518419390394781
5.928781497028838
9.820725806451613
5.046377477531099
5.760183627521613
3.931400631626438
3.9011578947368415
3.3691742919389975
4.524694209109937
2.9701839742113747
4.1152287812455866
3.540145299515235
3.3244892473118277
3.9128021512385915
3.1400408358895704
3.923027397260274
3.7254494117647052
3.4897365764808557
3.5810351072401487
2.9902518544683856
3.50993706445993
3.529005079365079
3.392111769194433
2.7247817714172653
3.9569939159939156
4.20215343860016
3.4780861274431905
3.155304705882353
3.5641764048084985
3.521908163265306
4.034578876706198
2.4486241641337383
4.349991238221193
4.574644110275688
4.417896945551129
4.193710594696746
3.872276598097766
2.912335129233617
3.390899278215223
3.3584845360824738
3.128969743816254
3.2521225973553864
3.5166033462148456
3.099508998615597
3.7687361210988057
3.1215372067039104
2.7421529680365295
3.6730980745701585
3.9530065297021815
3.222092548076923
3.8805613707165105
3.48931746031746
4.148153846153846
3.366743083464383
3.507403766269731
5.175592656508169
4.110550848617574
3.5282225650724133
3.911243761608657
3.305783624351109
3.4578666666666664
3.0925274771524767
3.7714393106893103
3.6492701544182204
4.668313132607302
3.4163076923076923
