17.48975827461029
9.192005494505496
12.242011204481791
9.658324590163934
20.024105809128628
35.27913736263736
105.65706611570246
8.450559701492537
23.53335171102661
17.089227272727268
47.98803051643192
6.192348214285714
13.656327586206896
6.738229370863701
21.87462580645161
20.349479674796747
17.642335483870966
10.92305605536332
9.524568764568764
9.577568583162218
22.19995329341317
52.62938202247191
27.015576215022087
28.32255367231638
8.589481203007518
9.438600050787201
16.766510791366905
102.53099004267425
19.517988505747123
18.17745454545454
21.744561224489793
19.297478260869564
18.329291189931347
25.612849206349203
5.701145524625268
18.30590476190476
37.331629629629624
34.66473451327433
47.62416981132075
17.37532905811623
13.728502164502162
5.911134387351778
7.263348955392432
9.02403046458492
23.33020689655172
22.07267857142857
10.69605827067669
39.75492884250474
9.015384210526316
19.610518518518514
33.04951204819277
101.40625685425685
34.399569093610694
14.984053089643167
38.73260176125244
7.621708541320022
6.959909787827165
30.188778481012655
23.334732142857142
46.700984126984125
24.734463465553233
8.311378306205494
7.309254385964913
7.626333333333333
5.292374746136865
17.87354545454545
17.215515869980877
14.389430769230769
19.37185362585831
69.12954812834224
15.290344311377245
6.342494190871369
13.505504607046069
53.462450549450544
6.713725882680011
35.46847008547008
7.83306896551724
58.57159287531806
17.978111151736744
44.60388435374149
42.17598810939357
11.602648648648648
89.42152287581698
25.62079746835443
15.814553836234687
69.80878825995806
81.41184615384614
69.42040449438201
42.09982352941176
45.96657605177993
32.90563636363636
15.77165847750865
17.474704549970195
21.8166216730038
40.19938805970149
71.33564826175869
34.5696017699115
14.571886639676112
42.36704010695187
27.60954545454545
9.241863636363636
7.488429203238756
27.24149438202247
82.7439014084507
28.9808202247191
16.20913869100623
15.024914364640884
21.027999999999995
32.34616915422885
58.82499999999999
9.673090909090908
17.17279659949622
9.756181467181467
36.90662108559498
24.978361702127653
29.852648648648646
10.34372222222222
5.865446967218478
13.389228463587921
14.404441558441558
25.15618608414239
13.998666666666665
23.36620289855072
19.923100558659215
35.63741397849462
8.16651059322034
10.754181262230919
8.703384474885842
14.950442622950819
53.098947075208905
59.63187032418952
33.92088888888888
5.987661328545782
22.1665652173913
20.605848238482384
45.40892929292929
11.179760504201681
43.06328169014084
12.904666666666666
97.81613153961135
37.74113894523326
6.463713915298184
36.794550484094046
34.15022222222222
39.168984374999994
8.461207750456163
19.897181102362204
7.612291560102301
7.718606115107914
30.493157360406087
11.324298319327731
36.69331034482758
43.09739601386481
18.961152236652236
15.140367737003057
42.389925044091704
53.219633802816894
27.826180044182617
39.7180447761194
27.27911731843575
74.43077952755905
23.890825221238934
19.167227707006365
21.140384615384612
107.2141840324763
6.213580952380951
15.397
16.96522429906542
28.857016949152538
10.301166812227073
24.176264775413706
19.594357723577232
26.28856441717791
59.87408542713567
17.541326522593316
14.85347619047619
6.6557619246861925
50.86676144756277
21.891926829268286
38.689864656031894
14.747973979362943
6.808898823529411
13.667328710124826
21.894181818181814
11.65012353347136
12.990632653061224
9.172823529411765
7.0593966527196645
12.937932857520487
9.51391834365325
11.84542857142857
12.458817927170868
70.29275
14.907289264036418
61.86090476190475
19.982255020080316
16.75254545454545
11.246065217391305
16.114296407185627
18.432
12.121841807909604
26.401414634146338
12.396596215351812
14.156132295719843
7.185418918918918
5.317833333333333
21.825240247678014
12.650784909909909
10.335968115942029
11.790513157894736
14.998319626168222
12.060698013245032
19.586499999999997
15.213173913043478
12.022950363196125
13.665827751196172
5.993737274220033
16.85389225589225
33.68987748851454
14.860326120959334
14.602118078175895
50.18613293051359
25.761835051546388
7.071200108853411
13.406179389312976
18.343379856115103
8.53288138593829
14.2308952853598
20.85906313131313
12.319853658536584
14.910261400651466
48.19522222222222
125.04320509849362
34.638571428571424
59.64661538461537
32.594
17.49254125412541
11.827266666666665
40.29206870229007
20.43536637047163
6.228658945532079
11.582263959390863
8.104924825174825
31.718523809523806
17.133699318263364
13.858418786692758
19.32809821428571
24.695481012658224
19.961157024793387
14.986827102803739
7.742714285714285
7.274444264069263
47.299406940063086
11.774461932181701
33.85263636363636
16.85274646443943
13.606872549019606
27.146204819277106
11.878482067510548
25.684645030425962
5.923588100686498
28.86161497326203
19.089310266159693
52.2021690140845
50.43072781065088
37.857490039840634
8.2765459697733
34.65901801801801
21.81762639405204
14.038945945945946
7.723738783649052
21.37266117274168
13.536566203059806
16.38055492692126
5.171148457350272
14.594352272727273
52.311037900874624
7.263567514677103
8.614567195767195
41.75764102564102
17.057580756013742
56.73193046357615
48.09605642633228
15.225313378684808
26.472238095238094
41.12998507462686
59.995563106796105
11.915904761904761
21.337406367041197
28.82724590163934
14.66491584158416
32.475339622641506
25.481153846153845
5.886185232067509
7.579221177944863
12.229345300462251
12.59446278317152
10.2410403551251
29.19440659340659
28.90971428571428
19.604482758620687
12.437565217391304
16.220510489510488
17.412839005736135
10.467070265555341
27.201735632183905
23.27089655172413
14.643801704800358
8.836641304347825
13.233976911976912
19.52123545706371
48.834624999999996
56.38829023746701
65.1550380313199
13.788538461538462
27.69362534818941
27.81969879518072
30.070376344086018
10.097547368421052
7.722811494252872
10.271574873096446
32.427517241379306
36.60635922330096
24.88520261437908
19.41913793103448
24.654230769230765
6.934902439024389
30.543999999999993
20.374833333333328
9.477333333333334
8.06615678694158
21.117624999999997
30.87224035989717
24.86951892744479
9.812671436984688
8.557726286728455
15.299272727272728
39.6163330134357
17.523214285714282
63.33699999999999
8.768282069454289
14.390110900473934
52.529868794326234
13.296767048554281
30.192928571428567
36.10143181818181
11.797173740053049
107.83491957104557
39.88689494163423
71.53680082135523
15.922787234042554
104.06664730290454
24.645502827140547
34.03919819819819
13.532714285714283
61.76903846153845
5.403559170256177
20.6071164021164
14.073569620253165
16.95617191435768
40.92050317662007
15.596784153005464
7.954201834862385
24.997087155963296
24.23754141414141
9.963571428571427
7.744085664335664
16.237970588235292
48.70807951070336
12.625037383177569
39.19461423220974
9.549962441314554
18.91058592017738
9.246252587991718
23.84763265306122
15.938144404332128
67.76417948717949
13.741099173553717
9.831717770034842
6.921056224899598
13.222406926406926
6.785744897959184
12.48397299651568
27.31396629213483
5.8213167938931285
14.30616957050243
37.02215702479339
20.16411363636363
5.033070588235294
11.837873015873015
47.299641509433954
8.840100352112676
31.153860613810735
26.275930635838147
12.052632591093117
7.3886312706900945
28.53527188328912
12.873797101449275
20.472999999999995
21.315362068965513
17.536051364365967
38.235057409879836
7.8068120300751875
9.690279026217228
16.243
17.788615748031493
22.62415461346633
23.61681239015817
13.126444292237442
12.580397242567857
58.68673581336695
26.770115705614565
23.47017767653758
9.928145454545454
10.492239811912224
14.550912931478617
7.010193181818181
37.08081729428173
10.2246726844584
20.13312166934189
104.21761442441053
11.90875
11.635966101694914
10.211800032997855
22.777695565092987
73.60825099601593
4.796040532715692
19.320615384615383
14.958230878859856
7.253589836660616
63.00453051643192
50.24287134502923
19.67172708039492
18.502417304747315
7.198608259635781
12.375144833948339
11.39298548855208
18.375132653061222
37.77399730820995
18.009555393053013
16.12998653198653
13.513866099417823
7.367809318377912
62.27112529550826
83.36115331010453
13.9438713592233
7.973794392523363
13.788693318729463
8.667934256926952
52.08593767705382
86.12798305084745
62.22907280385078
13.592289459604066
43.920779661016944
20.887451828298882
38.05631034482758
14.85025504587156
100.89654913294797
13.2394972899729
25.495745222929934
22.97445679192864
36.190451523545704
18.360362049335862
18.059272243346005
6.667216009654062
8.64576561828342
33.21121671826625
24.482113785557985
56.824585492227975
66.71369642857142
8.113464285714285
10.486335087719297
6.043692385444745
9.90451067961165
78.47942424242423
61.61585611510791
39.803117260787985
22.778914549653578
93.37034579439252
7.111916336811802
47.65122884012539
70.75947863247863
27.609935969868168
116.86671428571428
68.70385745140388
51.40342028985507
44.73477777777777
19.22269565217391
63.748999999999995
10.563731801909308
24.04206535947712
11.666833333333331
28.46967567567567
70.36001255230126
13.21857587859425
20.952305630026807
8.102388080072794
41.60730656934306
21.56133333333333
93.25409953343701
12.306153846153846
48.921164179104466
53.58359550561797
71.56124489795917
11.937944668587896
20.347778443113768
68.90349572649572
22.55688059701492
10.61189751552795
28.83862032085561
26.676999999999996
29.300890052356017
68.57813043478261
46.64803833865814
13.837180722891565
28.765244604316543
19.244574074074073
21.569452685421993
23.716642857142855
62.91498113207546
48.86992682926829
42.59312280701754
23.393666666666665
9.55593109540636
75.55383397683397
24.233677419354834
30.362717948717943
55.530123324396776
12.6882312849162
64.8145375854214
20.21903592814371
28.501895522388054
11.949510582010582
7.223353623188405
12.732067567567567
9.295787234042553
22.592471698113208
41.84268115942029
54.2847409470752
60.70527184466018
21.370042750929365
15.23309649122807
11.911277777777777
68.84109090909091
20.574740740740737
43.41058695652173
7.311702998065764
63.71733179723502
77.2000188323917
29.98813171355498
23.68339619377162
36.10422631862217
7.688250377073906
14.930444444444445
18.49607339449541
33.96075221238937
15.852492957746477
14.224272727272727
50.142350148367946
18.923565217391303
83.2432332155477
26.343674044265587
37.0238947368421
97.44735928143712
25.612722610722606
21.45130769230769
55.64144173441734
78.65395158286778
5.7272173913043485
17.188320261437905
78.12147874306838
4.69419535221496
30.512931271477658
40.202422330097086
52.21993201133144
70.58101639344261
19.3861378600823
7.914144927536233
34.76496428571428
22.912906921241046
34.730093679458236
38.841
13.931315789473684
42.427937062937055
19.866391184573
5.351402025847014
5.7575806451612905
10.153914279466433
20.4323125
66.50168161434976
63.59843778801843
114.89198742138363
9.65445945945946
27.19801204819277
24.631774774774772
68.6733304904051
60.16299999999999
7.339961538461537
7.538423076923076
85.7799931972789
26.88311764705882
5.649198820058997
44.34983946488294
10.126058798646362
12.326860335195528
22.9477037037037
27.680770093457937
34.44602993348115
26.377370741482963
56.004999999999995
38.19025891677675
11.137652307220604
57.56016230366492
16.412102040816322
16.83449329436038
30.55891242038216
41.74741697416974
12.807048600883652
6.708536071032187
11.987348593852191
8.413918232044198
29.92350259067357
14.852225412778177
21.760745283018863
45.34966216216216
11.520152173913043
6.688076923076922
4.982436507936507
11.230044444444443
9.525103192518541
10.115644329896906
29.736432432432427
9.795963298791019
11.83672131147541
7.824544198895028
13.20908064516129
11.555076645264847
46.939557755775574
14.37172602739726
14.479080860534124
25.049278481012657
11.959999999999999
18.891801801801797
82.75701413427561
17.655405601450735
8.176732876712329
65.05133789954337
24.979090909090907
27.716081871345025
26.78355421686747
13.527299999999999
51.82696590909091
64.23648517673888
10.388024144869215
9.900742878654787
17.553796378269617
12.019981132075472
15.812124542124542
14.23808669656203
10.037785480572596
26.20328571428571
9.88454961832061
39.89321649484536
31.26822764227642
78.13566171003717
10.486335087719297
18.469773700305808
11.210683660130718
16.581083780160856
6.276930935118051
25.584515463917523
67.83927074235807
12.055125874125874
42.47046447602131
87.81589718076285
13.06481512605042
53.53825344352616
11.755637362637362
8.695461538461538
16.729349071702945
6.144707692307691
25.84591111111111
106.30187671232876
11.965905269390172
45.8415298013245
6.209092276144908
20.803736842105263
13.70606010037641
11.813224043715847
31.020413398692806
29.095018105849576
14.105693573667711
84.65810726643598
5.400056261770244
19.585925465838507
11.560069182389936
25.412490405117268
26.613989327146168
20.756969620253162
14.480166666666667
45.25595531197301
52.53682521489971
50.104623906705534
11.357946608946607
39.12113147792706
62.731973372781056
52.375857142857136
8.63180733566866
17.522282608695647
54.12398901098901
10.631495934959348
14.996809523809523
18.531950902934533
42.31378119507909
82.60448936170211
17.919754838709675
13.303393364928908
7.116689332755163
5.80540988480119
63.259792452830176
8.004994680851063
14.701975308641975
19.215512062256806
13.325103825136612
18.66093813682678
130.52922222222222
23.359736463620976
31.952772870662457
14.24689010989011
7.531432561160424
32.22726470588235
7.949890897908979
97.41691691394658
34.71159641255605
22.85776470588235
23.149
21.246577290959575
38.046579831932775
23.407594405594402
35.31976266280752
25.63944420131291
32.890408045977004
21.77111770334928
13.144407722513089
45.01510958904109
59.09251797175865
53.230701949860716
8.172147783251232
13.14121505376344
9.899876949009693
17.866464558342418
32.16801675041876
23.408451890034364
17.3543093824228
83.48101393728223
20.48265544554455
27.548440545808962
31.630866060225845
55.849470588235285
56.482472148541106
6.803727186657927
12.035886097152428
53.86140449438202
45.728476510067104
18.111904392338175
11.576043137254901
9.487748908296942
17.611653846153843
63.349
14.37384638478859
23.345535087719295
26.16566945606694
18.340660377358486
22.695777777777774
30.941453608247418
12.458172178988326
29.94568115942029
82.1332857142857
13.233499999999998
12.174611209439528
40.930365019011404
7.861244819419774
53.57151685393258
36.627724137931025
13.477827055702917
18.206909250585475
9.975404559786563
20.71649856733524
11.715739926739927
13.826743119266055
12.712398104265402
8.96419012345679
36.247981132075466
36.071689655172406
16.16524585635359
16.105
12.944884888161482
7.9625140954351465
17.371906870229004
20.724564777327934
11.636497686632488
22.688818912237327
39.9727514619883
80.17154545454545
11.358931972789115
10.183057142857143
10.793706507304115
40.29798212005108
9.89434539865755
10.947498349834984
5.780333333333333
15.6783203539823
20.922459107806688
8.190260601737776
14.991833166833166
33.15302469135802
9.50668780487805
39.133666666666656
9.678439819004526
8.848775889121338
22.135407284768206
9.217706952566601
11.172412032412032
30.03490155440414
54.726280323450126
10.993818945760122
29.778999999999996
14.234655688622754
39.778182242990646
41.02883944954128
17.206043691148775
8.23900960555896
15.015554985337243
13.376052531041069
17.759583399209482
21.106597931480284
7.970187334834099
70.75858333333332
9.511883264686753
24.708764829396323
83.01619148936169
20.68106451612903
10.905474906796671
15.757594495412844
6.23253535283993
17.43706692759295
12.940082733812948
42.61624509803921
100.07631791907514
9.286368131868132
12.05476923076923
13.62865036900369
14.168403250773993
34.202061797752805
19.138267241379307
15.378126712328767
8.122252926421405
7.012044275123559
36.88053012048192
44.76428668941979
7.203821782178217
8.058327526132404
18.4482619047619
43.68114184397162
55.89545989304812
13.282357894736842
14.844383458646616
19.693999999999996
34.0937619047619
28.559086956521735
27.853863636363634
8.481775978407557
65.39298886414252
22.430714002828854
12.769932367149758
6.389551468939224
55.276504021447714
64.93839449541284
33.12648148148148
12.615290887850465
53.28683240223463
13.363365384615385
7.114058723980369
19.00188912133891
23.973216216216212
57.28438461538461
17.889703250478007
32.62047663551402
62.73799999999999
52.958633053221284
43.855666666666664
17.823508865248222
20.07721428571428
10.856335412667946
13.985372469635628
70.63907407407407
15.964714285714285
11.259238095238095
14.385843911917098
9.677088235294118
32.49074509803921
76.03597709923663
27.97449403927068
40.533444444444434
10.797320539419086
13.4547893081761
10.23163541268019
8.829591575091575
11.821073054331864
53.18237853107344
54.90927956989247
15.33431868131868
13.308214953271026
12.400444444444444
61.17761445783132
9.475080291970803
6.440435977731385
31.558515151515145
12.855993772241993
14.798333333333334
7.929202702702701
23.645788312666983
70.93574476987447
54.019121546961316
10.933419354838708
10.75118796992481
44.87027027027027
11.241127496159754
21.71912185238784
9.06111963979417
5.876366883116884
9.067275769933905
19.06101579520697
20.71602702702702
26.866424242424237
59.93257575757575
15.125342358078601
5.2584416027280465
40.31718045112781
18.81505231910946
28.041519283746553
23.235097949886104
12.197858069381597
56.32839999999999
6.8824088888888895
13.237412371134022
21.948217289719622
5.168573295250475
37.73038199181446
40.44741614906832
19.37434087791495
11.971977952755905
8.26139293598234
21.839209064327484
30.469924268502574
31.019800995024873
7.612950271668824
32.00693311582382
10.120756978967494
47.25251118210862
26.053961145703607
19.173886674259677
10.886254901960784
34.1682240484429
18.304206896551722
29.76313109243697
4.356233031443981
15.197459266802444
17.392563527054104
43.36010489510489
14.019433187996922
52.33820289855072
13.555523809523809
9.796147045137273
21.91202767527675
15.622734429266032
74.36003960396039
83.35145614035086
23.1592076372315
13.241147208121829
20.060661157024793
6.223351953842119
31.511495012468824
19.12258620689655
9.038593749999999
6.739982905982906
11.020360473723168
25.937400078988937
19.108597459165154
11.784076132930513
81.771690647482
20.32605249343832
19.296428160919536
26.17402521008403
20.86383603238866
26.911112016293274
11.766857142857143
14.292114353312302
55.75797289972899
24.0756906354515
23.161294117647056
44.36987074829931
13.539252722063036
7.750343861209963
9.460234762140733
38.10929411764705
26.81081871345029
13.514788732394365
32.59697536945813
66.30885650224215
3.8910104002521266
23.537793103448273
8.88993607305936
11.49994619205298
51.36504597701149
16.213855029585797
21.4224
17.692198630136982
10.35136188077246
13.795273490813647
48.45763239875389
38.21156249999999
42.59050724637681
27.95174301675977
9.537994957983193
20.960817779960703
25.92525
28.0553220338983
15.493402597402596
18.310720720720717
7.772368503937008
16.065054794520545
26.490999999999996
6.8610410790925815
36.7178775510204
20.69053846153846
6.929515406162464
19.24711111111111
15.768652852267186
21.593999999999994
19.557495433789953
9.894075471698113
6.6583314840499295
32.79080198019802
19.090137535816616
24.477578947368418
11.88614201183432
7.692725460122698
20.238260869565217
10.988824324324323
31.91830845771144
12.073983654407472
13.042357285429143
49.386542168674694
22.667571428571424
7.718606115107914
34.98627272727272
18.70575471698113
62.98988235294117
48.12401840490797
74.29534645669291
5.3743333333333325
9.834523809523809
49.18456097560975
34.451583710407235
42.85210791366906
68.95018181818182
38.88537848605577
51.09814285714285
43.85928260869564
40.883814814814805
36.7653744855967
24.477759493670884
72.54997160243407
10.096905660377358
30.10026395939086
5.27625990440786
16.911139784946236
47.38989137380191
47.866902821316614
18.283846153846152
47.690901234567896
7.447031215161649
27.61072535211267
5.467589080459771
21.14237854251012
27.452817679558006
39.86454887218044
53.43096648044692
15.054737967914438
6.2124848484848485
30.450044303797462
7.7058031674208145
4.25377178239717
16.770545620437954
26.524485549132944
28.571052631578944
7.944047619047618
13.80488679245283
61.99762470308788
23.286303167420815
39.08464092664092
5.253359070753808
22.814072562358273
12.908427835051546
31.4107684729064
5.768197628458497
4.007867609552515
4.584053998981151
58.25348241206029
11.81244109589041
9.46300404040404
27.300652647975074
20.863999999999997
7.472460819770946
26.853393939393936
12.063695024077045
44.42931112984822
88.27623140495866
15.034534816247582
48.68126517571884
17.85542857142857
5.840385976408912
16.665141176470588
41.326038167938925
62.63101886792452
20.83792834394904
27.184034816247582
13.93207704485488
17.14890223123732
26.38830487804878
59.72485398230088
34.19428239608801
32.21931198910082
11.637669213139802
48.33795226917057
15.617523712737126
18.47486956521739
11.812491978609627
10.575309747292417
29.94747208121827
86.52856281407034
8.215772308892355
34.96915929203539
19.48034806629834
20.28782653061224
24.282325691699604
30.522220338983047
23.300311731843568
56.392192101740285
84.94693103448274
9.53302488290398
5.5968086089494165
18.404999999999998
11.992937106918239
8.769377370138459
88.17666666666666
34.5795110864745
6.568575162074554
26.44107274424393
18.669944444444443
31.953933014354064
13.385613029917984
12.560837084673096
33.571355521936454
14.429408610271901
15.985384615384616
55.669062827225126
16.70784259259259
36.829065573770485
6.575410545023697
25.854226415094335
11.142272118959108
101.91014285714284
40.16077833753148
91.35823999999998
91.46915384615384
53.38376731301938
44.07277508650518
29.4106512455516
38.69466624365482
88.09143801652891
16.869686028257455
10.215793831168831
23.17632801822323
52.96649999999999
40.30585018726592
24.24565254237288
14.82148919860627
53.579857142857136
13.64540909090909
34.64978571428571
114.294399494311
25.457395669291337
52.29665931721194
86.86294156928213
17.569361685823754
96.85908433734939
33.59766666666666
29.65710638297872
21.82055243445693
72.28611740890688
69.15837288135592
9.66592609283461
10.727906040268456
11.184227272727272
22.786149184149178
15.137518518518519
65.4574144144144
23.987228070175437
71.05281341719076
58.02769430051813
8.313472340425532
22.321557213930344
14.112481366459626
58.39263265306121
44.44244827586206
79.8566787658802
12.920833807626634
67.75015686274509
64.40314806378132
32.97432038834951
47.60969968051118
16.643142857142855
5.7810952380952365
7.125920459566945
20.245454545454542
13.729381347150259
50.38275659824046
9.843890322580645
63.52014691943127
5.460164480680609
9.714802299867316
29.330725352112673
39.52576470588235
55.86001652892561
10.727932279236276
14.963171905697443
47.13780952380952
8.729598434004474
15.637688590604027
12.931933333333332
51.248719298245604
51.732679886685546
6.83644906056716
15.818870558375634
11.918256892230575
8.671787878787878
20.8113220338983
10.59852832764505
53.92975342465753
12.248046908315564
32.62267647058823
29.219622015915117
30.471240641711226
57.64437974683543
43.990074074074066
30.12346202531645
42.911873239436616
17.201367003367
5.436626984126985
66.59573127753303
7.1438767806267816
11.291666666666666
28.209205882352936
13.515929515418502
21.171374999999998
8.890924980047885
31.937111111111108
11.508546391752578
9.539355670103092
6.918823899371068
6.1250138248847925
18.30354545454545
55.25064190981432
17.753467094703048
13.96713793103448
7.715946204122675
11.303068322981366
11.134294483010596
72.37552941176469
15.687675770308124
17.13146391752577
27.619479289940823
5.4793951902368985
39.69861538461538
10.759722222222223
6.296214285714285
10.07035046728972
89.26185993485342
29.424927055702916
12.478208232445521
21.261866666666666
16.928124999999994
37.97906087824351
13.896429413415659
49.69738554216867
55.78777419354839
48.51277820710973
22.325516173752305
22.838498845265587
38.4626
28.60582608695652
59.55720393120392
12.110888888888889
24.318581560283683
32.61946601941747
20.39835693311582
12.60702367161924
28.662343283582086
24.796999999999993
57.83752816901408
100.24887120115774
56.86288772845952
20.673829027113236
74.97442857142856
23.453548482293417
7.927190476190477
29.776140419947502
21.96787611012433
27.56520467836257
9.556384615384614
14.105693573667711
9.824853479853479
12.945043930635837
11.48705570910347
15.863111111111111
8.969581683168316
33.42902808988764
57.01669867549668
18.13531679389313
93.49066666666666
26.670587555886733
22.311877750611245
18.56416057866184
8.587558724832213
13.771553266467876
81.57327927927928
15.179141025641025
75.07786692759294
44.815326599326596
35.12496480938416
36.6168897216274
18.108507594693325
8.639604395604396
36.182896551724134
41.973352941176465
14.896499999999998
19.05928612099644
36.83471248246844
17.07365048543689
17.002361702127658
17.62150347490347
17.38435714285714
19.067830893118593
23.756759532062386
8.854186222316866
6.446153898152319
43.315184397163115
80.23942644320297
12.88654593175853
44.464889632107024
69.88938174273858
53.78638423988842
87.86399999999999
32.79937179487179
6.16930333938801
31.52165217391304
28.194543982494526
72.89258585858585
68.67883870967742
10.637743697478992
77.89111940298507
48.565875
38.34551761252445
46.917442622950816
8.916812971342383
17.063682539682535
13.84078947368421
17.876882352941173
41.92903914590747
55.28683783783783
15.03982179226069
6.866816225575068
25.835473684210523
38.474636977058026
11.751448859934852
11.363328061911169
27.2822619047619
40.49794487427466
21.890662126605783
36.99329268292683
12.578415204678361
56.72742105263158
12.123011299435028
42.37715888689407
18.376811594202895
16.967458745874584
15.841436056838363
7.986895753877446
14.744199473619782
48.845461119751164
9.764340125391849
11.109849816849815
25.00816049382716
7.815034898363015
20.620999999999995
20.71646524064171
92.11632859399683
11.75356699669967
16.979207200247217
9.395168154158215
15.666238845144356
10.692237154150197
18.196499999999997
60.93534146341463
34.93973841059602
27.951712707182317
35.89733333333333
14.656917146974061
13.233035359116021
11.158661764705881
9.036950171821305
7.6991501831501825
4.686170330941911
5.359350055741359
20.41431401766004
39.99196296296296
17.02372086247086
15.368245353159852
10.415006360424028
23.25225714285714
38.82620689655172
21.18706382978723
18.399047945205478
5.327771739130435
42.30218685121107
11.832041353383458
8.316929765886288
30.31941139240506
48.245777089783275
7.996581881533102
9.603412621359222
25.601916666666664
8.150029278142352
15.412877448747151
51.1141348973607
6.9172142857142855
13.554838427947598
30.351500872600344
20.20724675324675
50.83782840236685
26.421047619047616
60.98773849878934
44.64959322033898
8.60163007959782
38.64876264591439
9.428372890888639
34.15629824561403
22.71611764705882
42.50454416961131
18.935724066390037
9.166244604316546
9.817939799331102
8.146609488198177
34.89181497797357
11.454846916299559
36.19911934156378
8.750970201577562
72.85250901803606
35.49974576271186
31.73123222748815
4.73554694485842
23.154812703583058
6.294612791702679
5.322526188557614
9.207037828215398
19.485877591973242
47.114625
13.593124804177544
11.321828244274808
23.880999999999997
13.618777777777778
11.842132467532467
16.99015533980582
17.705125786163517
7.905795497185741
29.960052631578947
15.121088110403395
17.970985582255082
9.284937836473755
26.544016129032254
14.592696162046908
48.11201181102362
16.036264150943392
40.127708413001905
15.353526096997689
13.911248806366046
7.3248783783783775
53.31917378917378
13.96942857142857
61.49233333333332
68.67420382165604
10.206153846153846
41.13176443202979
11.509379923413567
19.31063435804701
11.9135968489342
75.05974603174602
10.226901116427431
14.027809954751133
17.526187178472494
11.271421354764637
8.084663208378192
22.83255263157894
19.570247933884296
20.798234042553187
19.15356574923547
26.122975308641973
13.477877483443708
53.23331460674157
14.570321931589536
5.8671932762836185
10.587636363636362
5.511330687830688
19.070407079646014
50.420586510263924
20.030053619302947
34.95013274336283
19.19461624203821
13.311059440559438
6.166142857142857
14.08264135021097
8.9515
75.90115163147793
15.280364369501466
37.809
8.259778531073446
26.65396788990825
13.97356640803286
51.09055737704917
7.4465611789340596
18.495417557251905
19.2530325203252
187.3868408916218
23.502904320987653
9.857951316443119
44.18724242424242
10.083417937219732
15.224562146892655
21.464072639225176
34.68341176470588
14.352969836614996
7.967590219168029
13.779937634408602
31.124981012658225
19.667823684210525
13.299041176470586
25.157831875993637
7.267306753889674
8.325204284934497
7.114453183988799
9.776484501989799
7.754308690012969
25.849630712008498
9.698938851553661
8.016484162895928
6.22442762449529
5.749148592870544
5.544164636605631
7.501423399305812
19.275072135785003
5.956799999999999
11.645298927118017
20.365874999999996
13.681772449308012
23.791847575057734
18.25208902691511
19.828039202200824
6.666666666666666
23.58678202247191
13.628101731996354
16.152394072702013
7.579051748869027
13.971272727272726
11.882018660950699
63.239509433962255
14.092334508816121
12.113190476190473
5.909107903780068
52.64614285714285
6.735922053231938
9.752755852842808
5.792492800869329
19.929967479674794
43.383320998278826
7.075682983682983
30.026677361853828
8.757412244897958
6.71378483569876
31.76861414392059
23.299342657342653
98.64407964601769
52.880478873239426
11.970134495641345
12.208379566379564
14.152306451612903
35.26247571743929
19.806816518847004
8.447313278008298
34.64978571428571
9.39386246540345
13.821380952380952
10.450331343283581
20.52411597938144
13.39717817014446
31.193008264462804
28.59903409090909
79.51851948051947
6.454250917992656
24.035261904761903
36.777940928270034
17.37430473492513
19.08825939457202
53.21128571428571
66.87079822616407
9.364775335775336
63.341884526558886
26.421047619047616
19.36165776965265
46.02223948220064
20.87950282131661
30.988333333333326
12.365315602836878
33.78952606635071
7.170825777995589
83.53250877192981
14.12435603217158
43.571958904109586
23.586727424749164
27.05140379008746
11.808629072681706
63.71354778554778
31.49721827411167
15.480403496664364
6.116874758033294
48.46354545454545
9.61243255680184
4.4739482460218145
13.52342356687898
26.719163841807905
15.99186111111111
14.919698198198198
16.134465469061876
36.891853994490354
57.685601023017895
5.836822222222223
3.6116147833703924
10.770612345679012
13.898816770186334
48.05112711864406
71.01908384458078
18.842003597122297
43.90857142857142
26.58724626865671
39.967647940074905
36.05220253164556
9.848937190082644
11.469642857142857
14.737821709006926
18.485683406113534
73.47983870967741
58.154140350877185
11.946486338797813
27.496564971751408
64.44364302059496
11.337100000000001
10.975358611825191
6.0915926503726805
122.73998824911867
21.402109287054405
24.22871461716937
14.487253968253967
12.327194612794612
12.60949479768786
62.3181455399061
8.024781690140845
58.592322418136014
38.379098039215684
39.218999999999994
9.961761904761904
7.312193515704154
16.701830258302582
35.46367381974248
61.86090476190475
12.857772727272726
5.814836363636363
21.32104545454545
7.153256223033521
33.8455045045045
9.26286105111591
7.7613212726138485
7.768169811320755
39.58717641325536
40.44650375939849
31.124355745721267
27.663474860335192
30.776626582278475
14.203165703275529
5.869248543051793
10.43036985125858
24.377010752688168
6.388350935828877
27.57969662921348
32.60074249605055
12.641392670157067
31.2723768115942
15.028203296703296
14.7488391198044
47.904326709062
22.158277777777776
35.02075536480686
42.77203097345132
14.298518518518518
15.525165547580457
21.509787878787876
13.071632321041214
11.154245614035087
33.6887277904328
14.306523809523808
9.516661417322835
40.68168348623853
6.124539482415395
7.315510638297871
90.56995238095237
27.79719517102615
11.989152073732717
19.21928571428571
5.339289308176101
47.3070909090909
7.17995744680851
8.592985300207038
17.50828846153846
56.90728272251308
25.695803053435107
21.003350515463918
63.88109259259258
8.230047244094488
45.634128183361625
19.14131073752711
14.769525691699604
15.130981549815496
25.35682608695652
13.120901291512915
32.72732284382284
18.764330275229355
27.774571428571424
20.866948717948716
15.054954545454546
27.190922201138513
62.4947659574468
37.360365853658536
13.156933333333333
26.489498929336186
31.641
4.9815759493670875
7.210073170731707
11.852950688905002
23.213390243902435
14.88119793621013
35.517146055437095
12.757735632183907
8.84736830315475
30.520630182421222
10.847348275862068
9.05338961038961
31.21767283950617
66.86092951541849
11.845976426799007
15.854810321715817
10.86906157635468
16.04846759259259
48.807384615384606
22.206608272506077
10.097628451882844
9.706068181818182
13.748825983878614
8.46445079865904
72.3959593495935
12.757897237569061
11.746923926380367
35.36415596330275
7.377359254498714
16.33857398720682
37.63647363083164
27.65171428571428
10.504907975460123
54.577825613079014
7.476788238817891
20.851757575757574
65.46042600896861
15.75470989761092
7.559833333333332
20.264935483870964
10.428505799151344
28.08233333333333
32.434773584905656
37.15683534136546
7.513866995073892
13.054352813852814
13.026182961692394
6.100507909045971
59.902417396745925
13.005247244094488
13.32888849557522
11.58892268370607
8.099176470588235
34.23289189189189
65.77069798657718
9.611968740955138
10.685882352941176
62.38100715990453
9.656081898557469
8.69517944785276
14.630998206278027
17.748296969696966
6.42123429602888
25.483963190184046
6.874410194174757
14.07486782376502
11.451555118110237
8.356108706108705
4.628333333333334
20.210385974304067
46.44492207792207
66.23244295302013
22.838498845265587
26.483918128654967
50.72234388807068
59.11311662531016
10.470583717357911
20.22034391534391
12.028354438434615
25.72787304075235
37.85284353741496
39.83837878787878
14.810805504587156
74.83998039215686
16.728095067095065
15.353071529745042
8.804981684981684
15.34453314659197
22.930992907801414
19.313946902654862
89.56577741407528
34.18404819277108
23.20805592011412
19.0402608365019
47.38352380952381
57.20334196891191
21.646134020618554
19.040549820788527
6.652882547033284
14.213530564263323
21.352316693163747
55.510353856562915
9.134773191094618
13.894191302652105
12.218666666666666
45.90802892561983
29.46875333778371
19.44712806539509
14.885310344827586
59.52767088607594
18.711588235294116
9.033675170068026
10.293277089783281
53.78893258426966
91.76309004739335
9.242872549019607
17.39511231281198
13.845203608247422
16.289459973753278
10.797188239123358
55.71433787465939
25.5946037735849
36.553999999999995
10.793527472527472
53.74110803324099
18.988360813308685
96.59765868263472
52.07621223021582
48.72503405572755
22.077092198581557
12.444357142857143
24.608193548387092
9.82513897907648
22.961931488203263
14.830344276094275
16.59670272572402
25.054688888888887
8.341539310954063
27.236071428571424
17.381399999999996
26.683404247391948
20.686464867617104
28.910890109890108
70.66440495867768
30.435937823834195
14.28923651452282
45.43777346278316
34.86406455142232
13.215471042471043
23.469
13.738886910994763
9.312968011527376
11.936252747252746
23.55908235294117
16.118672930648767
28.7673664825046
8.987794573964987
25.366443983402483
22.31244339622641
14.940950310559007
22.820913043478257
23.33633333333333
108.69088446215137
7.633958019687318
8.560908153701968
21.213816793893123
14.772040433925048
16.100277024249895
14.475069857384579
30.4002911227154
19.964501619870404
69.89755838641187
16.514470017636683
43.682455782312914
63.8928904109589
38.916999999999994
53.01510306406684
74.71068749999999
36.37314644351464
17.64790825688073
31.91802970297029
19.238572254335256
20.255402033430983
24.07633632286995
39.43366666666666
29.17078571428571
46.12548994974874
18.933896174863385
14.288946893787575
19.161570247933884
6.235832540698738
17.044521416803953
19.19810826210826
20.251162162162156
24.868075695581012
37.00438842975206
10.948335579514824
9.454763796909493
16.716664335664333
44.77189225589225
19.740487951807225
6.5205
32.271774004683834
14.37718631178707
71.07372141372142
6.830427244582044
41.90005140186915
11.293886198547215
63.6621111111111
41.786398559423766
17.869099099099095
25.60350302114803
17.455926395939084
39.92399999999999
31.767052287581695
29.7408619302949
19.68813675213675
83.06967132867132
12.448651034844119
32.856684652278176
8.438955960854091
24.65576877934272
5.473882078507078
83.03461403508771
78.5667894736842
20.08717170003393
14.12790887290168
13.92061377752682
28.065212121212117
24.553017543859646
16.044526315789472
20.076261316872426
22.04141821561338
21.048939688715947
44.24295595854922
21.890950738916256
21.492414141414137
14.016645125958378
6.318118769697676
57.17148936170212
38.39335802469135
18.187169826224327
39.034609374999995
16.373889240506326
7.61436893635959
69.0321282051282
8.644991877687529
11.558675324675322
40.96614981273408
22.164999999999996
92.44118987341771
24.42812034035656
22.077999999999996
25.571438596491227
6.402898589065256
9.978523809523809
34.9614664723032
22.4625
27.381428571428568
68.83853503184712
7.186003501094092
76.25618899521531
18.734884615384612
5.461619554504237
17.013691387559806
19.39357318435754
71.55693495934959
22.742680369127513
33.15302469135802
16.72208333333333
11.954128348909657
17.48240798682585
26.088206856702616
90.83599041533546
19.201687737478405
95.11081818181817
16.668637953091682
50.109047619047615
16.643142857142855
8.50780487804878
9.983609022556392
20.282274193548382
12.92643209500609
10.00296050808314
27.643523809523806
30.20100854700854
29.776370883882148
31.121069444444437
13.614417786561265
67.21962008733624
7.014468045112782
9.587385828682358
67.46144444444444
14.511277096114519
30.4911746031746
12.013056460369164
25.328984126984125
4.912272591006424
52.75935211267605
12.261155221669663
59.76604522613064
26.360011834319522
16.257523080288774
32.38372946859903
47.25079346092504
31.728502463054184
12.318570295404813
16.302124338624335
40.61379411764705
38.135799999999996
33.274421348314604
36.62616239316239
18.065306616257086
26.2964023668639
24.046232876712324
15.059900437636761
31.727980238393975
18.736846846846845
11.82672727272727
22.810117256637163
47.70530188679245
8.057564640883978
61.19661722488038
32.12160513643659
22.486866666666664
11.035532450331125
21.48954198473282
80.48099818511795
36.28502566735112
12.12497300771208
86.82979831932772
20.17253333333333
9.96836101934875
90.56038647342994
22.401100706713777
14.625732466063347
11.609331707317073
51.476086455331405
53.31085474860335
25.072988958990532
36.56731818181818
11.255249238964991
17.130446808510637
22.34658646616541
33.851019417475726
12.399812252964425
22.269823960880192
9.890112676056338
33.0347422003284
11.613373949579833
20.813967828418228
31.516157074340526
18.5478301369863
8.321857142857143
11.312677871148459
10.79321859767529
13.193903083700441
47.14297402597402
43.91646938775509
30.046069444444438
19.26022398190045
33.7635579937304
13.081277777777776
67.44433839479392
9.224158002455995
15.356740843764486
9.874971830985915
55.43742105263158
59.23849999999999
22.916999999999998
18.076157276995303
13.32923532579429
125.62438665132333
46.29183057851239
16.536244755244752
13.282851201728327
105.68075757575755
38.17796875
19.215953426124194
4.866531717747684
9.800443012484898
39.9482619047619
83.53302654867255
32.933516129032256
6.778317236064732
16.922665632754338
16.34268288288288
33.709607226107224
25.649121019108275
7.595545662100456
16.428391304347826
10.526404601440854
58.68944303797468
10.77423538961039
25.405122950819667
68.6094255319149
85.93849152542373
28.82136731107205
37.97366007905138
37.048042553191486
18.8864938366718
25.973162601626015
47.92338170347003
15.515539682539682
47.41375816993463
30.805870646766166
6.468593711683306
72.04922606924643
10.870451612903226
52.46355807365438
60.452902439024385
5.810986754497804
40.02620300751879
50.025044776119394
22.631111111111107
15.83539005235602
18.389659442724458
17.773523809523805
7.942040801457194
14.742213375796178
10.79374081496326
25.81816771488469
23.603482142857143
8.304746350364963
9.316509303561935
99.39595633187771
21.54801503759398
33.28997781299525
20.272542857142852
11.759222797927459
63.98062962962962
15.847131067961163
21.160262295081964
12.969758203799653
6.837900754691779
71.07766324435318
18.00343234323432
77.83404914933837
13.120850689351714
12.221648809523808
13.665112808759867
12.614212264150941
49.16992105263157
67.36484026258205
49.0947907153729
9.839219040801717
12.703895108421584
29.364540540540535
10.374640237020316
95.73879141104293
21.43312128712871
9.635442743868706
13.527159461780705
6.174086206896552
11.46757219251337
12.0993
7.290642309097551
99.58475256222548
5.416582391462526
10.502778505897771
32.9782304964539
11.401222222222222
6.630135416666667
13.094347328244273
72.06111340206185
20.894666666666662
31.9231256281407
106.94580653950952
11.590260869565217
14.035136363636363
6.261329258976318
10.065178797468354
19.450836065573768
20.872557613168723
7.553584615384615
26.037119047619043
10.360282663316582
7.384185328185328
9.644835616438355
10.989132978723404
26.80635928143712
13.807213286713285
21.79265217391304
111.68821642764014
20.411294765840218
29.72344214586255
18.883669014084504
14.547754777070063
67.27491390728476
10.23101182033097
41.97887386569872
14.90698245614035
23.71754232309746
17.03612468139337
7.1401099610419365
105.64528395061727
13.891418946932006
86.90570219966158
114.07463636363634
25.62910725677831
33.314723004694834
71.71643584521384
67.91057330415755
26.11982352941176
42.857893673110716
18.111365467625895
16.122854541513114
34.81638596491228
10.208400517911091
39.583319577735125
69.95691257995735
27.152022388059695
62.15474407582938
93.99335703245748
98.16207374631267
15.59648882681564
16.641799999999996
16.460613173652693
32.93553614457831
83.03686514886164
6.975209129511677
23.15243220338983
35.88370044543429
44.63223287671232
22.47925244956772
36.09022413793103
83.59284722222222
54.842999999999996
26.34652045169385
19.395285714285713
8.37961386358587
57.132413612565436
23.488999999999997
13.725362903225806
48.512030959752316
20.815899159663864
8.912651785714285
9.169639834024897
33.967461658841934
41.27438805970149
10.435106322743001
17.766148653500895
6.327801717995408
78.43664179104476
23.58485714285714
11.413017910447762
15.28572924947393
97.68914414414414
79.39319778188539
11.40405220883534
20.232948509485094
59.96128395061728
14.718327363896847
15.310596465390278
11.864759881422923
6.261103791030974
10.421423076923077
13.98725273522976
25.774147239263797
20.421531107205617
78.57269158878503
8.524928511705685
27.936636752136746
18.295858609794628
89.65699184339314
11.064545454545454
7.842160367722165
25.024438177874185
41.1783282442748
39.00614960629921
32.55840556900726
6.449802968960864
22.741503755215575
30.16569345794392
33.214
37.392999999999994
10.225674168757841
34.86243815201192
32.34292964071856
60.76789320388349
84.18198269896193
75.26636750483559
10.869049955396966
15.563192101413941
76.85854126679462
70.27745454545455
12.09102380952381
56.04905039787798
82.20804626334518
78.58324535315984
41.252697781885395
19.892824561403504
85.56363481228668
8.269289380181602
33.911097859327214
14.791665981500515
101.65775035868005
21.330666666666666
13.045110687022898
25.57579812398042
19.017043478260867
20.18309309309309
17.348353192398033
10.518067364290385
35.1658202614379
18.01559389671361
35.599724637681156
13.572304597701148
31.67823450586264
89.93123577235771
83.55499283154121
15.874206837606836
12.106649950099799
34.754834094368334
74.93835968379446
6.132780185758513
10.438927012791572
8.027068965517241
9.801194160997733
63.73583908045976
11.451744047619046
6.3556236308316425
57.161555555555545
21.126284987277348
81.65799999999999
17.144872964169377
28.811985374771478
13.597324324324324
53.917316804407704
30.711545454545448
48.45955873340142
6.68705504587156
16.69053096259963
9.011807294501905
27.116057142857137
9.48291654676259
76.24
54.069142061281326
48.6791842900302
16.075193817878027
49.35125222551928
13.172372389791182
24.051818181818177
8.924649789433385
20.944860419397113
16.71146022367588
9.762845454545454
4.5471944965603495
52.93677777777778
25.417841692789967
53.25747191011236
7.791568110058638
54.240891891891884
14.387266749123892
21.785090405904057
27.600318949343333
16.332988926746165
15.006507397737161
37.482723577235774
30.255833333333328
48.932636363636355
26.74345762711864
56.28857294429708
4.758990133779264
6.989233468286098
13.7181462585034
67.57081209503238
74.04168737474949
15.57180844155844
20.711773326572004
15.270937037037037
29.956717847769024
28.367483516483514
10.58751633986928
8.185896729776246
9.031897727272726
40.96301224105461
9.484411764705882
14.778393203883493
28.8627037037037
19.572366952789697
11.285891992551209
11.143626050420169
10.885
9.620184738955825
8.391429650613786
23.365142857142853
72.63166735112935
20.19644514767932
20.690287148594372
13.197111251580276
27.131378640776692
14.293974755700326
17.28115550239234
18.633284023668637
14.315969951617008
11.34147064811673
13.035236559139783
10.575664944649446
8.476347996089931
10.001272727272726
11.161506720430108
48.40996456692913
11.17211170212766
70.82290909090909
10.85939125560538
14.30676560788609
11.99380357142857
15.558499999999999
11.643600985221674
24.392900592216577
9.19073134328358
25.81018633540372
21.939858156028365
9.470450549450549
10.104830115830115
28.647394495412836
14.957165517241378
15.890545454545453
4.81331155387056
17.18886548323471
27.307666666666663
14.743116735537189
41.482970149253724
11.598923469387755
5.366948412698411
73.20010462776659
10.088575848303392
9.300923076923077
28.618680297397766
21.042912768031186
9.652094488188977
11.462160337552742
20.956962962962958
19.284644736842104
10.229458845568434
13.041395735829434
46.98911464968152
9.348232658959537
9.6013933339075
21.083939226519334
24.365267973856206
32.69450326797385
13.130766676209563
16.872717915865895
41.39620524412297
11.097387285012285
12.559514705882352
129.00933109619686
15.256157630979496
12.069367346938774
31.237371046228706
8.87543071491615
21.944108058608055
7.907310034228066
35.89733333333333
9.792829810495626
26.19623312883435
15.035778597785976
67.41433333333333
8.152641025641024
38.8754
30.276505154639167
8.1849595410628
14.021461224489796
50.49837149187592
37.67300901803607
23.08191176470588
9.603396621078037
52.25387150837988
33.534
15.192788461538461
69.9785294117647
13.436201339235046
8.353570566478489
6.375898625429553
19.03247527472527
22.723791740412977
16.005931034482757
23.354109589041094
130.47065270121277
8.789017730496454
16.786760878243513
12.404555555555556
26.96024242424242
10.636394160583942
11.295853107344632
8.61765934065934
14.89881917808219
34.31036936936936
8.62733144963145
26.691
15.906989655172412
8.283066822066822
27.045219197707734
24.831556962025314
13.216714556790457
26.77304046242774
6.615655944055943
25.995491803278682
7.306571619217081
23.007234042553186
26.375352601156067
24.740999999999996
10.971568493150684
14.977400552486186
16.9393676975945
32.88099999999999
15.322205202312137
8.442739896373057
7.07867857142857
28.886260869565216
14.48619920318725
17.533878109452733
30.75508629441624
8.80563779527559
6.1960439468452435
20.371196850393698
53.28683240223463
20.835437499999998
12.62057894736842
30.553708333333326
17.898233031674206
52.453564971751405
5.682593487394957
5.248304511278196
4.547452848939928
55.16365667574931
26.86370142002989
7.493951066368382
12.854576923076923
45.16466026711185
106.14075720164608
35.133076700434145
8.340725429553265
37.62256097560975
18.52008278388278
79.92413843351547
71.99016599190283
14.89546835443038
77.16039849624059
12.407814376706098
42.8348509127789
62.66674074074073
81.93364285714284
53.90145403899721
11.117037373384562
11.61545041322314
11.351292600135777
36.984256646216764
34.54695189003436
15.675444341372911
6.951116108415196
40.772891385767785
41.65221402214022
34.79752631578947
46.64675796178343
7.453555900621117
9.367201058201058
21.704897435897433
25.13055919003115
36.436432059447974
64.72434482758621
40.27746153846153
24.618469798657713
51.61194117647059
37.20930612244897
64.11998148148147
11.11440909090909
8.933266272189348
13.990369047619048
24.160304347826088
6.023533877995641
41.564166666666665
13.433261254019293
52.93677777777778
12.376405117270789
6.2039028475711895
64.34871264367816
17.31887872628726
8.120362240731668
11.386234872611464
8.042784194528874
12.070913793103447
15.19174531835206
19.072744868035187
6.610570028011203
10.145298722044728
11.429732265446225
29.921692307692304
16.88333333333333
20.517824460431655
23.520451439539343
78.18173170731707
36.40144444444444
7.903499999999999
12.626980441640377
50.049071005917156
21.884971910112355
15.128092818428184
55.957803713527845
12.464721662468513
41.97757142857142
6.1233922305764406
49.33657575757575
48.86587767584097
22.259566084788027
32.13936893203883
48.01810561056105
24.277028428093644
28.880541095890408
7.710904761904761
38.89210727969348
15.412309433962262
21.88130769230769
14.51067469879518
10.748
46.94669841269841
13.672466367713003
10.512406542056075
5.699603448275862
5.2566649105611365
38.24798412698412
46.538134185303505
16.065928825622773
14.80561111111111
16.006866482504602
37.2729674796748
18.756999999999998
18.49683186490455
21.084710727969345
5.969945454545455
9.091646153846153
6.584884309133489
16.135052631578947
9.550075109170304
21.57784944237918
8.484136503067484
21.25353886010362
23.992692307692305
10.50977716894977
50.3720237388724
65.25123489932885
17.333530612244893
10.003064356435642
33.32307692307692
27.030682926829265
26.176809822747412
38.96540476190476
18.386891025641024
23.395162471395878
17.503391304347826
29.893652802893307
8.654377637130802
44.441134020618556
119.08258221680876
86.32589655172413
68.61195278969956
39.20085714285714
13.721142470881862
6.470810838186882
31.823259124087585
49.87871084337349
38.51183870967741
62.32677358490565
8.912870794734275
51.19089595375722
19.55203458213256
36.446855967078186
13.342962962962963
9.936898507462686
38.130387096774186
47.97702484472049
57.26749214659685
5.84702824858757
28.225666666666665
12.845749999999999
10.119169642857143
42.86828571428571
14.915196721311473
49.034160091047035
31.08573573200992
6.7619375
76.66364705882351
7.638184308841842
15.621060198300283
10.566789855072464
12.353966910594972
40.40845454545454
9.625859550561797
54.802417344173435
25.940468253968252
10.495977064220183
20.566687499999997
14.9776782672183
7.507192307692307
22.863878504672893
53.20736363636363
24.95701794258373
12.917203736654804
60.63171638141809
36.07190476190476
53.935485875706206
24.123377483443704
14.010067510548522
11.508733082706765
29.767544041450773
54.49656756756756
32.257132911392404
6.715736111111111
12.192674563591021
15.919685393258426
10.350984126984127
8.520959349593495
35.259502178649235
14.340666666666666
9.522381720430108
27.34860256410256
77.90716417910447
18.54929800936768
25.797298969072163
40.86546875
35.86415254237288
7.188987161399547
61.788195599022
19.22928414096916
22.969902364273203
16.205671755725188
15.44983214285714
16.23786751054852
26.951112244897953
63.381607390300225
17.983769230769227
8.25647594463972
91.26614285714285
39.6311970260223
30.354568306010925
11.245079218106996
39.724363636363634
54.76529155313351
30.001862204724407
48.61838006230529
8.03920616113744
14.218714285714286
7.063166666666666
6.262662499999999
22.164745412844034
18.57533333333333
20.625580645161286
10.301046153846153
27.237235294117646
28.377679245283012
11.743508021390374
51.241482758620684
9.980958333333332
42.407671532846706
13.045748293515357
6.720864788732394
19.590559322033894
25.391084967320257
29.72877442273534
4.622333333333334
5.8984531835205996
15.726777777777778
6.420480088495575
11.726725786163522
22.60619444444444
15.79582101167315
35.38709612625538
92.0169365079365
27.945478260869564
32.40627230046948
11.694277777777776
20.695526732673265
8.465153400743237
16.180290712468192
15.105666666666666
5.403673459715639
7.136299360341152
46.86693710691823
50.16254178674351
47.84765079365079
49.08392705167173
29.34835897435897
34.952018404907975
27.51341404011461
9.387805846422339
16.197255319148933
62.10381553398057
17.76266666666666
46.44707894736842
28.121856088560882
35.09087472766884
23.373998293515356
63.84553161592505
33.39483647798742
27.927104792560797
20.698403225806448
15.809535225048924
22.353147699757866
21.486984848484845
16.723935943060496
81.59677797513321
13.562661346633416
16.223246066708622
37.03521134020618
93.80208978328172
22.47996116504854
15.063778481012656
14.878715457413248
11.089111301369863
30.776672862453527
40.68776683937823
22.77703988522238
10.01823233444321
17.27159259259259
11.848330586080586
45.27944444444444
24.574638805970146
68.19603930131004
17.487736757624393
14.636970468431771
6.289760869565217
11.001064122137404
81.18392086330934
50.39065853658536
8.031196244881652
17.446683660933658
17.355469387755097
37.97496825396825
53.330171270718225
11.564857142857141
48.27606309148264
39.617398608349895
12.681156162246488
8.951777777777778
9.974199056199057
11.428349206349205
12.416253086419752
52.891857142857134
39.698926640926636
37.103817427385884
17.78107692307692
51.63688505747126
9.518631325301204
76.73611089866156
52.61420670391061
29.877536082474222
26.2131394984326
14.919135593220338
78.72588389513108
57.93933333333332
41.39833948339483
35.17595652173913
13.81815789473684
28.231913043478258
64.86266816143497
6.255518686305196
52.339690544412605
14.945383495145629
23.953966037735846
7.843736105860112
60.5633251231527
14.79
44.11855290102388
53.93497802197802
32.07299160671462
19.602335341365457
10.995908189496879
8.80447207743857
16.263138743455496
58.88011557788944
47.35366561514195
19.11562775330396
24.1021501650165
15.46352249134948
38.414521400778206
32.0832676056338
41.61469784172661
28.329393732970022
57.90564556962025
53.898261580381465
50.36307374631267
17.207546082949307
39.16077235772357
6.871602297335466
5.691615705931495
12.39081818181818
16.63294736842105
19.786067226890754
19.009378923766814
11.490397590361445
38.672391089108906
10.322780300187617
68.44340305010893
20.438970558882232
13.901326315789474
34.33898033282904
37.00512154696132
15.62321568627451
20.204266359918197
33.39059029345372
22.971229515828675
95.30715384615384
15.337124999999999
82.91045070422534
10.470896654275093
14.591050626566416
12.964057720057719
36.85822727272727
13.652566534108288
35.216504424778755
77.28972180451126
65.82543243243242
48.939692307692304
24.057876993166285
70.02894623655914
41.44875939849623
10.895655319148934
41.54714925373134
14.166412787964267
5.833012422360248
71.9298163265306
9.898396786675638
11.791371957671958
21.401710723192018
36.72912863070539
6.014218702865762
82.02505673758864
19.318301204819274
34.598016556291384
9.016911764705883
10.665393065268065
23.867086092715226
21.760745283018863
64.06080760095011
17.389999999999997
15.188112280701754
70.68037422037422
42.7814964539007
29.814645833333326
35.0812422907489
22.323088235294115
21.549801886792448
10.81690361445783
39.96707305502846
4.976389395260362
10.819414184397163
11.224938660209846
57.74404113110539
26.69451778656126
22.51639906103286
13.46363907284768
29.01003468208092
24.619233766233762
5.606236842105263
19.048035249457698
16.248310344827583
26.754390532544374
25.190774193548382
14.39099040511727
26.553696969696965
15.107697478991597
29.57531578947368
24.169401360544214
71.47348979591835
23.96901869158878
93.01061345852894
20.21301848184818
24.381375222024865
54.27455555555555
12.859853881278537
21.372544280442803
64.32485388127854
6.636247731397459
21.02076350271652
52.18122727272727
11.686556684141546
11.921150375939849
29.954446808510635
77.92320895522387
111.98411111111109
7.261779720279719
65.4392808988764
64.28757369614513
8.218586206896552
47.490874999999996
16.23703846153846
39.202578124999995
19.883340425531912
56.30873684210526
10.238155219780218
28.175876064333014
57.44365728900255
12.268883116883117
9.226293103448276
14.0135763546798
26.507248995983932
68.0937802197802
71.59945194274029
30.94475862068965
12.62503807850029
68.68298290598291
26.85596536180308
11.903777881040892
53.08837078651685
7.69361111111111
19.533761517615176
40.816978664192945
46.180945686900955
44.129391891891885
111.37844243208279
18.51844075993091
10.303919701986754
6.5023508454106285
11.711135170603674
10.644101010101009
18.674681873479315
10.422447887323942
23.829655480984336
16.81863902743142
76.56761904761903
6.117901492537314
10.14730040526849
7.362936170212766
10.18351910016978
34.244331811263315
23.359862068965512
35.625571428571426
29.049847826086953
104.37761111111111
54.580677685950405
13.378549878345497
9.107098138747885
13.339413729128013
56.18592042440318
47.14437999999999
76.50918250950569
36.0906404494382
41.63549818511796
35.90477510608203
4.786376293781569
26.073348297213617
6.114996305418719
25.02339408099688
30.765965576592077
78.56483520599251
18.8504295154185
22.97446246418338
51.107539358600576
16.241434782608696
12.853185580774365
15.70994978059483
58.384632911392394
12.20661971830986
69.73315789473683
55.29595744680851
27.285788748137104
45.607259740259735
31.19002593192868
10.869601503759398
25.84361157024793
88.81365146579805
6.451756530340969
42.278304964539
55.22783023872679
35.481033613445376
11.672623188405797
15.297878698224851
30.608499999999996
13.2357149122807
12.749656652360514
75.23139062499999
35.07187234042553
7.690617021276596
21.2813352112676
83.2500909090909
27.86958426966292
123.74321120186697
12.402331818181818
36.371991501416424
51.562747126436776
18.373051908396942
15.690446153846151
18.757495601173016
24.40396162046908
72.57667871485943
14.017391668288884
48.96772152886115
56.004118857901716
57.96314882506527
69.63525210084033
71.77532106339468
13.918136363636362
71.65601639344261
18.963354077253214
48.03596296296296
15.707101123595505
13.209352941176471
23.238999999999994
9.685651327433629
16.476104895104893
28.249351648351645
26.071656156156152
33.073583140877595
10.053026708074533
11.378524590163934
25.37581663113006
6.819356657963446
20.147549582463462
6.795381701976565
30.5537506596306
40.4460329218107
32.065784382284384
16.029108465608463
63.799149532710274
35.9135744680851
76.79419734345349
71.78402874743325
30.088298245614034
14.235525477707005
61.58111594202898
16.812913669064745
58.772187817258875
12.4398
14.686492537313432
21.09265038684719
6.3306292237442925
17.35345566502463
45.69914569536423
17.26445360824742
47.9216540880503
40.329235294117645
42.37975451263537
65.69608656036446
33.89745205479451
27.990370786516852
6.633496336996338
5.9602517971246005
12.65811219512195
10.052598540145985
29.834383419689114
56.501746701846955
53.74110803324099
13.677133986928103
25.260084097859323
29.74454639175257
7.8544362527716185
49.234073394495404
78.22035781544255
17.61192024539877
22.83626573426573
40.47257034220532
12.739365853658535
61.0599306930693
19.60529813664596
49.363895705521465
61.269521739130425
52.339690544412605
26.7548622754491
55.64144173441734
21.0098904109589
50.652636363636354
33.513999999999996
5.697807641633728
22.228884057971012
10.399775698775699
5.30190092879257
35.907039301310036
43.11231802120141
37.28224066390041
42.64426241134751
58.419022670025186
45.529103678929765
27.555539325842695
41.30272727272727
10.46201308615049
56.72816187989555
6.418181110612183
10.946421686746987
33.768027027027024
23.452433734939756
43.44769444444444
59.46307843137254
9.678433609958505
39.432204142011834
7.853491031390133
53.479058171745145
81.0546956521739
30.88932879045996
7.061567746199604
29.886292929292924
35.891119658119656
12.361819047619047
13.016272727272726
16.45993315508021
13.661280632411065
91.9261232227488
37.96506366047745
44.537882099827875
25.28686419753086
74.56505325443786
12.23802976190476
52.48792067988668
19.65907208588957
30.96267424242424
13.082193158953721
15.90477894736842
33.52975229357798
84.04840488656194
13.422450854139289
7.368386087596614
19.621536231884058
8.828156393275599
17.16800621118012
24.94948945147679
48.342652542372875
29.67341317169069
33.481272727272724
86.08425423728814
41.12627688504326
13.740190791180284
19.872898172323755
5.728107142857143
53.845838709677416
8.352415681502086
48.724151515151505
40.90030300187617
40.97739705882353
20.438981874039932
19.313138728323693
10.874692660550458
7.974277805992891
94.20316178736516
8.379569402228976
7.3944242424242415
52.710296089385466
43.280115523465696
21.95446192893401
75.05576447876447
31.561001228501222
17.236305555555553
35.876185144124165
9.343532730673317
29.590939226519332
30.495025641025638
18.04663984526112
25.941267371601203
11.118630081300813
43.16516262975778
10.396468614718614
40.06427715355805
33.74002595936794
5.850347560670501
15.040505192878337
6.376143764775414
57.58377777777777
29.012947162426613
17.845855855855852
13.96713793103448
12.603748792270531
8.297763779527559
6.334684210526316
7.178477848101265
27.661265042979938
29.839193548387094
43.656722222222214
19.1368547008547
19.779214285714282
7.963545454545454
8.283321112515802
30.886050761421316
21.27379652605459
50.50785029940119
8.019363218390803
29.801631578947365
14.508213976945244
18.396499999999996
86.06877027027026
40.728474452554735
33.293055045871554
9.132246376811594
29.459475935828873
13.206125899280574
10.219713910761154
21.29817721518987
8.728745203514434
9.82565489021956
31.49549753694581
42.15075985663082
18.069679620034538
11.443736842105263
12.099376802507836
20.279560975609755
29.26260317460317
26.23164516129032
50.36860233918128
44.175154639175254
8.987277027027027
32.94458409785932
27.843444444444444
72.06657494866528
43.0090360281195
33.102719626168216
73.2308982035928
17.14096557659208
59.795995037220834
38.12992345924452
46.38170491803278
34.9429865470852
43.93886505190311
14.215606882168926
95.6166960486322
10.76982821909951
81.02353623188405
14.292912797035099
15.751142857142856
44.184268518518515
9.079521158690175
15.990884615384616
6.448449917898193
29.377926444833623
20.450453586497886
10.504424603174602
16.183386828644498
32.432937694704044
62.01805225653206
74.77067190569744
17.40006761710794
35.48289686098654
25.971979757085016
19.487984172661868
11.319781420765027
48.51972392638036
59.45323972602739
61.540223300970865
12.559525949705725
30.077020618556695
32.94197196261682
16.709155646817248
62.03208114558472
91.34804761904762
18.005523353293412
17.83794949083503
31.874792270531398
76.81939741131352
30.755459697732995
7.83206452951551
20.53054702970297
17.35311340206185
17.965307395143483
37.769707509881414
64.329
25.864977064220177
12.270148148148147
71.77937704918033
82.68242348754447
22.99933333333333
24.856367521367517
9.316842857142857
21.241573874755378
41.385727272727266
36.86777720739219
29.195019748653493
13.092852941176469
13.262696488294315
80.2245504587156
74.00450505050503
36.489235955056174
49.769189349112416
9.397521821631878
41.55473105360443
72.82491836734692
19.098573855243718
54.297971879286685
11.076139726027396
16.9694238410596
9.087531137724552
27.428788515406158
58.2511237113402
6.632598841698842
12.353719562135769
20.251275766016708
54.886161290322576
9.026513666838577
23.528175824175822
13.580664915966386
70.04996265560165
14.482062628336756
18.427560323734234
36.66678512396694
14.655558690176322
44.47450519031141
17.494587499999998
55.545267605633796
23.04360380622837
76.68678011472275
5.706813669064747
17.404923076923073
11.805842105263158
69.93231578947368
8.179018966908798
5.8966971084337345
116.44095012468827
9.025788738948348
90.80963636363636
37.478401467505236
3.9379403278044944
8.308070707070707
20.477932419659734
17.095742914171655
48.17972834645669
6.028020144628099
5.292127646326277
38.581093749999994
4.446275506153235
7.507192617249602
5.984229027468448
36.37314644351464
3.9260559006211175
10.828675524475523
69.35963829787234
10.00688891217774
26.257602339181283
5.118396940784491
5.438545803782505
13.390409137055837
7.498941834451902
74.43527450980392
14.657513944223107
31.57519047619047
6.0615610859728495
6.6811864567526555
13.742628162291167
97.88256553755522
16.591910477453577
75.05576447876447
28.521781420765024
16.31449841269841
23.976555555555553
62.36532066508313
41.03056928838951
71.25927272727273
60.93947619047618
12.244877551020407
93.40809244992295
46.402153846153844
68.18552173913044
22.540478260869563
13.945972972972973
8.686473684210526
17.689513111545985
40.961588235294116
13.344663677130043
18.942286532951286
26.996739884393058
7.547572649572649
50.8025294117647
8.014553329023917
41.52163636363636
79.80936648250459
40.40717110266159
16.868118811881185
36.96107883817427
74.23292156862745
78.37543866171002
39.05031906614785
7.8436929577464785
70.76589144050104
58.16643589743589
7.7197388790035575
22.102838709677417
61.95055140186915
4.595081703107019
5.333642857142857
33.80676576576576
49.41902702702702
27.75039319470699
15.484596796338673
37.0757868852459
17.52862068965517
62.399293838862555
29.457210182767618
11.338537313432836
42.33078571428571
29.158222646310428
57.57244973544973
58.38798004987531
35.29899999999999
16.655259740259737
30.61333333333333
49.7340415430267
16.82436842105263
5.369709433962264
19.068752808988762
47.43505362776025
15.846549999999999
56.96155555555555
34.57066666666666
10.84983606557377
17.316499999999998
30.056609137055833
8.46837251655629
23.537793103448273
21.741289196940723
21.7861030927835
31.45790196078431
20.658913043478258
10.492285496183205
7.498886058753607
7.485540775014458
33.86355555555555
32.128047619047614
41.783647058823526
36.59108004158004
85.64245655877342
13.848052250803859
47.30560747663551
5.568457394894894
51.699002865329504
29.535619047619043
59.96466666666666
23.279518128161882
13.719772151898734
59.83534335839598
14.712627450980392
34.499384037819794
22.99651569506726
29.549999999999994
18.900039419087133
29.63858638743455
41.14636363636363
22.37436585365853
12.039845176198728
11.852445398773005
76.53309677419354
19.74821169916434
56.32062992125984
42.24108464223385
39.638730038022814
29.756368421052628
37.361799999999995
19.37517346938775
38.899898058252425
4.936089992531739
48.56460248447204
24.46618253968254
62.55084382284382
35.73682608695652
67.83609544468545
32.194512315270934
41.520851851851845
34.50377777777778
17.65051895734597
9.04140701754386
31.463999999999995
18.20528829174664
23.306358695652168
15.182367028199566
14.63804917257683
17.506587965616042
18.03641509433962
38.44954940711462
44.779394557823125
9.252959786417486
14.231595062208397
38.160616600790505
23.12728953771289
7.204378446115287
23.444588235294113
32.87598946135831
18.69351533742331
13.122164351851852
35.51796610169491
26.174882352941175
9.94299605954466
8.382351648351648
61.78971153846153
56.11748031496062
72.4398
23.828364485981304
16.676534653465342
39.85127756653992
59.76850614250613
18.52090476190476
54.76926541554959
20.10608333333333
49.77509638554216
16.116797101449276
11.018724137931034
18.614756097560974
9.833339788732394
23.78427864157119
14.974171625700732
13.933506622516555
75.6999449901768
40.998359550561794
19.19672413793103
12.862296296296297
56.41380156657963
18.11572222222222
44.271570957095705
21.451209334565615
39.19245038167938
37.66782539682539
20.056870967741933
6.585611678832116
26.135963855421682
83.30470796460176
41.151294117647055
17.188320261437905
9.907178571428572
12.982894117647058
18.778925373134328
42.23508896797152
4.845098199672668
11.357160942760942
18.71954302670623
20.988230769230768
44.3082602739726
50.39059523809524
7.776311827956988
43.254435986159166
7.199222222222222
17.690999999999995
19.51483333333333
19.23379310344827
25.826907975460117
19.21927130124777
51.839181818181814
34.535962753950336
20.063592964824114
40.61379411764705
38.20770040485829
83.0914668989547
20.043446808510634
19.01135714285714
34.20755555555555
41.0809963099631
50.481615384615374
20.972228426395937
34.05466666666666
31.06654455445544
50.85648991354466
41.13787725631768
84.55104991394147
13.032478260869565
17.07415384615384
10.442152173913044
33.6814703196347
44.35921875
18.73505917159763
8.464295358649789
19.14212160751565
15.913541309255077
60.85265884476534
6.857983516483516
45.36066666666666
23.424543423271494
20.52806916996047
50.79320809248554
51.95814942528735
31.19090849673202
35.803865591397845
57.531636828644494
76.14414149139579
20.431042253521124
21.797762130177507
59.77958128078817
4.84867493796526
50.230417910447756
7.186781512605041
61.20536117936117
14.617874999999998
48.176779141104284
12.899007972665148
15.854864485981308
9.409489786856128
51.776789473684204
38.387343629343626
11.953786535303777
57.181062176165796
43.79096219931271
4.453408809456796
11.239591304347826
11.377615384615384
9.235137353433835
18.256482696897372
13.910724296675191
96.2892048192771
57.35895013123359
14.393449415353329
32.86159813084112
64.54443792325056
20.110595617529878
13.730666666666668
41.64563309352517
32.996627450980384
12.527197955390333
6.142042016806721
15.925777220630371
52.95165242165241
81.84917857142857
90.14427035830619
19.11749273356401
33.17815165876777
11.63376119402985
13.45009261658031
53.02258659217876
39.99630769230769
9.847933333333334
65.86015521064301
12.49312895069532
36.19372993492407
24.691419354838704
8.239391949152543
56.38794736842105
46.69622077922077
27.382157223796032
25.071511777301925
7.011516276413477
74.4866
10.89730392553622
10.983548642533936
30.85816298811545
25.835666666666665
9.276286945978715
22.63926470588235
96.24640601503758
37.769227272727264
26.40847953216374
44.474677966101694
17.50272524850894
10.727498015873016
13.68348523206751
32.48238461538461
19.13185714285714
16.815333049040508
9.247991364421415
14.806990566037735
8.856425196850394
8.98937446443873
7.964324441687346
42.519820582877955
32.37008025682182
36.64471829521829
19.195549295774644
24.942638766519824
82.07032384341636
11.374685358255451
8.50299914310197
31.08783168316831
9.135705263157895
6.633686335109905
9.133955186721991
9.316842857142857
9.710607142857143
70.67612108559497
14.225999999999999
21.976660534124626
29.255863874345547
51.67762318840579
74.87590998043052
11.072929145921101
9.33351515151515
9.27554754601227
7.755418887147336
60.816447368421045
8.328420454545453
13.691453642384104
15.226941176470588
12.403585858585858
10.782459264873058
22.20143601895734
11.379157303370787
55.61746666666666
21.427999999999994
52.686273743016756
15.5943670411985
17.01770833333333
6.750404341926728
8.470377038486626
46.570580858085805
19.46186102719033
10.610462427745663
54.543054054054046
14.37974836601307
76.09257142857142
6.792180555555555
17.773523809523805
9.650744483985765
19.596608695652172
40.279435727788275
14.543999999999999
5.615363562091503
12.358068230277185
33.193999999999996
10.335253521126761
12.602291810841985
82.75697163120566
30.13356140350877
68.89337313432834
34.26964055299539
36.990249999999996
47.9066305732484
29.56887179487179
16.453922012578616
17.955774636510498
9.491645871559632
30.451478260869557
56.57195241199478
8.955733333333333
6.249045197740113
11.867857142857142
9.667164837905236
73.66003992015968
34.64535683297179
28.688428305400368
42.31729850746268
7.105106668207558
54.70728767123287
14.984877690802348
8.567564143094842
25.499979079497905
13.076514606741572
83.44169911504424
11.686525252525252
62.16450943396225
10.98093883161512
52.380481792717084
69.07590233545646
18.958137580299784
25.631166666666665
8.593782919847328
5.830639460652705
11.265850574712642
15.12732584269663
50.160151057401805
50.280134110787166
11.160407407407407
10.642868656716418
27.21771203438395
36.854142857142854
25.452054517133952
17.274438295165393
6.360175992779784
53.72234065934066
7.2374577464788725
26.10874637681159
23.553841059602643
5.489986069049062
37.09323140495868
40.19938805970149
12.298764705882352
34.53460714285714
23.82459493670886
12.131379617834394
26.820605105105102
27.597260279001464
45.253
19.6647315696649
22.228608408408405
15.307085585585584
11.38653015241882
11.378187440076701
15.066745098039215
32.55058373205741
129.53036929922135
30.786753926701564
72.78390763052208
65.74804966139953
25.469999999999995
93.90859133126934
17.191540540540537
20.689938911704306
70.62290909090909
82.51390459363957
27.901047984644908
64.93563386727688
15.767537369914853
49.257024096385535
57.21244562334217
21.067283819628642
46.26515489566612
19.940596021947872
59.27494235588971
36.01777616926503
100.90842028985506
6.40851111111111
22.058380353817505
10.695708592777086
22.398843987458903
50.44841176470588
15.65753086419753
7.776368587896254
39.170575757575754
7.957719626168224
14.355164835164835
9.26713133208255
69.3680467091295
20.37207443531827
31.015585858585855
45.26035550708833
92.48623364485981
27.4358535645472
48.642832310838436
63.08656612529001
13.024585289747398
14.703101549053356
6.914941075268816
7.564884615384615
6.312357024793387
15.941228813559322
6.22183621944353
11.714502793816353
9.07688721598686
6.192676724137931
35.19033929875821
29.521686635944693
36.591912371134015
8.78937240484429
38.11147619047618
6.502227404193782
73.7299405940594
24.542222222222218
20.14159893048128
27.616858321377325
15.663098058252427
34.42878624813154
6.536271241830065
67.15726086956522
34.59063793103448
16.144356435643562
71.54688659793814
14.229239644970413
51.74828653295128
7.669295597484275
10.206173714759535
7.148416666666666
11.358292569659442
20.453941552062865
12.765923076923077
53.39610468319558
35.6356181619256
9.513038277511962
84.945
28.896287878787877
43.8345172413793
10.147213276454062
22.754728279255726
33.41122748267898
63.2324289044289
13.055220538720537
47.988785046728964
21.543176165803104
101.63307317073169
50.0322619047619
13.283669934640521
82.13179432624112
50.458416422287385
21.810484023668632
17.927815068493146
46.05305462184874
103.92156824512533
8.714494427188013
15.2206
55.56575675675675
31.425666666666665
58.69196638655462
25.830661290322578
14.411000947867299
59.446373134328354
58.885392405063286
23.8334424778761
87.34533333333333
6.4701080299785865
74.10459405940594
11.529767123287671
20.192659090909086
11.897395604395603
31.795156862745092
48.05634758942457
28.17433333333333
6.669118273695711
32.28311961722488
21.00395849802371
27.965852998065763
64.73617767653758
22.614941176470584
21.405340568271505
22.728318181818178
80.5085871559633
14.687227810650887
23.2536356542617
15.538531914893616
59.198476426799
12.205714285714285
14.965
8.10339233038348
88.68981601362862
58.18073551637279
7.658019607843137
46.117332504145935
28.482283609576424
35.625151515151515
22.603099999999998
16.189742299349238
9.433190476190475
58.72477353689567
20.112316326530607
62.387622641509424
15.153084337349396
39.655079847908745
10.45440243902439
11.396661458333332
10.117142857142857
12.992846544715446
4.920692194403534
86.37380808080808
6.915949298513683
43.092028469750886
11.961697002724796
8.74129928057554
31.83324637681159
13.722611641221373
31.41574509803921
29.834383419689114
18.90881524926686
19.663635327635326
56.7171111111111
23.520755972696243
21.272987706146925
6.74484914089347
102.88218899858956
41.29343795620437
12.902811965811965
30.078436548223348
7.317305039787799
4.5064521862220825
4.798230836321348
25.153382329635495
32.250904761904756
13.824
45.13041496598639
10.504760683760683
8.073454545454545
26.54292249240121
33.21710191082802
9.812150485436893
6.663967108753315
4.738725915875169
12.03903033707865
10.528521103896104
22.54700889679715
23.176012367491165
103.59816991643453
33.50706884875846
9.106549053356282
19.50667842323651
56.774666666666654
28.40085185185185
34.293945434298436
46.07931578947368
11.962604378283713
13.852592592592591
66.3548791208791
19.45422003514938
9.37773492063492
9.770148091603053
16.03840395480226
23.960640468227425
7.567056632708949
7.823723076923077
24.493576158940392
21.18452153110048
9.436422330097086
4.414363270005756
19.13337295081967
12.250338259441708
23.52237636761488
7.047260869565218
6.894797455968689
13.24831734006734
25.726541981845685
6.844849999999999
73.2482
63.4195172413793
17.11180057803468
13.73386053719008
10.41121568627451
21.721495825602965
8.457310324825986
7.794217303822936
17.12885714285714
20.788159003831414
25.680272727272726
13.94609646810754
29.914521739130432
19.877043478260866
40.48963636363636
12.606844992947815
57.86156010230178
27.18890476190476
57.87266666666666
26.550840236686387
13.577259631490785
7.776129032258064
6.02024640493606
17.446996784565915
18.4165
17.38258252427184
17.71752415458937
12.632612903225805
11.532188106011636
20.11680332409972
15.690561420345487
27.012347305389216
6.998009807265904
56.43367282321899
27.90272727272727
54.059555555555555
54.701215053763434
15.92806451612903
100.1810687679083
21.82055243445693
22.944689655172407
5.748402439024391
39.551111111111105
31.403999999999996
50.47410089020771
43.700511784511775
41.365272727272725
9.163121471343027
35.917103854389715
16.517571428571426
25.37976543209876
10.403498743718592
11.162207772795217
32.76048623853211
15.041258310249306
8.672082417582418
18.512068376068374
19.498720883534133
12.190204545454545
9.001390410958903
10.709534828807556
6.347988785046729
57.15672727272727
49.77509638554216
23.0048
16.62891968911917
10.54264596273292
27.7246404494382
27.02159537572254
18.381226415094336
19.61492492492492
31.68613793103448
32.179573459715634
42.160139240506325
23.085768115942024
26.72
87.94028810720268
10.959333831738435
21.74103649635036
69.67884210526316
23.660265909090906
24.79395754475703
54.0680158184319
71.24352342158859
34.447489010989
64.26775229357797
58.63649999999999
82.40665486725663
47.21971428571428
64.48407692307693
29.636844647519577
49.79399999999999
16.167616666666664
31.494069739952714
40.48819402985074
13.373321197411002
6.04924820322181
10.243063701470033
19.537111169102293
33.4787330316742
22.516611111111107
66.30241592920353
27.653775665399237
16.98155533199195
121.66982359952323
21.123222222222218
31.13750165016501
31.4107684729064
84.35486449399656
20.344642424242423
24.191294788273613
34.49401762114537
27.180923076923072
11.444290410958903
17.377009375
38.598942043221996
56.07086243386243
9.996658986175115
25.002751592356685
30.124020725388597
22.09060469314079
32.95927559055117
21.807571428571425
68.96672068230276
34.050635440180585
48.110962264150935
15.495311520737326
14.525020576131686
40.1231954887218
10.370831258644536
12.03945692883895
50.385176470588235
15.685742544731609
7.174282749675745
3.9332572062084252
21.12892854914196
22.845593548387093
5.815912871287129
13.69070867052023
59.61240594059405
18.49607339449541
28.040979108635092
32.11026923076923
17.551274647887322
8.345496774193547
28.272108108108103
9.677548387096774
7.1562244897959175
27.395923076923072
18.450186098654704
9.497116129032259
10.082822085889571
10.766794617563738
5.750262295081967
21.027999999999995
15.39221747042766
15.632145454545453
15.762118545959712
39.493050632911384
24.89498577235772
15.878874771480804
31.248075835475575
23.989571106094804
16.187673684210527
18.876306306306304
38.37953124999999
13.056936507936507
11.23047612917069
23.562269503546094
25.189368852459012
31.742766990291255
70.72998329853861
18.735996170678334
55.14353099730457
63.19634579439251
50.90370588235294
50.13475516224188
14.044684764542936
81.68959574468083
33.5307213622291
27.729442125237185
87.04795278246205
10.268384775086504
50.505790087463545
65.72916853932584
9.450790738313673
33.30352600472813
16.216066514806375
24.508592427616925
5.364314680710994
29.37273722627737
21.959485294117645
84.77713840830448
4.867936507936507
80.35576234003656
84.43777192982455
7.973245758406989
43.560945783132524
14.619047507788162
11.805391621129326
29.39111968449931
13.711395701643488
95.46545038167937
44.85366101694915
29.99777192982456
53.02258659217876
82.48476543209875
17.278254901960782
50.966941176470584
77.69760606060605
32.6454156626506
58.3481253132832
16.200000614250612
24.88147457627118
83.88155944055943
60.9681466992665
8.508536151603497
10.849285018564059
38.58292125984252
6.092479591836733
14.54898607038123
17.508738610478357
35.24004545454545
5.096693944353518
10.03515300546448
25.37885365853658
30.458217616580306
52.96066666666666
72.18364300202839
55.440999999999995
16.33328571428571
57.9424483627204
20.72225862068965
8.363413082980012
49.1839822485207
9.528408026755853
24.543974358974356
6.94168010936432
14.610896449704141
37.61022580645161
17.465304347826084
21.337477611940294
35.944593886462876
61.89717647058823
23.32286111111111
15.218221925133689
48.18552870090633
8.99088888888889
5.284447194719471
70.1883768115942
15.040505192878337
5.737166666666667
14.552062763466042
14.84840210355987
7.650128286014722
56.61934217506631
8.433190950226244
6.047481481481482
4.726585585585585
24.615210437710434
52.54910924369747
21.015308988764044
9.097589830508474
9.840764705882352
56.27548556430446
12.7396586695747
30.900698412698407
15.085082861189802
60.88267780429594
4.95321851145038
7.471422955974843
17.000493299832492
28.219139889196672
15.231287356321838
32.04809803921568
32.441038461538454
16.443142857142856
6.473633495145631
7.211010869565218
50.594364161849704
16.82436842105263
22.089134860050887
21.881566914498137
23.2835352112676
7.234088590604026
15.504
20.465135593220335
19.74405405405405
7.747696721311474
10.908226415094338
6.7434649122807
14.419393854748602
3.7677627606038815
27.179631178707222
15.593525341130603
12.823105595667869
21.965360613810738
24.3296777053455
5.246937468671678
53.60420879120879
17.611653846153843
