5.17868652814091
4.440919799498747
3.87440916167462
3.683297040169133
4.069805417822225
4.105615255773085
4.271005810110287
4.6370585075243635
5.876888698908971
3.874714104996837
3.7811186182372363
4.776278979978304
4.584953846153846
4.379599146807884
3.5468252519944583
3.998753892400184
3.552704392236976
3.793830508474576
4.1277346459537565
3.801263620589936
4.470309750450218
3.40754215779253
3.8678472925711525
4.370487515826792
4.436506602336211
4.703752999016715
4.461600109110748
4.488144719101124
4.104055023923445
4.1975902021772935
5.4523556876061114
3.9098528784648185
4.0543163656884875
4.2670457206842585
3.9123066894230307
4.2471393015248395
4.123387495705943
3.670466464363523
3.8581547987616096
4.337124796588295
4.96231204819277
4.655505515898767
4.118219851576994
4.289593176605504
3.6701041727458414
4.684056669975929
3.969611210762332
3.70789277545041
4.228621267004749
5.2405937769324495
4.716083954655786
4.67402326042162
3.990036658275645
3.886311969111969
3.707975075288299
3.7544285714285714
4.155595325630252
3.175139593294196
3.1981286549707604
3.2098218694885357
3.2390997530864194
3.666616064257028
4.093160374879565
3.935086966249591
3.6167629496939844
3.2671180308605705
3.7533984103328364
3.6520086241549423
3.2965404247446366
4.204357993730407
4.5034289940828405
3.865265458144502
4.0024958508872714
3.166463269454123
3.383617371601208
3.528870320855615
3.5263994060546957
4.155159276797244
4.0534802744425384
4.00793937014058
3.9157302243211327
3.9259413059427732
4.165589321618652
4.243532194288504
9.557184815184815
3.672459652889604
3.7006697472139165
7.657928557747557
4.74597493606138
3.345915533558142
3.4738150684931504
4.778046633349091
4.06110390324354
4.331506374298826
3.423810705596107
3.5296313131313126
3.6342329838835856
4.018017900172117
4.185540295631755
3.60600512104283
3.9338640013966475
4.436996147919877
2.900625862509583
3.81167358537188
4.95783444679811
4.172342356271114
3.0400795698924727
3.7326620689655168
4.901426673479817
3.8802668579626967
3.4009776092452144
4.061005401378283
3.3530365724113507
4.2370490205446725
3.9719872159090905
4.62164239548698
4.002749999999999
4.361413444233669
4.628361316416688
4.535669004207573
4.274295504146661
4.718574520819564
4.843604395604395
3.971885314685314
3.874153882958045
4.022888132856648
2.941860715726387
3.444718824087245
4.497276767676768
3.6792803970223322
3.949614545454545
3.1155006747638327
3.734823716833605
3.6957959489872465
4.139240196078431
4.552363636363636
3.8056043051598603
4.001988778663197
3.192887175324675
4.541638313609468
4.185388791766995
3.616782321649093
4.060185640056684
3.3974441507699376
4.2350076221239945
3.814907197901295
2.7950430451127817
3.6662552183567723
3.6992801557518127
3.751275342228383
3.8526643168939616
3.8126289473684207
3.2317116499003284
3.7723822315250883
4.60919532428356
3.426658247634718
4.146520345782787
4.967521897810219
2.881475935828877
2.8445227502527803
3.7845695302637696
5.019771336057358
3.585074685534591
4.012938121047877
3.999866876200454
5.527201743462017
3.8939222969412057
7.566654377880184
5.083638361266294
4.956746429317912
5.109705140186916
3.5762791023842917
4.41578785576126
4.631651815181517
4.085529677846425
3.8398519659076764
4.080344076655052
4.217942690058479
3.640931341080981
4.455289378937893
4.17387619047619
3.7064260179603883
4.331119936357208
4.26957906275692
4.226036117528389
4.108046819377805
4.536250478534317
3.5535086356942025
4.404878221499883
4.749879670028027
3.104626650548633
4.329944891846921
3.410837191358024
4.335693132815036
3.772273271814796
3.311896653543307
3.783175186104218
4.247026113671275
5.288977928692699
3.4016970708194285
4.682787079762689
4.1111641791044775
5.227293650793651
3.0146350626118066
3.7731475873779536
3.9630801687763713
4.576189151497358
3.98038468444205
3.6214680983289598
2.5168974559686887
3.780031454783748
4.416292578574955
3.4444365079365076
3.215386710239651
3.233842511563945
4.71799711087035
4.048063063063063
3.9092384105960263
3.953467532467532
4.519523588921721
4.665203465523401
4.229089327490197
3.6953590661594684
4.00075780151081
5.078949981877491
3.6246679000925064
4.433691971865146
3.8381846496106786
4.5807877281763965
3.564349230769231
4.993494859134476
3.3757532467532463
4.456809073926326
2.9293758865248223
3.6873401963889765
3.1817512557077623
4.063719602977667
4.668673469387755
4.204413677298311
4.59837648766328
4.0866895025869105
3.1927357203751066
3.930378669275929
3.0204272179155898
3.785338541283729
4.59333696033696
4.62462896611267
3.224937282229965
3.717158620689655
3.3834654536200532
3.9535070145903477
3.9930453580389886
3.45294188034188
4.5652376114081985
3.6208342409802583
3.861868699369937
3.7304911746804623
4.467557187542499
4.385607070561017
3.2227799874880643
3.8565143678160916
3.3152359240069083
5.232587812239132
3.126055561198578
3.6468749999999996
3.3627970651395844
4.5595078953304755
4.277273994298384
3.844808757134338
4.557032461791081
4.735429566805845
4.578534591194968
4.278682419597825
5.133568739770867
4.79166579593948
5.131021588180323
5.082500235776191
4.327313099711947
4.156702596224703
3.9881593974820144
4.193676616915422
4.582204649418822
4.023401294680552
3.627767497348886
3.7324020971970153
4.130441968947991
2.701155220624835
4.096051354534747
3.5480973809738097
3.9488404962339385
3.7868888940977916
3.498658812523752
4.451638987341772
3.48737552742616
3.4630168491575417
4.104153581183612
3.934869009584664
4.181053613914184
4.503368489254832
3.4580674862537606
4.301707752145923
3.7396592539454803
3.8660624794331215
3.6403940074906367
4.103677112135176
3.7639285714285715
3.940272207473964
4.130932636484687
2.921934634462936
5.284471135102715
3.6589849315068492
4.535756046705588
3.8986316964285708
3.094078171091445
3.8782097160451587
3.327612044817927
5.3051669829222
4.694579894179894
4.760739853896103
3.6622949484878697
4.248411764705882
4.85477281553398
8.393089743589742
4.298288798920377
4.003103389830509
3.6829298113207547
5.805492537313432
3.189258082813386
4.40725039569484
3.9021909335382245
3.949774011299435
4.067814209568798
4.388291530352599
3.397966417517633
4.6456843786295
3.6468400531947047
3.7977964285714285
3.9271736596736595
4.800415441176471
4.278052859853618
4.20252555646106
3.590583130969726
3.7964913347522042
4.768240463983128
3.986739870241155
4.184786713286714
3.935684887745141
3.8051639574553477
4.362362620949412
3.926049819927971
3.586986527862829
3.2380740456601678
3.976117509545702
3.7244256282335546
4.167283922973578
3.981672812461469
3.6884566635601117
3.6766430555555556
3.757954306884841
3.8976414785355007
4.836129073756432
3.7343003003003004
3.862750950636664
2.7131396396396394
3.0813129028733743
3.0428947368421047
3.4751551106427816
3.2419999999999995
3.511163689239717
3.4338888574660635
2.3419061207609593
4.783999999999999
3.8139346092503987
5.891280323450134
4.256928411871078
3.7224245583038864
2.7766027501909853
3.252889430894309
2.41810797034291
2.5788423883808496
3.162190623617868
4.230139429248544
3.264
3.08723558297658
3.5700909090909088
4.651515372168285
3.948685714285714
3.6573618373010075
3.781509219858156
3.846082728592162
3.349777740016992
3.2987362637362634
4.443591594492943
2.7667464083938658
4.153375
4.417733821733822
2.8137540684573836
3.974039136690647
3.919927422115714
4.023
4.302063187256845
4.1692490201378565
4.652512753536529
4.361242165242166
3.7244257902097897
4.423525909810126
4.76886363125581
4.63951113005807
4.831413606130711
5.491197580645162
3.6477403245942566
4.580586466165414
3.7306140881590317
3.784559129722774
3.8812610954263125
5.323240142867148
3.862030959752322
4.377973354231974
4.836671553084019
3.674333460844855
3.547034271099744
3.2335589529097857
4.225885789555245
3.9614227799227795
4.211106724966129
3.80046819960861
3.581807835820895
3.8417712923007037
4.1015613042695005
4.170884615384615
3.961936031984007
3.1022627108646925
4.113558805112003
4.269163432073544
4.526441129800064
3.7924283964300294
3.552033859966592
3.6960596745027123
3.9945082515518973
3.4792982583039875
3.1286790193305043
4.22888492063492
3.583796266233766
3.5343765202918958
3.5106699760715334
4.045418464993652
3.881824944852569
4.302381056522071
3.9531978748780223
3.3459035740878624
3.8056753994797474
4.661999121995871
3.7845427841634733
3.1993128078817734
4.194413126044463
3.94341464017933
3.7254935064935064
4.299509569377991
5.380308333333332
4.427408813605535
4.455866802030457
3.171684057384038
4.504308461025982
4.436435926408808
4.120018389018389
4.568304899552867
4.11176923076923
4.0088735632183905
3.4522593825413996
4.452787719298246
2.983677017364658
4.182245173745173
4.9414996564999285
5.009280542986426
5.022688545225678
3.8164406834300446
3.2561657880864523
3.278025974025974
3.9477948717948714
4.077890080845771
3.528163308589607
5.773575324675324
3.5342579143389194
3.4750578350744603
4.363722002741271
3.6211550802139034
3.5113730328277435
3.7817434533551553
3.9141478433389665
4.269921510780886
3.4665322009907995
3.537251700680272
3.213108333333333
3.9322256145915935
3.0972586206896553
4.527447963800904
4.239493006993007
4.029996677740863
4.237584905660377
3.671174987159733
3.9751471861471863
2.690847953216374
4.402335773975328
3.3783087286527507
3.0200184229918934
5.455164438502674
3.8489060139930795
4.555582167832167
4.186629881154499
3.571821277443122
3.794459459459459
3.1298399522245446
4.815741258741259
3.394919592476489
3.1148877852916317
3.51169323268206
2.9397690763052204
3.8760905210128596
3.3220581418581414
3.917158933658934
3.4391588486140723
3.2773544452526155
3.341194983357546
3.8247107399520894
3.488169861938101
3.4035665934065933
3.8132828282828277
3.71486875331565
3.5962196424425352
3.887226776388669
5.296498741974666
4.427690662493479
4.145212569093967
4.126413028610509
5.509181053242418
3.4844420881893545
3.523805443998215
3.816268593189964
4.520419541773803
3.5301121016750465
3.345599618554594
4.4185068928950155
4.137501569402465
3.1004166666666664
2.876223529411764
4.049963627775153
4.652976598257788
3.4385709228590775
3.2226212530786325
3.237069536193588
4.105989864864865
4.505709911779968
4.215236249345207
5.039535695942474
4.078338989441931
3.048133248864956
3.352127842313396
2.7207808528085278
3.5724
3.5196010430247715
4.460331668331667
4.0752188687681645
3.0899313725490196
4.680531300471607
6.143058928704463
4.154654351145037
4.5121984757065725
4.004002262443438
4.614303366762178
3.73372634032634
2.8587188773727727
3.0791931757597295
4.182288238788239
4.798580664173183
3.2716308864265926
2.837520132835201
3.3028828777143513
3.3147789419443483
4.3305696035242285
4.212999129172714
4.3747390109890105
4.2948949586270295
4.1395744047619045
3.1286986301369857
3.7177133740288566
3.4728427464008855
5.5200263436309775
4.501404007455731
3.115090909090909
4.658564762067201
3.467081896084174
3.9022636890802382
3.6343333333333327
4.787157469969969
4.831878035846856
3.470289661791821
4.621411000763942
3.6031769696969693
3.8450031228313666
3.8973639714769153
3.878626855600539
4.559081268221574
3.1298151183970853
4.109967295492487
4.662934065934066
4.959715270867562
4.525428638916124
3.7800818695533764
3.8440987223090355
4.312412551828119
3.7833233960250765
4.516539933444259
4.596380909802168
3.578857803323753
4.872911888216235
3.901791696984396
4.268522727272726
3.8447021673041086
4.007656449553001
4.025868733186598
4.171202056008507
3.6116264145671306
3.7328965517241377
3.863931773879142
4.497047619047619
3.7202350681629883
4.244076923076923
3.835197138314785
4.199359505512863
4.583663717714053
3.9567368421052627
4.786099999999999
3.8675055304172954
4.115958485958485
4.444305080657319
2.988711781888997
5.085775793650793
5.24834907902555
5.057570621468926
3.4532874634502924
3.8117886738448954
4.804772946859902
4.167581347855684
3.879861135758651
4.4331639860139855
3.879327956989247
4.080518167902978
3.854971805600257
4.442764884832681
4.333765765765765
4.853479746576742
3.2511520794537554
3.492902360944378
4.260010098839707
4.272120617110799
4.555401837928153
3.0199326179427683
3.8658616165890813
4.650770500358005
4.17302591206468
4.151664759036144
4.64321485128751
4.5050305298945705
3.6344569892473113
3.3942422018348624
4.416773013544992
4.191955536582162
3.7627177419354836
4.4995219458485565
4.230827649769585
3.8885897936419402
4.199047699244852
4.626224880382775
3.734341342486651
3.7718760262725777
4.4311736787394675
3.3307218831734957
4.267280936454849
3.7230944058924824
4.013289742092791
2.9325047641653383
3.8292647009828413
4.480275732031943
4.274307890855457
4.26895118129219
4.235934160604764
3.8374931271477664
3.4432755576953937
4.245651651651651
5.026227777777777
4.936815426997244
3.701455572755418
4.291724672743767
3.353345162919929
4.563252493134845
4.410309649702578
4.50925313283208
3.5601735074626863
4.077522058823529
4.64212560762201
4.363097087378641
4.296786837048868
2.879974796145292
4.235539981341038
3.6657900432900434
4.406180465628874
3.985323409734741
4.6949497969773475
5.154845632121541
3.9517648360157067
4.701828070175438
4.066170350404313
3.850764959775829
3.2241699424925163
3.9337785698302588
3.9879962546816476
4.333357276368491
4.441416224797173
4.599108482705361
4.320101740294511
3.920222580051527
4.435256662297946
5.6304793434592995
3.9095370370370364
3.6384715634606937
4.635842527450851
3.5344677496416628
3.01860334304795
4.314303827751196
4.538213716431372
4.570204312596263
5.035134677944047
3.571969658163439
4.182829427746647
3.8591714285714285
3.894308696213981
3.6896522231759654
5.31681007751938
4.45335859240069
4.038244716478085
5.246261119305856
3.479023698966181
5.089768653494936
4.0559546391752574
4.8243502824858755
5.293538033916528
3.7747335164835163
3.7318973149492014
5.048515180492469
3.973304093567251
5.71629003021148
5.031030503712623
3.9083631765865268
3.528034174919793
3.4774320803252836
4.489838901576543
4.3022466490743065
4.556778900244771
4.316386243386243
4.375362589997351
4.146349834983498
3.6127972379762245
4.654317619707163
4.662633032752902
5.996340429204302
3.890055604589585
5.008983468446987
3.860818641062527
3.7698128078817734
3.7424064979693843
4.286305142029452
4.774406417112299
4.34875788372929
3.4060005200748904
4.285222222222222
4.298249684406351
5.252160873440285
4.194564329434579
4.989541030534351
3.542867270216357
5.057222287735849
4.394262127346337
4.231653459216839
5.213190385831751
3.9689933611239767
4.226959062802652
4.568358663154898
5.1781783696529455
4.807870934209644
4.493465225430237
4.072235849056604
5.1819624604251455
7.166468354430378
4.0081159699548605
4.26618925831202
5.0813348918760965
4.2885670383915
4.3703458718700645
3.373806340174761
4.309177032454141
3.3014701116442815
4.549023291655272
4.620079435966629
3.596218556189531
4.663578414925524
3.699321214088622
3.9506327150256424
4.562269275028768
4.717276670721581
3.921914420713619
3.9014414847700087
3.961748282718727
3.0770111287758346
4.679419003377285
4.358239279588336
3.691582476034603
3.598546061722708
3.732490958944716
4.360441811486529
3.4759814447847233
5.327643071997937
4.245047034934316
4.741982142857143
3.7957288590050324
3.5583818181818176
4.537953557312253
3.8408831521739124
3.3476639102471104
2.9454699095242725
3.716622286751361
3.310785931540578
4.448262884690974
3.9520459115058384
3.4389163231027635
4.469219323897532
4.4803506536839866
3.9701376632486056
4.121083210603828
3.9219923048048044
4.206493716552769
4.318419425087107
4.171003860258637
3.799379823075475
4.507790407486839
3.7656564432879747
4.026492374517375
4.303187464387465
5.378196969696969
3.4570227560050566
3.764074560012684
3.680571765498652
4.928993120359648
3.6508797348484845
3.932361489257011
4.677416771172979
3.4412650353773584
3.793365914011754
4.1780664623975206
2.7349462256809334
4.375634030793526
3.4175685127978817
3.136276038601859
3.7789065440724943
4.6727373225152125
3.937356643356643
3.844609345039862
3.2405149078109967
3.8326708799222167
5.104719790301441
3.596007518796992
3.8456808075645283
4.364640229885057
3.047937481437481
3.3968738402824994
3.861980769230769
3.4834953846153844
3.553865473049378
4.246106162294081
3.594796980739198
4.038176791761697
3.701667141838916
3.651866893692626
3.5843914749420365
2.9508369935044847
4.085500736377025
3.2360094979647216
4.119879174680888
3.3836745533558665
1.7964129335834418
3.3334342451523544
2.721166699585226
3.716715816366433
3.738536363636363
5.569342532181274
4.901239950019777
3.1363099532046896
3.629919575027132
4.6741052631578945
4.96613724079187
4.685815695925622
4.603838867367644
3.026552514071294
4.258988888888888
3.3226505928853753
3.405591836734694
3.1653370288248337
4.5447066916823005
3.266327737809752
4.7405721967164025
4.07744890569041
3.441450657894737
3.1740549745240005
4.077711415525114
3.0848777892333747
3.4120542996453898
3.878285714285714
3.5008504918032783
4.589337728232287
3.952736561420519
3.7462991563919528
4.620903149138444
8.18946992280058
4.614004482294934
3.9276080381471385
3.077839673913043
3.6229810589754625
3.9596303643724693
2.843436005625879
3.090687707641196
3.2890770578282074
4.233171793674874
4.127345650752126
3.7592666450873957
4.582533333333334
4.792442213297635
4.856925509779442
3.1280143369175626
3.4914131545911045
3.6752841542750927
4.56475666000666
3.502551951056501
3.3644660874439456
3.9225584790022565
4.22906414168423
4.580487481590573
5.056833276740237
4.203854732965009
3.7390063361013772
4.424523648648648
3.740859732292247
3.4773050806057646
4.801917902881274
4.501895651252715
4.773967528735632
4.2853501506334855
3.6279105221726575
4.259987464717687
4.260190558902821
3.6161097468095775
4.192142692750288
4.206588091165824
4.642223534675615
3.8277912087912083
4.754538631281628
8.030191248913358
4.04381400178705
3.7264737346870924
4.578104166666666
4.29253724053724
4.017154639175257
3.8052541446208106
4.641900679456434
4.564313382562508
4.796555867824901
4.001374153134746
4.128211714964943
4.107790969143064
3.93588588695343
4.50437160871915
4.833090909090909
4.066790432968562
3.809163374810718
4.084871794871795
3.7401153846153843
3.966415057915057
4.382962732919255
4.159740176703092
4.518381380493286
4.422099099099098
3.3935701933899516
4.26496776273372
3.468699233716475
4.686387214611871
4.719115292507697
4.253592908366533
4.86194623655914
4.237754306142346
3.9943348297213617
4.652386762185206
3.8048464193270055
4.02646835443038
4.062172240036647
4.619961217832548
3.720345174825175
4.477985207100591
3.1797742277992276
3.564599291441357
4.383808429118773
4.9905308487316
4.5143358617783385
3.8363979322663444
4.279926940639269
4.193882461994809
4.396932131495228
3.0499188300078663
5.215855029585798
4.587197115384615
3.364194646860986
5.1114999999999995
3.9656446834415577
3.9473585972850675
2.9936978860833823
4.530974789915966
3.495982965009208
3.7663047914818093
4.14681746395056
4.552618421052632
4.07056045490822
5.419953224522292
3.487841297935103
5.0008293974225
3.304211681663047
3.197972906403941
2.9951060606060604
3.3222200566973776
3.1842008506316257
3.7850778914240757
3.5630693374422187
4.8019546936114725
3.5107499999999994
5.349981205302633
3.4558284117274836
3.590677990430622
5.234025107604017
3.6295117796303007
3.917096782302665
4.716568111455107
2.9113251497005987
3.985584889105532
3.9680227272727273
4.312358034475926
4.097906008087811
3.8467281579955137
3.5698397071217864
3.8109526029526024
3.6993108271039308
5.31496837944664
4.372525925925926
3.82313440860215
3.2045242847638056
3.7821348283878025
3.116260529329431
4.840155502392344
3.860972482719147
4.081742693913426
4.515810179390905
3.359542981108198
4.546244780938596
2.831110644257703
4.281335312724379
3.6266581020897566
3.5821251686909577
3.3722858094603594
4.119078471228171
3.8538684210526313
3.156859163059163
4.066648598592419
4.574581368602645
4.332125
3.651086956521739
3.856832711442786
2.840466833048732
5.253131221177457
3.735967663519701
3.383596586165311
4.56731746031746
2.852494314381271
3.1647691924227317
3.820887536859393
7.005468717277488
4.444607641859139
3.6358128711282296
3.692944444444444
4.25377178239717
3.130265993265993
3.2019999999999995
5.15781393258427
3.1657142857142855
4.71614299567946
3.413894879314234
3.5461778208050965
3.425700534759358
5.2525261386433915
3.0611311521252795
6.789769940314704
3.5119477472148275
5.768197628458497
4.007867609552515
4.584053998981151
3.09719408866995
4.460635714285713
4.744482544237208
5.693582995951417
6.089404370909989
4.12931885026738
4.782890988240819
4.0437923832923826
3.63742396313364
4.060351823708206
4.060865500413801
5.454358378099933
3.985805555555555
4.722911421911422
4.351083333333333
5.199386082862523
3.8051428571428567
5.13096855345912
3.6788309144058666
4.242632415254237
4.6284306189596816
4.324214584654407
5.307315324910274
6.391071643789756
7.1760753968253965
5.0166523809523795
4.389524790302692
3.960455197132616
3.201545592705167
4.078380952380952
3.5035436613475177
3.1371471165880425
3.5980512620058076
4.731228308549891
4.280703944933757
3.3971664669633683
3.847190143190143
4.138544473455179
3.9221034311903877
4.084400181488203
4.8555843581705656
4.328992578849721
3.0792268778181016
4.281427247616501
4.145600390972099
3.189269930580928
4.336145238095238
4.89405977687321
3.912063545150501
3.9313634609250396
4.832858934169279
3.6329278276308847
3.3699177880897135
4.343526337991607
3.7499813862392726
3.4449689144454845
3.628638059701492
4.0840422661870495
2.9328041052212037
3.4632216055131306
3.2233885071450286
3.954613084112149
4.364576369758188
4.534495798319327
4.2890613582485
3.8205276727535993
4.281227430797051
4.412739495798318
3.3150263856362217
4.368026827525993
4.166208381028218
4.913851723957173
3.7430600240096035
4.911221612506788
4.349877100164438
3.6016110630942086
3.532211818400192
3.95283399354013
4.386201108635963
5.248901522248243
5.20607646415432
3.6737160765945718
4.077614540304496
3.9842487060853196
3.9880933935629588
3.854870560829817
3.421544077134986
3.7880968836124653
4.361740476190476
5.0164992211838
4.139108892921961
3.81900917988013
3.7123294556982427
3.3299797297297293
4.175091358024691
4.644758403361344
5.791360998422357
3.655208402067524
3.7349966053982446
3.7269631654602393
3.5415050785126376
4.733156166475753
4.524509384221917
3.954415739528795
4.333103514581776
3.8431688450253394
3.952750433776749
4.512613397812825
3.1798441558441555
3.9404270949004867
3.791643138753671
3.4192218006209036
4.807164352274803
4.412873249815769
3.590179144385026
3.586537212734556
5.167080641497433
4.040197949805584
3.84409030604553
3.3215361247947452
3.857925908183632
5.037636363636365
4.233383473585787
4.025082887700535
5.196238641955059
4.552101139466993
5.4620961461126
4.200563275219013
3.917846153846154
3.7358163826278177
3.9044701940527706
3.9333874445149015
3.3757073902372503
4.009726392251816
2.896653865525056
4.448294184076792
2.9589200807505045
3.485596843963041
3.4503123993558775
4.9554595538392014
3.2186158192090395
3.3374216450216445
3.7632726462650843
3.772084485407066
3.4995566192969334
4.950413082901553
2.8895388770433548
3.0229197939661514
3.246691542288557
3.907674189996854
4.0654335839599
4.0274927536231875
3.50271237458194
3.9217298667812632
2.8947217747633176
3.637895877856321
3.791106614470842
3.8193807679161447
2.681737352370879
3.6726666666666667
3.472772248338466
3.571630778894472
4.2728941655359565
3.725726708074534
3.694200724054706
3.0659032699241573
4.529283821478382
4.093262163212822
4.674229131652661
5.2178960278525075
4.077018072289157
3.8470050632911392
4.039930402930403
4.237890850431924
4.571456819535436
4.275080213903744
3.8841860741444862
3.473694545454545
3.7921478696741855
3.2000511363636357
3.6309003364104524
3.820721089867767
3.848819078947368
4.571215343915343
4.283197278911564
3.5205928239065245
4.596781790196542
3.8308634568271587
4.0171548818897636
3.9938956243439954
4.261213876146789
3.513893771453089
4.3056594014680964
3.4081164021164017
3.1385992939099734
4.446818535550053
5.196745519713261
4.677293956043956
4.145017310789049
4.353760461106706
4.480982414768898
4.157733868154866
4.138764267539077
3.823451386077145
3.7934987212276208
4.0343361630470636
4.9605390813859795
3.579061864471088
5.4169608262108255
3.868438706211871
3.3472308634415184
4.461585371276122
4.482289044106105
3.778871323098558
4.583460317460316
4.17889308227589
4.3157510549910665
3.85404872432532
3.962264023083985
3.034227301333028
4.853885033255349
3.9265027067422484
3.40263967611336
3.9293752535496953
4.024011224779766
3.768806899614136
4.350864179104477
4.257149122807018
4.3035206027442685
4.315047626459144
4.086376993047205
4.047530146884624
4.0477683187509115
4.665925470164847
4.135742573431241
4.351819850831898
4.664446072354333
4.6790489510489515
3.7585457612330955
4.10232554087411
4.6847051282051275
3.6034922150244344
4.793189628482972
4.566115384615384
3.721694456199746
4.163478260869565
4.296979049153908
4.648342858713982
4.2397943003288265
4.364710725893824
5.520439703769204
4.091239436619718
3.3973923444976073
2.9836690568119137
4.262590909090909
3.615509721692718
4.4840736925515055
3.4817205929745407
3.3029886026897652
3.6134863409003457
4.035006547879849
4.144996180472666
3.2358175607287447
3.3304899583175445
4.309718897716986
3.4293546734955185
4.93113599268327
4.273149812734082
3.246875213072356
4.115167332030918
4.376980354178196
3.2732328638497648
4.0159460524262744
4.507364024144868
4.461381236038719
5.476784679089027
4.76416303630363
3.8416773162939295
3.6493027027027023
4.483429221854305
5.033590896239751
4.346044404843277
3.4800388555280817
4.32356800633085
4.186086629001883
3.7796542056074762
4.365615011323197
4.297456251847473
3.8324362138340677
3.656184582859001
4.815530225960368
4.319047006432459
4.441724056800779
3.19429188712522
3.7442668665667163
3.1926309874096757
3.4187064908907807
4.465128802588996
4.194733082706766
4.035737804878048
4.3623495491023405
3.6072519161982624
3.741064162808375
4.8315137362637355
4.280223842195539
3.86607257061645
3.994923541686131
3.911923913043478
3.210209030100334
3.1562003146937783
3.4532628070843647
3.9228693119767017
4.109812585009664
2.967514215418261
4.473568617582206
3.4221349889135255
3.2665313796333466
5.35986577073834
2.990400067408156
2.8721198280660523
3.5647875984926345
3.5298898123909246
4.174888414194166
3.0881661316211875
4.424200856734888
3.730390203837825
3.580553595430107
2.5509243197278906
3.2817625048219106
3.3290449775112445
3.42005262961998
3.566651946301767
3.8442887455793633
3.2296246889952154
4.09711004977029
3.4331840065279473
3.983429644891528
4.0638975100044465
3.7286948051948046
3.6316573243552277
4.4036025420362765
3.0657493662328883
4.117576086956522
3.5813322700691113
3.8033429440295636
3.8023226378136368
3.9853446153846153
3.3489571855293723
3.7255308641975304
2.8587090598290597
3.6546214198215012
3.56368527523828
3.1169826870796964
3.72207793764988
3.867270089285714
3.9360375180375176
3.6057435351823126
4.433585974322548
2.928254980079681
3.1582626720375964
3.576611115913216
3.1636956479783844
2.8239029377880183
3.248103174603174
2.4647814280925244
3.3439765840220383
3.816013144240747
3.554382820784729
3.667440529908596
3.0329321544568746
3.7954609105180532
2.978269736842105
3.7122631578947365
4.331949002217295
4.075353383458646
3.628995339805825
3.8382040816326533
3.6710669924135266
3.908891179645662
5.081156004791854
3.5598129616087753
3.7260221824566138
3.489022988505747
4.470286537885594
4.406514244558258
4.71365220293725
4.375784591194968
4.260140089418778
4.104995423340961
3.988165202444614
4.744128003133705
4.545562406015037
3.1343182778006304
3.347892961526991
4.317355219650448
4.229226264380291
4.491628762541806
4.662185612788631
3.9831474516330347
5.0726012151339415
4.567646608873023
4.589888888888888
3.9188108845164757
4.254666087018664
4.15895486266607
3.801527176296172
3.397474133839582
4.313203166226913
4.805344696969697
4.274986275619323
3.9584012126939125
4.113416645564277
5.389302124505928
3.8053075728155332
3.626893424036281
3.4074044798785112
4.0848874345549735
3.364155254845044
3.344357677778514
4.115407100166562
3.6252754008326686
4.197246987951807
4.120046262854622
4.020127450980391
4.2472932966585155
3.4454907349472967
4.249583811867651
3.6091787103946635
4.272101800124146
4.386144927536231
4.521817772019326
8.696670886075948
7.145019636227548
6.299342102720814
8.628086979886382
4.850845824584802
9.945368645312959
8.051942307692308
7.517837865467184
6.5811674185463644
3.8512393002140692
4.808521248521249
3.8681384279475983
4.33026631065707
4.642804007285974
4.417814965986395
4.506866490996925
3.6586291470623715
4.1157366867629985
3.955906741066571
4.154675658419793
4.453702044344098
4.138174311926605
3.8258389391199517
4.7943224081685525
4.828529987760097
4.933039913854989
4.440301755755776
4.5784788489916375
4.396936974789916
3.6629457230430047
4.463758616120367
4.188996423096576
3.311803937997486
4.709219035684789
4.560678234574123
4.465915080745342
4.61605966299147
4.278953450480033
3.6817041312484693
4.629341282458929
4.715420943224633
4.5233528398730325
4.71536875
4.960078820193306
4.363042288062569
3.7532463842975203
4.31232659512761
3.9277354276981358
3.755928625392659
3.904462527964206
4.030170359734564
5.482157621127053
4.28800381918222
4.470521856055425
3.6167340730136
3.379062728249194
3.2939907312858376
4.590901727842274
3.764370995923121
5.703798517520216
4.244412432227966
4.159912829957029
3.935580869565217
3.723922581429266
4.586078549848942
3.4479300809796563
4.295175200918484
4.595273853267825
4.787132084245076
3.658313313557071
4.07059649122807
4.688412844036696
4.830342489927745
3.9204742619926196
4.424401792260692
5.45218283364742
3.77032967032967
4.811884912843118
4.5218222197359585
4.784620683553733
4.786278360101437
4.536428353464716
4.220948786507609
3.123509994121105
5.098757793286806
4.1277001740125385
3.641332665154472
3.223361189071539
3.6468749999999996
4.786457148844031
3.2785744811999176
3.838286002304147
3.7688421052631575
3.5310660839160835
4.811851331584787
3.5917624999999997
4.384526618986012
4.424985950029822
3.1881153329891583
3.3506545284780573
3.8825357142857144
4.45245026836632
4.154293957184368
4.467772277227722
4.061773901575371
3.331595919800281
2.9663068468416824
3.82829599495571
4.723095077761744
3.3727360757560327
2.636581699346405
3.45068741651082
2.817700299773342
3.096231372549019
3.8281993771895677
3.4818385316343154
5.363194711399572
3.3584887401095553
4.661532771431739
3.424610327022375
3.4362898332641483
3.170925779534475
3.476533386967015
2.329111665004985
3.8562321883905804
3.3935952380952377
3.5611474326788404
3.808295743380855
5.688342677345538
3.4928892259606545
3.20485442594508
4.523638221305081
2.653922604422604
3.344093052109181
3.669755555555555
3.841873996789727
3.32711640176746
2.8836371915880115
3.6662054536972897
4.047201527642488
3.6308699186991866
4.859045454545454
4.571221080501797
4.853728098391674
3.819409187737334
3.200542119815668
3.8586429783800322
3.4917344877344876
3.462982456140351
3.6115238095238094
3.9884344061735364
2.5173087495160664
4.797446423357664
3.4713350413874653
3.6554425508521162
7.494131759249498
3.3429059233449476
2.863144076287876
4.949100310484834
3.2992933255755963
2.874255711127487
3.905573802541544
4.366457047539615
4.442974367696008
4.01567721402214
3.3826463434949186
3.4099972061836468
4.038061735261401
4.654678487124464
3.403495124343661
3.7779396210407237
3.632956856702619
3.8337499999999998
3.3059277163904235
3.6550332380917934
4.7621190885962275
2.918208626760563
5.188525974025973
4.140952667814114
4.770586531009677
2.498795698924731
3.148924242424242
3.8146720547620254
3.732529933414044
3.963300022711787
3.8351924410408804
3.2960814169495865
4.096241379310344
3.6444319276229384
3.5472126645953543
4.260607655502392
3.215031884057971
3.4230427927927924
3.783674742268041
2.7717651515151513
5.449106060606061
2.7258868380575696
2.363552784380967
4.817425287356322
9.19050390311101
4.476821223697774
2.896446057608379
3.805463660925363
4.01735238592545
4.727189145728643
3.601243318793389
3.840145006839945
3.229595033345033
5.1059548098434
3.9119873490511785
3.787996607294317
3.4424407673860906
4.672339784946237
4.614909090909091
3.498563410685375
4.4701155867725735
3.9946376219461346
3.621104199893673
3.683300686430561
3.30647478809383
3.700007604895105
3.725373069650173
3.5363514431239387
5.437950773558368
8.295025210084033
3.6894481496140905
4.151419801980198
4.647737756155093
4.804184762605815
3.196235561497326
3.356199852457917
4.43971760524877
3.556267250821467
2.985883800410116
5.08045975232198
3.776070204702749
3.4943529053626223
3.833746376811594
3.265576326350049
3.68098006219133
4.508969958555628
5.2272399475996
4.049587121212121
3.743446356855995
4.336468502690725
4.328760332409972
3.6495848268177173
3.4964952978056423
4.0520698997996
3.4453247648652954
3.4782213637241646
5.391521476104053
3.8715324845534544
4.127752592214856
3.7505657370517924
4.119920810670811
3.800391278375149
3.7463714285714285
4.443073593073593
3.1766795162509447
3.6842047750229567
2.992669790193305
3.144185782638414
3.597259047619047
4.77854125200642
3.549971797884841
3.54065291005291
2.742487428913498
3.8956991684549354
3.239027103751267
4.832768956228955
4.045038479157123
4.744354513121214
3.3136277915632752
5.009491228070175
3.5624784287392983
4.065037981009494
3.8675864661654127
3.796689197616408
4.175084865629421
4.2777165591845225
4.3432474869392905
4.338352056962025
4.019771714501511
2.8066483222958056
3.760910447761194
3.3623741863492653
3.539187371601208
4.193408239700375
4.174817290552584
3.4813292628176344
3.181134333745874
4.042317431118205
4.7734369933677225
3.9671803751803747
4.1438445397635055
3.228238036562979
3.3868925809822357
4.110441129047204
3.334752014902676
3.9200934420772304
3.422907738095238
4.020601697521373
4.085238373386737
4.383019769959404
3.4026830958798615
3.5988263305322126
4.016699292546567
5.488859521544642
3.828519369905669
3.5269559678759346
3.9370959110372192
4.135089811596853
4.463730785430846
4.356783409843407
4.007275147928993
4.471684393018544
5.515460127756027
4.206082488939632
3.7517390891840603
4.477233304233959
4.3648940791174695
4.0027478991596634
4.134722891566264
4.573945120496301
4.623308340453113
3.848944047619047
3.697088223054515
3.6121287878787878
4.3643871242200785
4.094562481962482
3.3502415094339617
3.8632756253398584
4.9604746867167915
5.397356932778676
4.732757575757576
3.776266666666666
4.396733371891266
3.5897641048499076
4.048273504273504
4.327997731397459
4.4752274688398845
4.070413533834586
4.271616461511789
5.15829610929611
4.230922384965222
4.446816666666667
4.56426
3.7252049549549544
4.668480237154149
3.730716283716284
4.113450261707799
4.414588210207999
3.1693551483420594
3.697378547378547
3.8248609385783294
4.791239834239834
4.419766899766898
4.951896334851442
4.226650199379707
4.29411224489796
4.30263166137382
3.079227975414416
4.4333863228237504
4.094665331731411
4.350300340504566
4.384103372655777
3.63709542737008
4.14278085569253
3.950322493224932
2.9457744768793592
3.532009619653692
3.7797741257793436
4.321999789251844
4.050922077922078
5.293814468085106
4.8510606060606065
3.945177416571763
4.6962777777777776
4.17737962037962
4.231862334607468
3.7434653061224488
4.476750267379678
3.850664394649399
4.247910822692066
3.170887782883898
3.82056173944166
3.581039488782495
4.6351349495816345
3.6282536671168764
3.8424391124871
4.355831702152014
3.609199224688355
4.507678520422736
4.751156882995735
4.596154942751169
4.319954405594405
3.1520620162446247
3.2598896765618073
3.6848232450150227
3.4308945694716244
3.8993520319632666
3.6074829931972787
3.3062831768758016
4.308409937888198
4.371024366471735
4.796891547049441
4.163928399034593
4.208607851690294
3.7820960629065277
5.327064344746162
2.828504597701149
3.722442746740605
3.494013477088948
4.525243537563531
3.967705514713671
3.5848649630616443
3.9102303030303025
4.379041303177168
3.919710762921289
3.473713624338624
3.60341647597254
4.586144528183388
4.017095553453169
3.2712374637380854
4.678278131492528
3.360323899860053
2.985568405139834
4.111609744039192
5.170657244744744
5.267402369874963
2.8762103677599042
3.8551386215004775
3.9520952380952377
3.2800405268490374
3.4525582711602776
4.7779834697733
3.8056784376672015
3.999017613758985
4.974713977423638
4.140809872698965
3.5767552267975637
4.8016015069510765
4.400994575814513
4.455275432117566
3.0410848901999343
4.40565349555926
3.790298054919908
4.8056938894052035
4.285835402050729
4.436521482607008
4.738819526348067
5.730198344526004
3.9508854314002826
3.8482499999999997
3.9206061740890683
4.032479443951493
4.052967032967032
4.554621685481754
3.6784653133463836
3.892529289038677
4.6084173118279566
3.7097848356440526
5.1015
5.045304347826086
4.799346300022355
4.118507117591234
3.60241763907734
4.364633767669323
4.344733531943065
3.5486799719887956
3.852398039066656
4.431461889301175
4.172374409617861
4.3889122670807446
3.7545233100233095
4.710912064570943
5.293964069264069
2.926918003565062
4.6495592339667455
3.7704847836883344
4.044779707268667
3.665898876404494
3.8435048739495796
3.8143275466503512
4.005656999112164
4.273475932179036
4.286476961634856
3.218390243902439
5.219885961169192
3.3869047619047614
5.184356549567596
3.734484349984578
4.116179303144982
3.742166297117516
4.542041083916083
4.219134365443425
3.9209938839990968
3.9605539295170455
3.346837862736066
4.30025
3.7655149011985745
3.7319765914376775
3.6939560975609758
4.656051499389969
4.07734033358093
4.3807675705589375
4.882679002249029
4.325051484643813
3.695906000108796
3.868872998856489
5.282715258549727
4.060416928019582
3.81991724137931
3.119254147312541
3.8356470588235294
5.3803736263736255
4.021527704689676
4.902016194331983
3.682568370135786
2.7577158964721957
3.6879276225377917
3.9013671497584537
5.168729944886712
4.588980392156863
3.660322109724511
3.988154388411186
4.3566006571087215
3.966080280106939
4.108742186626932
5.213211342011558
4.083431717246484
3.2604322838580706
4.163229508196721
3.156717446270543
4.704045454545454
4.237351641791044
3.425275862068965
4.599393531172718
5.439683794328712
4.69589138679712
4.036870982766651
4.50436830566865
4.094131701631701
3.8847647058823527
4.101671232876713
3.2579461028465877
4.122973460721868
4.763296678121421
3.5937672095548314
4.1863571968878315
4.201446539320267
2.984002481389578
3.95176602056962
4.045574912891986
3.8105510516082104
3.891733653278662
4.126154147691244
3.3831044444444442
4.092962555886736
3.6398520270270267
3.465233933615819
3.9942969408647473
3.836739825581395
4.390747170587831
4.835364585218702
4.919926470588235
4.566814179579707
5.703790515309933
4.139489190718733
4.117794345169026
4.573526515791251
5.302681821769674
4.318412855473314
4.479283819628646
3.3255598739495795
5.088142543756192
3.707665505226481
4.21057333767927
4.229813725490196
3.4130339492460076
4.9021663837011875
3.5134522048444468
4.01764678448699
4.899092314631256
4.840267041780978
4.082213041967492
3.6306684154175586
3.2565117340286824
5.21027117768595
4.3548565126381416
3.009181557408399
3.8305130849753692
3.9040363805104406
4.06634375
4.710291666666666
4.2369166485094585
4.746905093609037
4.025316504604288
4.100617341640706
4.252916624040921
3.0194432699619767
3.9668240506329115
3.202226984126984
4.690206992254733
4.126722433032578
4.85197946735914
4.672542085933534
3.9436548418592263
3.6128991430454844
4.796629884851738
4.312669546775587
4.570996563613377
3.447311428571428
4.419190476190476
4.543642857142856
4.155520144371756
5.153590277777777
3.9132286178861784
3.4075144675584883
3.8924713440620824
3.1725796804328525
3.4495
4.741438776302507
4.571433021806852
3.96117587999055
4.378711396793298
4.5210225916453535
5.254737479806138
3.4510982783357242
4.054421919636341
3.7130037667867666
4.749244565217391
3.5570235261987437
3.4854039408866995
3.810323515661524
3.3456656346749223
3.8118470503855115
3.564203555960793
3.5147156177156176
4.070492352191391
3.85672586155821
3.857613423185502
4.641661655929372
3.925072574884518
4.307888681281086
3.6084685622747297
4.528899211711711
4.999681688804554
3.6292776528776973
3.751181291605429
4.696213584117032
4.259163157894736
3.7655003003147294
4.050938455429819
4.649062980030722
4.882760370182556
4.973914529914529
3.7939974006326502
3.4803484156634843
4.984193075428369
4.320661684684031
4.364912321800988
3.9258942122748732
5.372312535612535
4.233148148148148
3.4265458801498125
3.922288143599433
3.9479889440113394
4.208617518403926
3.493013493253373
4.199316252712804
3.6965159822545783
4.962648936170213
4.873451274362818
4.4255840676137375
4.725378980355156
3.695266201395812
3.653467043314501
4.43843956043956
4.621994664689286
4.475496461071789
4.156294117647058
5.10936329787234
4.067399999999999
3.720958391771856
3.5011519274376415
4.647835478379299
4.4717803183969504
3.562891938250429
4.642292682926829
4.373915867615217
4.163060196560196
3.3590153027278773
3.4489440476190474
4.172947071975234
3.109558547117094
4.4665501656238495
3.8837133655394522
3.134078266442361
4.0809999999999995
2.9696233766233764
3.6171523489932884
3.5506664544296886
4.283142857142856
4.552971658006612
3.4750902255639096
4.538754113110539
4.274178510169076
5.444880094043887
4.838837275340236
4.528873885435614
4.417497431286925
4.417755892255892
4.283434141309954
4.154409002088807
3.7468201058201056
4.319509169100941
5.428712525061918
3.9167374581939796
4.211667834180981
4.540347826086956
3.765117083758937
4.644321877899424
4.4829622641509435
3.508706221132462
4.413456823027719
4.803204347826087
3.730260003428114
3.578190315727785
4.098645041705282
3.563977832512315
4.4390122208175296
3.804323298706805
4.620444279749478
4.559501298219585
3.586986527862829
3.5073219119878605
3.556757247373343
3.988245394426074
3.6728503029407418
3.274982620320855
4.324741807348559
3.5222635300141794
4.28443778179834
3.4434520130449973
5.05717192483195
4.468493693693693
3.8257423508288646
4.3396433127467855
3.4423419822723607
7.163236607142856
4.904411851805179
4.434178920495988
4.94537206637102
4.040832630098453
4.162160252591445
4.809098493583782
3.844844155844155
4.9036981693922375
6.378681697612732
3.1168868274582557
5.0915300458801145
4.410978395975141
3.9464902771508528
3.180303198920846
4.448648936170212
3.9199782006611272
5.765241891113812
4.756518590053114
3.904797235023041
4.840213464391692
4.145683478062157
4.395010396039604
3.8867095703485153
3.7463411144578314
3.4196168151879114
4.504435379924464
4.082833333333333
4.091341269841269
3.760594663124849
4.210187583912205
3.7721528814911927
5.2614818253451645
4.010534604533515
4.14694540942928
4.058824675324675
4.733881490683229
4.322631878557875
4.368288801615798
4.242081176887629
4.342894840085288
5.094302008852571
4.129270551257253
4.481857142857143
4.4998161950312205
3.5112391907158256
4.068605956471936
3.9517135715543037
3.992851437740366
4.167437149270482
4.394852258965999
3.9692785755663285
3.614942720437457
3.6775197010496234
3.383897063539328
5.071711175616835
4.765992989370369
4.582417582417582
4.622622795659144
5.38709119003356
3.9743885504877925
3.904944274341702
3.8365890688259108
4.37304178113553
5.049625791153035
3.871195286195286
5.488518226600984
4.319347415600053
4.504141071843757
4.5237002849002845
4.7567919536787455
4.8069830824818744
5.036968475157053
3.899208584777107
5.390643518518518
4.962260165864098
4.446390500624958
3.8446099325567133
4.1399606789595795
4.235900894888518
4.250821846282372
4.610704761904762
4.398936021305586
5.772092221704705
3.5923060989643267
4.423581349206349
5.104383858954963
4.738367537313433
4.519592390875365
4.522885948874779
5.922317934019826
3.0598354037267077
3.311303167420814
3.246705182926829
3.9338625754527166
3.475253968253968
3.6312694424503467
4.044653610710197
3.8718806368127985
4.272262525879917
4.360157894736842
3.6562891683604333
3.544312526904864
3.4405935483870964
4.147476761165559
3.4473483146067414
3.5835832059957795
3.4583630262095917
2.433585924713584
3.144080668962125
4.4249978977544195
2.9837665782493366
3.3576819967711056
2.729006440957886
3.91070320977428
3.0414248633879777
3.9328565851302533
4.151406526887156
4.387342223469961
4.198943429170061
2.9621468759577914
3.0762795720468024
3.849656562847608
3.9047058557880474
2.970199266108909
2.9928892468787756
3.9309278421801905
3.657003610108303
3.381062596411464
3.4967198405108832
3.989425770308123
3.6800158730158725
3.892270871985157
3.4280214252445274
2.926079813541015
4.038136363636363
3.9978440003521434
3.973274900398406
4.240721804511278
3.254968499585521
4.662702741702741
2.9970127551020407
4.306179185696239
4.156969141514806
4.003014601978332
3.6096767022357716
4.334998322549724
4.071277962347729
3.398269841269841
4.5903367164179105
3.2298311838863927
3.7102015915119364
4.54797569097569
4.122412762120815
3.8404881188339313
3.9354350567465315
4.054611631391646
4.104838827838828
3.812885232744783
4.1444257794457275
4.833761593669488
4.445116246498599
4.12190231990232
4.9272658851056566
3.907460170633138
4.619597402597403
3.5600471705082737
3.9280756302521005
3.9750738275808692
3.687335113484646
4.397109550561797
3.6943314423242213
4.1190725433030355
3.215647727272727
3.9067183650615895
4.533583420003467
3.800487504057124
5.025784199771779
3.746443230718305
4.762909208609807
3.950705271258176
4.529649122807017
4.399787139689579
4.532942326130245
3.869824209152334
3.985918956043956
3.0055724417426544
3.090178885630498
3.523561497326203
3.8984488636363634
4.653285888077859
3.9036428571428567
3.667352968289085
3.8855598101607156
3.9331603966730646
5.149756741250718
4.689268518518517
4.024591621193451
5.283392857142857
4.144083339960238
4.570015912970518
4.027066838607281
4.3963158137055345
4.044435635792778
4.359075268817204
3.8563148148148145
2.776235294117647
3.686643919565911
4.166333333333333
4.084038707055656
3.7863863388164627
4.328653743315508
4.814455309797927
5.297171941426546
3.920168317426016
5.02134096162737
4.082150805716023
4.487423130262506
3.5798621794871797
4.767282520325203
4.5847954917423
3.8711855476762587
3.9321769262128003
3.8809229024943313
3.264634615384615
4.5202058783321934
3.5414979193571527
4.3458907103825135
2.9914174620007064
4.657253456221198
4.302286031042128
3.1386509595287855
3.246433118741058
4.097983909032395
4.661315233785822
3.9101999999999997
5.681172776356918
3.953760018963337
3.800385714285714
3.5196025641025637
4.880722138930535
3.396047413793103
2.76652414102852
3.9416997765901516
4.812498861374312
3.9742918918918915
4.322802890528905
3.3049030442937526
3.442394886363636
3.8298718140929533
4.487174696449431
5.963588760330577
3.618705160744501
3.4714973488865324
4.321433162545695
3.7294816124469587
4.758077013431388
4.789811641470747
5.169344275949221
3.950448723064645
4.793895326477719
3.631260366441658
3.8304019819560415
3.920454082444692
3.351120787064095
3.8971610153615583
4.956872456575681
3.316502313284864
3.2872171428571426
3.498152421652421
3.5342525310410697
3.5641764048084985
3.9519484500174156
3.3460413231614776
3.7906101898101894
2.9688222811671086
4.3593939393939385
3.2776570175438593
2.9811734455352967
4.034590704197135
3.8651138448707254
3.8524056549994294
3.848186594202898
3.466623188405797
3.7414237565445023
3.4371320028011203
4.265687799043063
3.7657547147981028
3.6385769230769225
3.420715007906464
3.2730066486087166
3.6821809734980464
3.5246640055536265
4.387874358974358
4.298017241379311
3.1429344587884804
3.563675344352617
4.369344387755102
3.29580099626401
4.107077335640138
4.451274877810361
4.545515179182835
7.153378573913331
3.1770833333333326
4.432457627118644
4.679702713292194
3.7599662840746055
5.181571457669802
3.9298160166486813
3.9427522846587593
3.5075567302733366
3.6471097246127364
4.8169736842105255
3.4122970172684455
3.936647012578616
9.0374
2.9050233961966385
3.898888357256778
4.1566219780219775
3.8093864027538724
4.212157786885246
4.640435588507877
3.3101570126660484
8.168779532341329
4.291198330660013
3.8465380807311496
3.997372474543397
4.409704545454545
3.5519762987012986
3.5038452005407836
4.771709388971683
4.69967018884892
4.411093507881379
3.554969870875179
4.067591133004926
4.335709815078236
4.430559826532623
4.518304093567251
4.690058823529411
3.416100996015936
4.198770124716553
3.7246521739130434
4.389223524447987
3.7762290511642638
3.493521908471275
3.73610597057159
4.616116010654039
3.4782140369209333
3.097710997442455
3.7529852567543385
3.9350496102055277
4.0134549549549545
5.114903067282322
3.989042194092827
3.995019012824336
4.308046093263075
4.138939603106126
3.406876470588235
4.056928757494314
4.846575512405609
3.7131810344827585
4.069316596897911
3.499097724458865
4.297559769286229
9.820785714285714
9.778728231683928
9.861987747379802
9.44893220338983
3.474082409349715
4.605848761408083
3.342284179837348
3.7345319693094625
3.0513948717948716
3.835882551544071
4.1345080445544555
3.4125625179649326
4.06539328325232
3.9697511767372125
3.5716516680923864
4.200817927170868
4.047820417573972
5.957752136752136
3.9875204645234383
3.993296228539262
3.1939628942486085
2.863939393939394
4.516870037066758
4.130304625199361
3.6278328396749444
3.6459323308270672
3.4453392857142853
4.030208695652174
3.819711462450593
3.099449163449163
3.601401733390907
3.571522101167315
3.2988615932354244
3.466473009446693
3.614310274100317
4.062361789100531
3.4497220883534134
3.587678571428571
3.494449032659233
3.5766090225563905
3.6431118624964776
3.626497326203208
3.6174312169312164
4.015766917293233
4.092135179826374
3.661580848623853
3.421238095238095
3.843698099929626
2.8413604163169377
5.026690058479531
3.750243722373742
3.4403736493551755
4.743123435384652
3.759728411338167
3.115502914679385
4.93937214183495
3.4124725316941986
2.8705121880720683
4.16760459770115
4.025054670822518
5.347315068493151
5.209136937510857
5.360152580322595
4.225362152133581
4.220345239911188
5.239058919855809
3.7429059812604284
3.6858412698412697
4.087628078817733
2.7733382249902685
3.8945981321438525
4.035215384615384
4.458710691823899
3.589715723719436
3.889207142857143
3.4493460726242593
4.280305736250739
3.126275946275946
2.9367206823027714
3.2788561076604554
4.068461784713886
3.5874242424242424
4.21663141025641
3.8462285847299813
3.671736842105263
4.4258714109043975
3.2369010989010985
4.438422704904124
4.444751652773785
3.6829515182563335
3.530448733128108
3.124288461538461
3.2238443919018764
3.9166081081081074
3.986371268954509
3.3594365329512894
4.342232298474945
4.2037814657461485
4.31327934855287
3.652364936364936
4.740639573279147
3.907289156626506
3.3033831521739128
4.076352929697029
4.995604444444444
3.6731015204003077
4.667727992957747
3.923173092698933
3.7990106215578283
3.912186098493042
4.509786942582338
4.824340289188301
3.5959207789066276
3.770334652127762
3.0336064814814816
3.593115045418467
3.4005666666666663
5.430035390199636
3.6948706751763516
3.7503781515781514
4.354127398720681
4.825964396973742
4.25861265103056
3.7448865587202493
4.0950673460345595
3.8761750841750837
3.5216201052016363
3.2692242597862755
4.5987215944758315
4.018838048780488
5.62561087164751
3.697627450980392
4.226777777777778
4.979510794995964
4.048833749220211
3.7579368817710788
4.868090225563909
3.5222926122646063
3.8831507276507273
3.6833340432004866
3.21182820375971
4.130389205792014
4.240381313131312
3.500097331240188
2.5282033898305083
5.442930434782609
3.598135204081632
3.190752738654147
4.229684684684685
4.174998863636363
4.265412587412587
4.003145166078438
3.1772105263157893
5.233712683347713
3.5324393939393937
4.0604275184275185
4.104340909090909
4.123626037102638
4.495687976865391
4.0739090909090905
4.396270499863997
4.141521739130434
3.172311329170383
4.041943084990168
4.6470658382384995
3.5981556444952667
3.6418978779840843
3.9069150490101863
4.95350601995184
4.495587988079773
3.2627027417027414
3.8851111111111107
3.861896574014221
3.4855714285714283
3.5307397260273974
3.659970944309927
4.881508615049073
3.9911514491174542
4.032549817941079
4.132706780997436
3.3415788359788356
3.1568211879975503
4.8068710677891
4.78448866813099
3.1584495772763215
3.2121143934632306
3.370862100456621
3.6409364330637914
2.9819462081128747
2.507385632885633
4.424803749570003
3.7192979922507923
2.683909090909091
5.095172081816235
4.041909348441926
3.6530716949285598
3.9002351034654694
5.072017703349282
4.747235758513931
4.455852808599168
3.7388958893584325
3.6459389499389494
3.629690476190476
4.575838095238094
4.474090342146189
4.354045954552033
4.316438805970149
4.8642239382239385
4.109345020611846
3.8628656896875193
4.533661449395224
3.32139450525394
3.1959485533822325
3.6080915621918574
3.7996594910928354
3.443180363978529
8.796817783094099
6.96609022556391
6.945925233644859
5.514100816671361
6.423364718614719
5.349332509101622
4.197417150225661
4.469012180476925
5.551999336796728
3.2300641821946168
4.0882299385030745
4.766151197189608
4.746380952380951
3.9811747868647083
4.085107005670386
4.533926074633916
4.6366995645863565
3.943359584273438
5.227794964753272
4.2703224832214755
3.951913926002055
4.384051409618573
3.4063940345368913
3.320875572376413
3.6723078044041446
4.595021612149532
5.104211889689296
4.651058312579724
3.4150571428571426
4.309624901592684
3.582765700151161
3.8780973337990448
4.487932734337058
4.382076896884399
3.9187483870967736
3.5370820668693006
3.6395945454545453
3.3954881889763775
4.235865800865801
3.243582417582417
3.5547477157360405
4.677764957264957
4.724539393939394
4.284769815498155
4.402679802955665
3.946807210031348
3.665099228684594
3.9978410256410255
3.3255550239234446
2.943620132450331
4.675478084964933
4.240454545454545
3.8549249420849416
4.075180998389694
3.7370413105413105
4.257129417879417
3.523994512529723
3.7259598997493732
3.417302702702703
3.7842005785920922
2.9718575
4.001028927056533
3.859479806765556
3.610833712679073
3.741457322935583
3.504451452599388
4.179654570919276
3.77338961038961
2.7363311851056213
3.235735024665257
2.931613636363636
3.279711228896741
3.3693000981069
3.3651509433962263
3.3503386243386237
3.4128351648351645
2.753339617461334
5.31478232931727
6.501846255610678
3.0423571428571425
3.000142589787006
4.128375245794189
3.9060965535385423
4.26212077294686
4.671141205533597
3.891941863126573
3.9799237197677746
4.909410971386915
3.6887846199715604
3.5544068857589983
4.503043272113944
3.965105864234095
4.592934959349593
4.059229919678715
3.1426231951560313
4.900801391941391
4.746105974137362
3.700428482972136
3.800984026934972
3.7265877909794285
4.382877735605265
3.9823963469184886
4.423701096597323
5.118187160940325
4.586880782605641
3.1977043785901773
4.219932867640388
4.09036446973289
4.280208056478404
5.527017978352596
4.918007569310699
3.8852185354691073
4.576009157509157
4.130894845133048
4.988787283777466
3.816260545905707
4.361910751270947
4.763540443555502
3.6195119094565813
4.005408057179986
3.6853429595203457
3.429554826616682
4.589545124037638
3.557290778767919
3.9906176470588233
4.113235697940503
3.583797385620915
3.9022328424363737
5.567134627585332
4.1759552545156
3.3238738857708814
3.996852756278629
4.021605059159526
3.727881158076615
4.454460869565217
4.099509892086331
3.7900342109676335
4.0364124276576305
3.7017697646859653
3.320890909090909
3.9797737437693654
4.842628811131574
3.9170428621567077
3.700418181818182
3.6227387390991277
4.199309998512126
5.5855129870129865
3.886795918367347
4.319699275362319
3.837415696862489
3.6094545689210116
3.9624558823529408
4.379908227848102
4.239166503810827
4.483639007698887
4.259948717948717
3.642347259902333
4.524363307875502
3.3271950757575754
4.7436676076217354
4.052064522342064
4.333209431613291
5.694513387126351
4.387481559536354
3.6278238135042256
3.323542443064182
3.7207050561797748
4.180425240454678
4.232457067687156
3.599476101800124
4.0124822862472485
3.130509374267635
4.340501373697579
3.598677130420224
3.85194035285448
3.625383764230237
3.6219119233241117
3.118430308335765
3.6137073778664006
3.4158720662678324
4.371812655086847
4.104103174603175
3.06347864229765
3.8401800030717244
3.2257383398517305
4.832651754385965
3.2558378134516333
4.125731115973741
4.2010533774208785
4.019919362745098
4.179995354345054
4.981292490118577
3.8378320383841507
3.0937898550724636
4.759787972641631
3.522822261530398
4.397284829721361
3.338032921197676
3.8509194139194136
3.329494114062543
3.342835579514824
3.9426799268738573
3.104901157955345
3.433256025833237
3.5596526806526803
3.453085034013605
3.4240905841503264
3.7471031066783476
3.910587606837607
3.976700057028799
5.125520378874855
3.7559105876792183
3.791592408685406
3.594838928170224
3.443162687265917
4.571726566153709
4.201003908158279
4.693990690208667
4.347698878614991
4.436416699455702
4.054727051105891
3.019526315789473
4.044496816908581
4.314276727423676
4.460518427518426
3.7765299534040486
3.766062355889724
3.4525465116279066
4.048170833333334
4.289267362563802
3.480911548920014
3.8058115942028983
3.9358045112781954
3.87324977181884
4.011196848874597
4.025301345438635
3.5857595907928386
3.1301606300281746
4.400590289608177
4.482678677235968
3.81820950102529
4.8355645178363496
3.632143492769744
4.243543508883537
2.9221814650388453
4.850310810810811
3.602012644889357
3.202520737327189
3.9946465517241374
3.3959613095238095
4.628808080808081
3.1125078097266594
3.6776524361828815
4.0634812805208895
4.175826520096187
3.352038286098856
4.583101075473493
3.3872365076229047
3.1860866290018834
2.7890470715055695
5.407952824952824
4.366508094645081
3.330754830535318
4.923747267759563
2.6440252100840334
4.114027045769764
3.030614832535885
4.214463445054799
4.0990968944099375
4.064508064752202
3.902726666289784
4.259430241886471
3.3574494667343826
4.307980246557566
3.6521076487252118
4.62100913013421
3.3969746258946
3.8546190603899793
3.4544099899735663
3.7918427755819057
3.8137029566178495
4.87520333789235
3.945457203911458
5.105704886617694
3.7005383022774327
3.7979107236008645
3.837017612984798
3.8116714261472446
3.411798245614035
3.266938239809816
4.083897311827958
4.5701521468802575
3.4929615045548044
4.2978034125405635
3.911912340578408
3.5929818856083293
3.540685881370092
3.370769497312033
4.247328456536619
3.759167741935484
4.428008071025019
4.240760233918128
4.38000256866232
3.7664197124545296
4.677671111111112
7.247763133640552
2.6835785440613025
3.573213358070501
4.316842601527391
3.7230476190476187
3.338871297242083
4.0967358078027445
4.3530003132112505
4.069721326111541
4.027253968253968
4.621355555555555
4.283913793103448
3.5916434475532615
3.1099420924574206
3.756023809523809
3.134808914177335
3.8106048769473917
4.103515655121983
4.493534040011943
4.128602484472049
2.990400067408156
4.334880399742101
4.554591652684564
4.134215458597232
3.966447658402204
3.9964009352903056
4.157052143254778
4.35275096915097
4.797629785517616
3.5631892393320963
4.033377390710383
3.920974505494505
3.8697811803001985
3.098657308052922
3.2580822510822505
3.7962252657080335
3.97290473598258
4.253134556327784
3.186530317993284
3.4115146633388167
4.387355128378683
4.137380145278449
5.039152461714613
5.401090214067279
4.394385885885885
3.959819672131147
4.064343240304458
4.422283563725845
4.444842228116711
4.758446589446589
5.083333960650128
4.227103896103896
3.562066008692502
3.472941941779151
4.189245670995671
3.629151515151515
4.486985661424606
4.093265090349865
4.072246746674377
3.733465799886942
3.319546526540791
4.359221122112211
3.425644688644688
3.530237914942326
3.5477499999999997
3.7886089837997052
4.190685087719298
4.172659763313609
3.4619062137723158
4.827874012967836
3.74204081632653
2.877745203588682
4.9134970436067995
4.695348674717096
3.586991902834008
3.3913020594965673
4.206503978779841
4.446439264439263
4.36229751963106
2.794275011497136
3.690928270042194
3.7852153846153844
3.5003342087427987
4.293395502645502
5.021122363928498
3.583008620689655
3.554264466196221
4.696631619736502
3.395570126039152
4.034560048495221
4.033080532928016
3.699693369130869
3.484878554216867
2.9563199602122014
4.0803484618604156
3.8827436781609195
3.891498703543647
4.437826058154116
3.8057902764999274
3.98103312219583
4.42494452517765
3.3058452186111755
4.377846496106785
3.565777865471765
3.712347006651884
3.862772755372922
3.4111324906367035
3.821098740194913
4.085656426604839
3.972747903187155
2.8284642173746652
3.2471731352334747
2.373896595646132
5.127329201101928
3.2017324820928055
4.325964488760604
3.558961849604706
2.957556891540855
4.155381790525858
4.384372515272316
4.274753846153846
3.5726706506619954
3.530545805207328
3.5961890702559347
3.081066208995364
5.275659285620138
4.315778635602774
3.1448392857142857
3.818335652469031
4.3851845739598705
5.154667161814221
3.087016389936098
4.794263157894736
3.8019090909090907
4.4394880952380955
3.5689736788410524
3.5381666666666662
3.3833585467540197
3.052245766391663
3.5536485489179213
3.580580600324321
4.4163910754616715
4.236647058823529
3.498390243902439
3.826055418338993
5.989346153846153
3.0987673394119453
3.954721433131184
3.7910238095238094
3.315578313253012
3.8178673842690305
3.5866210749531033
3.8515384269662922
4.547660287081339
3.830583204930662
3.343746234309623
4.572103174603175
3.5664896666016763
4.406635263042043
3.946105263157895
3.3169577721150345
4.300724200530652
3.93284810330912
3.7778928541010135
3.130204545454545
4.164847272290315
3.616566012045038
3.11011801242236
3.424375804375804
3.6885324836547215
3.8238541012216403
4.387735116706006
3.3043986903014564
3.6139663379913807
3.307483436744137
3.7602504734376554
3.9924435069309037
3.745661109514228
5.195872229465451
3.5385582232893156
3.9172432940148534
3.9092105263157895
3.490548662652289
3.948716298552932
3.0499297333039452
3.964343283582089
3.3569449311639548
3.505239865290759
3.397258687258687
4.350335834896811
3.8028041383219953
4.021446073903002
3.6638276627218933
4.825107204639438
3.7597093851132684
3.589570833333333
4.179263403263404
4.604857516519823
4.132554336989033
4.176944356120826
3.95000626566416
3.7094791666666667
4.0782757616487455
4.912628418549346
3.8636616116357616
4.7525344827586204
4.18151364764268
3.958920124123664
4.3962292297527945
3.520049545610099
4.741362785862785
4.762365413533834
3.272667135678392
3.277355034109621
3.719632352941176
4.024029233895648
4.5334040747028865
5.163312617702449
3.8150681650397833
4.649974349376114
3.8936155310239813
3.584365119836818
3.927808580676413
4.357609245758001
3.894408100417807
3.950113419520053
3.8509386467889906
3.904751140787336
3.9218645451985354
3.544381491699337
4.821470588235293
5.166698811973186
3.54205763064133
4.356493515287253
3.901615384615384
4.110671497584541
3.868362013462101
4.7119752475247525
3.154347290731743
2.9490274725274723
4.885125448028672
3.754628733997155
4.423927963161546
4.1275231259444185
4.603695987654321
3.2616666666666663
4.025318644067797
4.2820907633740735
4.405395551257254
5.057622471910113
3.5925804321728685
4.219621375040729
4.270999867438469
3.6623195592286497
4.496965130759651
5.3507842246993995
4.323017039106144
2.9419565217391304
4.131615023474177
4.4564029304029305
4.633653649079075
4.3366755371575
4.062538599561066
4.329622943621567
3.755967213114754
3.2890327236113435
3.21743447320661
4.607652717193748
4.012744314179329
4.242889297791923
4.430959665144597
3.6652
4.522767054799026
3.188716454232957
4.190246127366608
3.1643049050951926
4.0586927560189885
4.3543893537655
3.6760222634508346
4.862298551256188
4.619457985257984
4.052493750929921
6.2437488582765575
3.7679575342465754
4.51071130952381
4.884238095238095
3.9629230769230763
3.8890965391621126
4.00567847086853
3.833916975881261
5.02231654054054
4.245623976248975
3.857274693877551
3.3326739639547904
4.593298643986199
3.673629410385652
3.5454859053989485
2.6866598391367336
3.9037786585644443
4.296702579982226
3.670194805194805
2.9027332170880555
3.286675324675324
4.204095329481637
5.498615384615384
3.212708720593232
3.826816326530612
2.8333290598290595
3.524076923076923
4.156672268907563
2.9973729110512126
2.813328282828283
4.223324675324674
3.852918168838122
3.1704641674194516
3.6004717203456393
3.2752979127134725
3.5639706986830273
2.7771142225904444
3.227324038368842
3.61573010275621
2.8703314285714283
2.929595110771581
4.224572807591622
2.8649552983797926
3.5556720430107522
3.1418822115384613
3.7001078807001724
4.2752671166827385
4.295799484757406
5.357681937080239
2.741083333333333
3.6983231165600565
2.769840423124114
3.282761612498256
4.225561051502146
3.927759118541033
4.400701394543974
4.19157572895762
4.128682796019307
3.7130343919985958
3.6751741753821396
3.3920407704654894
3.8744825581395346
4.055985583888727
3.6882432091690545
4.242396093988404
3.648373359414437
4.05563878806211
4.3339985384123505
3.484491999146576
3.9109090418353576
3.6820877192982455
3.615279035736291
3.5554633587786255
3.4247377857463017
4.443492268041236
3.9131163357715075
3.7417552447552445
5.511266004792878
2.6722705570291776
3.6168613861386136
3.588498112659698
3.4784722222222224
3.15754788516327
4.0226218905472635
4.13855204772654
3.7315957514267595
2.2822398452611217
3.735852506982311
3.3945196895659673
2.8985562677053824
3.5492818590119115
2.154025426680599
5.273100649350649
2.6451512651947406
5.090405572755417
2.902802491460719
3.17430103085971
3.16910402057036
3.4106019714300775
3.336485829959514
3.2992430018661687
3.5484225352112673
3.7478056680161944
3.2273794572228307
3.7680590611353706
3.1819433198380564
3.126535604097248
3.1041399639963996
4.110247542284911
4.08704342676668
4.452466512824593
8.987388252805129
3.490160839160839
4.383522644580619
3.8972336592897574
3.626915577342048
3.4633161639157652
3.239239035087719
3.5689543930248155
4.408016365824308
3.788383838383838
3.9129154213036563
4.034307692307692
3.075018407731247
3.634538639710805
3.5299261272785416
4.097937229437228
4.742354938271605
3.4556416631196067
3.465265217391304
4.4837053354610426
3.680557062045434
3.824983474082702
2.9985588674814534
3.047769483782549
2.907483175150992
3.804247629289275
3.3032857142857144
4.062833072672296
3.972025074531516
3.619348770726129
3.3136285957033618
3.952373626373626
3.552127559832223
2.943770746977547
3.7054465510286403
3.904354154032747
3.142959821428571
3.240120555396507
3.4037401089302226
4.552978961874139
3.9679103269818863
3.255580882352941
3.11173894912427
4.2365892786756
3.6279744422186915
4.582955258268301
4.137204292567133
4.0857170329670325
4.015356255178127
3.5476603995299647
3.831350769230769
4.4154660895891515
4.038816066323614
3.1647691413064547
3.6333479762547216
8.588613933601609
3.9930243637640896
3.856089635854341
4.180468048256092
5.247712014960262
4.093926711404143
3.6473158690624436
4.719404938021414
3.464618364974816
4.692547418967587
3.8534513290229877
4.2842842928216065
4.0110447027365055
3.2723337432436295
3.187222222222222
4.095425339990198
4.447677073625349
4.270489177489178
3.3451589743589745
2.9095381349729172
4.719965002573341
3.308824390243902
3.559931321277802
3.353482788296041
4.750544089834515
3.489532909752637
4.241348565872629
3.9908839238959675
3.971452028508772
3.86753142282554
4.292447532729103
4.51117112613937
3.1693834016588807
4.0984646808986245
4.258095182138661
4.938168452906316
4.062514705882353
3.854448275862069
3.5872038303693565
3.370130536130536
3.1144347826086953
2.534593764354616
3.576161036483586
3.0662092495389417
3.0522365747460083
3.4659609513096576
3.63817584725537
3.8851026498585024
4.746243637273409
3.7425563059756275
3.6434201819685685
4.6017777777777775
4.621117117117116
3.8496020621714044
3.4144722222222224
3.678335680160925
3.82167706270627
3.6609637283236993
3.6975112747353887
3.927217344102831
3.708066004474879
4.109544267515924
3.3761944692239068
5.3886516765286
4.675615384615384
3.411863145258103
3.602478347768154
3.562517108639863
4.211086229145543
3.142546765182916
4.0459075027839635
2.2473976451699222
3.1425867306155078
4.1906784989858
3.0374927234927234
3.2506604656222797
4.0796095669036845
3.3728512164691202
3.6839285714285714
3.6739090909090906
3.3592018286943657
3.007824675324675
3.4984957264957264
3.0431522721233057
3.0050103383458646
3.5703199812367026
3.078259087958455
3.3141711284744457
3.1412173749246532
3.7031693281938325
9.007647923369406
3.737958514553362
3.1368214124184273
3.2026582222112268
4.247753303964758
3.4313471996074316
3.253200265251989
3.8994555282014605
3.5148760399334438
3.7759659270165105
2.8813046498167085
3.6023878029472653
3.475380653881895
4.0435118306351185
3.2930066334991706
3.5027330968226424
4.905111111111111
3.828743385036496
3.8896222760290553
3.830767145476772
4.072833505331957
3.172265432098765
4.622333333333333
3.563750127226463
3.536548723723724
3.611447593493208
3.956638498683055
3.8441553582752057
4.28792338825215
2.653602678571428
3.9761079152406613
3.7454535728231155
3.4924413900891786
3.4040444821136306
4.245964106025278
3.8825589622641505
3.7422331161608136
4.417136945603735
3.791938082425515
3.6313779483756115
4.442864428020565
4.0074341372912805
3.459342982364056
3.3090467836257305
3.3340153210116728
4.504544571612799
3.3384716662647698
5.068201784308581
3.9025101010101007
3.3173816237238696
4.516151799687011
4.814603160128042
4.131480829733909
4.6098665817572755
3.9575586254295527
4.306422856775355
3.030950226244344
4.050408317980006
3.7067679558011046
4.382394095468099
3.4852763940520446
3.3320763474471913
4.3601458646616535
4.764733210044772
3.795356837606837
4.129407787864309
3.9647899214659685
4.080533333333333
3.4416454043194373
4.144043248945147
4.555355458164664
4.812609803921568
4.597380859849405
4.09246370540445
4.034114721194255
4.226186399514267
4.216540899311532
4.294407741676695
3.4758241608914253
3.800862984881409
3.4405797101449274
4.020707317073171
4.308922473519809
4.025035471037111
3.6163780593458954
4.152138734739179
3.653300140056022
4.634417910447761
4.166116435477091
4.3687302275189595
3.7232282972978146
4.11608381043257
4.092910443571027
4.788557471029867
4.058511182108626
4.043019837195658
3.467116760828625
4.512277591973243
4.275147665984749
3.934943529997097
3.3387434632986834
3.5817957913925653
3.657522043735709
4.306577662268216
3.2388075139146566
4.237966293880087
4.520083158630328
4.124439356712084
3.861368520010744
4.229383866818292
3.452759157509157
4.02590176027676
3.6310827285921623
4.461659705580281
3.5572338893766458
4.395858406264393
3.056020245398773
4.38612987012987
3.614844914500346
4.047522875816993
4.287596931969764
4.013712091715336
4.104746854972703
3.247741394335512
3.930555555555556
3.6841123188405795
4.021702194357367
3.3968705234159775
4.117997179962893
4.564588333333333
3.540795953079179
4.770778280542986
4.68230210355987
4.993329191394658
3.404647805302042
3.4159137737961927
4.5092543424317615
3.2519085244267196
4.199481403508772
3.6827487048470653
2.607577935222672
4.202414715719064
4.023211197042658
3.4535454545454543
3.953088359046283
3.8367744238883477
3.740748452696728
4.385674760253009
4.751159817351597
4.611476056338028
4.448286324786325
4.128524064171122
4.531893551778517
4.405435559006211
4.567481364040944
3.057902146464646
4.267137102762103
4.480091034482758
4.384216450216449
4.288707079759314
3.699619445768366
3.1815379716298366
3.46009000918461
5.079891668216478
4.864078480329306
4.03773770324164
3.095889685501066
4.333728937728937
5.365753615204516
3.942413333333333
4.223467223039004
4.063837443584784
5.225028103044496
4.061213498622589
3.91415873015873
4.728197575491292
4.9394952645016055
3.2767631578947367
3.7013793527597794
2.8256355834296087
3.7691565656565653
3.418117045454545
4.790979451713603
3.6536443256578943
4.860193080702997
4.096475557461407
3.4631543346625313
4.345572781065089
3.0589844142785316
4.559156709295667
3.989154009798865
3.4749052271617
4.110259795512249
3.803653215077605
4.558301927920946
3.8920741626794255
3.3887406654588834
3.1156109589041097
2.597795271300937
3.2068585858585856
3.528212068965517
3.8191090909090906
3.2826834415584414
3.5660075012714016
3.8405362318840575
2.339403846153846
4.373649742058104
4.262593841642229
4.504673767905597
10.244266666666666
4.623519283508811
4.539796296296297
3.4102497229850166
4.533811661506707
5.0192887700534765
4.111666019417475
4.021121800801726
3.7419211809360458
4.771001874414245
3.726642056772908
4.5509899099099105
4.269416666666666
3.904945194274028
4.247999999999999
4.532924558723693
5.078680688730795
3.839721015826279
4.423238200465976
4.488363636363635
4.722543123973727
3.68853171641791
5.02143783068783
4.806368421052632
3.5631422377304727
4.219892433653303
4.130830908289241
5.321250457875458
4.776726920401471
4.734571331981067
4.119315093150931
4.133986377292034
4.422743227282577
3.5219183305887194
5.063200506673256
3.8516715200620375
2.9043270110701105
4.100193753174199
2.4664679816162387
4.167649676881384
3.8008373779637377
4.054603904923599
4.027372919717747
3.1451375039647176
2.8798811630847028
3.797990223381801
3.854034666336511
3.2871609589041095
4.930770583865046
3.9123913630229414
4.4837199941877355
3.8058687764563595
3.892075629444551
4.488711988847584
4.472135549511199
4.934859401468097
4.347590133758743
4.8687795454545455
4.3586237642768015
3.6935059523809524
3.299918198155025
4.608759644223808
3.571300641161135
3.955911185588605
3.4547280923267762
5.474822066822066
3.440171077137979
4.189005719514984
3.8802307692307685
4.037084741217484
5.16181746031746
3.583869137729223
4.81341806440552
2.853930769230769
4.429189695550351
3.1522941176470587
3.4509783160134195
5.706689536878216
4.197164221088649
5.274514767932489
4.699593844984802
3.5684348084348083
5.582544698544698
3.1324333333333327
4.555713338246131
4.687812989817957
5.964465411423637
4.901209833187005
4.035367362146051
6.144959472314868
5.079312922267816
3.7719626743747643
3.8577532609544636
5.411529291500502
3.7409356131932205
4.520602564102564
4.073934301625527
3.686623951182303
3.391828491042719
3.496649404553415
3.6693648667700547
4.192876712328767
3.3786666666666667
4.978848739495797
3.4840082644628096
4.885260378751912
4.4679429700734055
4.436945929887106
9.774402750703919
9.235057870587134
9.249063826672524
9.340507654623392
3.6475288019559904
4.1060790123456785
3.4307012987012984
4.181049344943908
4.11006237816764
3.8105148586821738
5.6539020922475665
4.577998157965675
4.753800944138473
3.921179545454545
3.9623543730065465
5.052438947193069
4.183887445887445
4.191575757575757
4.070336705577173
4.461282220410583
3.6882031892201232
3.684138522331786
9.48853393309173
4.510794913365082
4.615807156742175
3.796225318197454
4.76509022556391
3.1477832817337457
3.3366100323624592
5.216207746478874
3.858477453580902
3.7477102092880425
7.103776479013144
3.142870438472418
3.4340878114934736
5.059179680759275
4.013102272727272
4.166816991963261
4.342693179634965
4.302472866026003
4.162661913250148
4.045666666666666
3.8428534845436255
3.427575611066344
4.570568842584709
3.2716179604261795
2.4801469979296065
4.354610570331779
3.079284629981024
3.2420142867842565
3.9700233585858586
3.601729017434788
4.043647468532342
4.381883636363636
2.48116965790052
4.314265486725664
3.6585991146620596
3.2098678970232366
3.6369410952600094
3.6558444408056325
3.5846778931287107
4.170928221288515
3.2107669641004355
3.791643465640184
3.5597819370912487
3.6043376068376065
4.229598614036279
3.662975155279503
2.722576033057851
3.5422958542713565
3.286961038961039
3.805962244897959
3.9536269663248653
3.8028511655387254
3.4930820291419318
4.758266043362617
4.531876211782251
3.9776052631578946
4.529034576534576
4.1818370697558125
4.814550424944514
3.5278571428571426
3.9297224474371304
3.7469913735899136
4.141963564327906
4.66064293248945
3.561158998895841
4.208217581426359
3.402088669950739
3.0362774584530796
3.455930481283422
3.518735081967213
3.7125968513351935
4.028924764890283
3.55160989010989
4.223710153721683
4.820505356781888
3.398377601314348
3.2361410921437326
4.718655518394648
4.584921700223713
3.2145319829424306
4.487359979281767
3.8371667717528375
3.9489756244559033
5.680921390778533
4.104363586659376
2.37730111704711
2.7956761006289303
3.214962323390895
4.937753105590062
4.23065873015873
3.1256001998001994
4.516571428571428
4.0677117056856185
3.7953311258278144
3.582071426144856
3.3328101135190913
3.59861131575918
3.09406105834464
5.667861532322426
4.065393849793021
4.646046766614455
3.5818294419817884
4.286820938215103
4.353479770763835
3.91017003827228
3.306376948318294
4.83896481918239
3.9382248803827746
4.766564648117839
4.28937680756396
2.743874213836478
3.421120281752424
3.7013743781094526
4.319827205882353
4.143924537487829
3.5538722587719294
5.097950717703348
4.273339544513457
3.5265004695287856
3.6236899300076866
4.054190896977348
4.033755244755245
4.06554028362163
4.795675675675675
3.4170279646017696
4.035630789302022
4.310018298555377
4.569514705882352
4.494592185592185
3.924583333333333
4.123408815903197
4.0555085276011695
3.125907756596215
5.2925666666666675
3.0211775704049324
3.9807644383420575
3.1634571384990844
3.670203624733475
3.629453384418901
3.8902549019607844
3.793742420152946
2.7735342857142857
3.53992365456821
3.3855517241379305
3.830147025171624
4.191780310636036
3.556354738798265
4.144032183908045
5.143343543046358
3.0213203481735156
3.161291476378708
3.097710997442455
2.929546426835197
2.8217154150197628
3.4511848994857406
4.748083307049361
4.257258687258687
4.096785714285714
3.866333333333333
3.98506914407554
6.097282327586207
4.057446212383258
3.7862726696258715
3.3195752134605723
3.5579604283054
4.191583274523642
4.8526798716277195
3.925254387574145
3.3567631578947363
5.774504996509425
4.626897337429595
9.556385281385282
4.467677152209492
6.190860183740682
3.4198224033243902
4.015262744516894
4.818505602240895
4.08972457442165
3.978692098092643
3.120025932300631
3.605040372670807
4.1107379138321996
3.2813999030929497
4.167857606980414
4.095743421052632
3.504014272930648
3.8424791666666662
3.7485223851417397
4.239864033468685
2.861351856476856
3.6152941176470583
3.5142412420382168
3.432426158727129
3.8498541666666664
3.636122219207813
3.633212791156731
3.480235213870797
3.6523926764223194
4.394276524644946
3.8711024417801765
4.382215134799161
3.666428424001179
3.878202784639569
4.057033536585365
3.3625112230874943
4.100590691457041
3.6813005366726292
3.6409743406985027
4.0234534351145035
4.449813578507243
4.108323076923076
3.7888558558558554
3.7483438023116777
3.235944456872583
3.9682115732368897
4.404759775402516
3.5571195525232033
4.370407343822585
3.164238095238095
4.100818716094032
3.8190750943270224
4.144882133995036
4.151838566195709
4.056050360422632
3.680819327731092
3.839936889993916
4.519636063265085
3.434267610591778
4.849835383577286
4.2265110445808585
3.0210898174203256
4.115417664893881
4.783802695978796
3.742488386535834
4.973656294200849
3.6900312396144894
3.9541428571428567
3.658644487932159
3.79641961722488
3.3920666666666666
3.683096774193548
2.953536230366492
3.6067150537634403
3.4916574664366604
4.060272300469483
3.608538043478261
3.6586619981325863
3.2619890664423883
3.2811574770099594
3.958387295081967
3.7219455943228854
3.7417970735463992
3.342538938216796
4.169764552986408
3.4367142074006387
4.30580536130536
4.106583524027459
4.67181862320097
4.128243712273641
4.222106168831168
4.115448840088272
3.0037381314502984
4.160979463483507
4.623706412536288
4.72194005994006
4.6043621424223975
3.569045454545454
3.898326659993326
3.6641458128078814
3.803982978723404
3.701132372214941
4.1815980787704135
3.2848774420421982
4.896306010928962
3.028906052135255
4.247889979550102
4.0214908270676695
4.384135594411738
3.099374576271186
3.3178937894318863
4.113032967032966
3.8960011098094824
4.540969358598391
4.877547860360361
4.370370065645513
4.606391470479477
4.609722795255286
3.904063882063882
4.51077857463021
3.4331938340115915
4.582214492753623
5.19235380116959
4.158375027430326
3.8041403467830386
4.584007498224654
4.330715444340043
5.085128904286638
3.3492131642512075
4.277431326993732
4.49221635696532
4.61320652173913
3.813809457855164
3.51152412585301
4.060003971756399
4.59436707361516
4.338898148148148
4.292774074981622
3.08321092700403
2.739615973398582
3.6351991869918696
4.096394806351091
4.157849873176918
4.417657721796276
8.734820341844271
3.748911646586345
3.637276767676768
3.3311121157323687
2.988690762331838
3.019392206386433
4.023547115384615
3.340663587090416
3.083904761904762
4.0484675003095205
3.257618777943368
3.7121167002012068
3.7272883116883118
4.103312567132116
3.2551740740740738
3.1252913533834583
3.7554238318882462
2.5959603783499734
4.217318209194941
3.555805555555555
3.970112676056338
3.6576944239744535
3.564779527559055
2.1473998510796726
3.2003204835766423
4.692496957403651
2.969814146308175
3.8046387276526583
2.921695512820513
2.535561655126937
3.8605391161540754
3.809721382636656
3.2085392721154693
4.13469497084548
4.007234265734265
3.3873351382488477
4.891573388460815
3.6554425508521162
4.382164430628272
3.2268697478991593
3.301994270306707
3.1393904848761207
4.51048179298945
3.1788943637008154
3.066849061522419
3.3942903121982617
2.5944594594594594
3.468590535500923
3.2281654389854344
5.007073570759138
3.5877907288781157
2.8979472966833257
3.453306133828996
2.720713734567901
4.487543859649122
3.752432161902264
4.030503636363636
4.1212890995260665
4.519194805194805
3.4137482435597186
3.745423811458756
4.157729577769367
2.770355781510954
3.587616301450992
4.791614247709134
3.7124991008991004
4.296357216553938
3.968785695364238
3.2926122713791397
4.534972727272727
4.819119122257053
4.338565982404692
4.191583274523642
3.6841811594202896
2.773212602459016
3.396875
3.5421901509705247
4.518419390394781
3.9064361144281188
4.524694209109937
3.6838525046382187
3.4780861274431905
3.3294910187667557
3.7856107273466066
