4.412543913713405
5.065142857142856
4.201341433158202
4.461600109110748
3.3965119047619043
2.863578272604588
3.179172393007836
4.221949516648765
4.308118001722653
4.443265636856369
3.7155196809015796
4.156281553398058
4.595877978229428
4.373034829783801
5.520612044105173
4.679567887931034
4.547715719063545
4.597409845235875
4.402493122977345
4.816828909395374
4.320346335076202
3.9170881047809902
4.3701240227434255
4.529020914930284
4.2414789729437885
4.705173559561683
4.114640601503758
4.695809933913459
3.519385231973995
4.720809322033897
4.6838541666666655
3.9307591973244143
3.772273271814796
4.104173589383968
4.736710242587601
5.523424761904762
4.1930727699530514
4.585315789473684
4.245229142185664
4.428891358024691
3.6754314574314573
4.395154462242562
4.748161664880314
4.186655631708263
4.296971076339497
4.071642857142857
3.189258082813386
5.063797943096441
3.7358163826278177
5.090828063241107
2.9266855400696863
3.4338888574660635
4.423525909810126
3.512548127953471
3.80046819960861
3.0672304290137102
4.7115732484076425
3.616503144654088
4.075702361257331
3.9178605801588366
4.135950868023147
4.670608036890645
6.420346153846154
4.062878488026914
3.780758057079625
3.452948272206911
4.029491356564462
3.7437208316179498
3.6515156042964674
4.055848782726306
3.5476959996078046
3.1980089357650328
3.9083631765865268
3.3213526190861518
3.97972498857926
4.714209090424681
4.204327574967405
4.1913720062819
4.301491450927356
3.931085771319688
4.454401727977675
3.666761685823755
4.475265382912793
4.326884652150822
3.920254329608938
3.7308519801980196
4.534424836601307
4.5143358617783385
7.005468717277488
3.9257985783036773
3.872808025177026
2.8517171171171167
4.52166773241515
4.51906315973895
3.9933826169107225
3.947658747993579
4.049432636727435
3.885553354150963
5.297455500276396
4.475024046692607
3.4677829263945816
4.680000836586726
3.63760779135028
3.486115646258503
4.617899665438241
3.3945180107526878
3.366355072463768
5.196745519713261
5.697907960893854
3.638537289494787
3.1841126665314126
4.278499999999999
4.340358271865121
3.7091190476190468
4.279572867298578
4.371987987987987
4.523228070175438
4.901131076683988
3.536203309692671
4.140833863142044
4.2224137254901954
3.9294221388367725
4.805345713552361
4.346104006284367
3.5656666666666665
4.412645604395604
3.8016925744775456
4.435232057416268
4.090783470101677
3.3409309737793014
4.753888368180725
3.2929970263381474
4.440005405405405
3.3807994378638826
3.4250970695970695
3.2850020408163263
4.83590564248459
3.4624615384615383
3.6847049056603773
4.166942225733353
3.110507936507936
5.266022047959995
3.6277482189119166
2.9156508344030807
3.4387231735159816
4.205033613445377
3.5244017857142853
4.1161376077990255
4.4787777148253065
4.0531655172413785
3.3937592336559352
4.688903250773993
3.3421748768472903
3.182095238095238
3.2347104749512035
3.0525385332675112
4.575159420289854
4.099006451612903
3.79079703429101
3.11715240852856
3.7002554487613373
3.755107781684757
4.54441519107872
4.296979049153908
2.5923035714285714
3.247845631588351
3.1123159340659337
2.823926406926407
3.508391012743125
3.6523705421738017
4.894217391304348
2.863745387205387
3.8282403846153845
3.8535322697279213
6.014521661237785
3.246875213072356
3.2732328638497648
4.938225509110396
3.524357185990338
3.957437037037037
3.8535316901408447
3.6763571428571424
3.656184582859001
3.903157595006023
3.680045045045045
4.05470202020202
5.4752769230769225
3.4499878236914596
4.091440584780708
4.474288384703195
3.392771959661057
4.262115398070868
3.8726197812779417
4.108726650834722
4.491628762541806
4.33434527210137
3.7549807017543855
3.7575435435435436
4.483412698412698
4.884316505549588
4.379299291190511
4.573158615717375
3.5567078431372545
2.8599637159032425
3.9334054755417154
2.763590425531915
4.639436909082761
3.755928625392659
5.074209706511295
4.427753142120528
4.572030712530712
4.639693596941823
3.9061588785046726
4.229077127659574
4.2716291560102295
4.420338581925757
5.168509637753406
4.126046856702619
3.679086168802474
4.356739254322418
4.616524375600384
4.673503741197184
2.7755646459500762
4.103045502645502
4.213466314140227
4.401923914181056
4.25836201085939
4.018610019646365
3.7841745454545452
4.095996120092378
3.711710184481448
4.096030997150997
3.51764037775971
4.093681643329743
5.585616262952941
4.146567049808429
2.654635390107088
4.261609523809523
3.052662222222222
4.1456050384737
4.317910600255427
4.565454936594202
5.18510618692409
4.054647468253545
4.452859649122806
3.1243502915451895
4.512262108262108
3.210081294559654
3.8684218783124864
4.035858974358973
3.949076113535766
3.8253099791534484
3.517771471527908
4.457279524990213
3.2223192804428042
3.584893232282941
2.999638145756457
3.343881761658031
3.0276904761904757
3.255989206349206
3.9333601711099226
4.524672620079764
3.689481588999236
4.3934999999999995
3.2695113636363637
2.6341966632962586
3.661844720496894
3.854452018046579
3.5691585400627317
3.2328012422360244
3.1554276094276092
3.9599031963470313
2.988374100719424
3.5593331047488426
3.7472692307692306
4.039870755422587
3.4972203389830505
2.7713494983277593
4.055275797373358
4.221586083474884
3.7497219251336893
3.559670879120879
3.9165890352741175
3.658189662189662
3.6204102564102567
4.955676968119713
5.036844645550527
4.08382962962963
3.7831739495798318
3.718109787145242
4.164722794387227
3.063703184570531
3.911553949987021
3.32711640176746
3.632956856702619
5.240289285714285
3.515486384976526
3.7862496974586524
4.211045726941116
4.417324716940824
3.4453247648652954
3.772877527752775
3.2746858845709417
5.391521476104053
3.7505657370517924
3.800391278375149
3.868913984461709
2.992669790193305
3.949674292440759
3.871691469134237
3.549971797884841
3.4465589743589744
4.69577139281431
4.338352056962025
4.019771714501511
3.353813781007266
4.724610730402808
3.5339028846153844
4.0539884707129605
3.641672413793103
4.160026251823043
4.32220692368214
3.382167435728411
4.054421919636341
4.2275996944232235
3.2911048668160316
3.9462176975945016
4.983007518796992
4.36033507949637
4.749244565217391
3.517278260869565
3.757191486043973
3.1520850331776846
3.9310588235294115
2.9450493180578285
4.252397590361445
3.912962676962677
3.244277474315795
4.808888955823293
3.3951127868852455
3.929832759504798
3.485965770775409
3.6058793938689297
3.658781291172595
3.9741191368942337
3.388673992673992
4.35499824204293
2.992946877912395
3.3975950195707916
4.693178961655921
3.2170892348392344
4.0556544117647055
3.1553967611336033
3.186958408071749
3.8401703834893555
3.889961427541456
3.47753720019579
4.582253023963483
3.259006620610247
3.0516630434782606
4.468943965271034
4.699735410369681
3.917416018499054
4.243928205128205
2.8588006688963206
3.703886639676113
2.834031746031746
4.254668247391804
3.086004010695187
3.9265997055576
2.994278879015721
3.5792382776865534
3.1889308477530185
3.4027702537871334
3.663986328631997
3.019454385964912
2.830352920353982
3.724260765550239
3.2236725352112674
3.078200056290459
3.215548216998838
3.3615704438121496
3.1897367912121917
3.9992296296296295
3.4620093147039253
3.475417897091722
3.97051954887218
3.3775812274368224
3.5680487162606975
3.6853755808293136
4.332547880690737
3.8479758444619008
3.9391308336657356
3.654909090909091
3.4510853861663886
3.508705010224949
3.275737032454554
3.7896565594059406
4.173159887005649
4.146921963562752
5.02099950816447
3.003155714854639
4.23105180233946
3.539303062894552
3.860618559529154
3.632726075105996
3.896376507038459
3.184264461626575
4.1400435001891305
3.76832705733023
3.6967819148936165
4.166562718663991
3.402043203883495
2.9515757575757573
3.3866323439568267
3.9568958402386474
4.622235958033064
3.1670985915492955
3.0115810161122663
4.077188230008984
4.44045238095238
3.2304688276351587
3.1375517438536304
4.8424998492765265
3.5813932504017614
4.4896323008849555
3.2041698113207544
4.229131161770752
4.152119451170298
4.69658235614944
3.700625
4.187339415395788
3.940547528981086
3.8801075744362774
4.391534391534391
3.465533447684391
3.485055221843003
3.538438114592893
3.5470976169968416
3.865764756418031
3.427842600309561
3.348484848484848
4.448197159211363
4.325973160762942
3.337189818859572
2.9965776077786517
3.1177232675800126
3.9874609868219433
3.676564411891426
3.0274658119658118
4.268290376529052
3.3187107279693486
4.014768057285181
3.519102741884651
4.799686131386862
4.34264168618267
3.0382585784313725
4.3476208098370925
3.9514454545454547
3.6916206709956705
3.62762559217564
3.4002410642731205
3.689217184801382
3.3615148700305806
3.8647165558019214
4.443384013377926
4.29190795614892
4.4849599096555615
4.586651569506726
4.097350899853613
3.3747982035928143
4.260788405797101
4.072572391604106
4.571542391243957
2.8991129032258063
3.178286258633008
3.701501524264645
3.7341620370370365
4.568931972789114
3.340530142659917
4.1787706766917285
3.790971726443424
3.2005607725607725
4.210955402574079
3.85183715791263
2.7415214183234267
3.5686581196581195
4.9044267119411415
3.8483426713867517
4.266131868131868
4.488367394179894
4.099704624756047
4.163060196560196
4.4665501656238495
4.051038393710044
4.28443778179834
3.637519459459459
4.095114176245211
3.365839786381842
3.7068717890104863
4.074534756928669
3.4593938640132667
4.605897435897434
3.579666925114686
3.6131593526299404
4.015455596224234
4.262741440640284
3.003497749348495
4.116840532544378
4.320939393939392
4.569389774961765
3.098694499896744
4.973351648351649
3.8778966500356375
3.8050975574504986
3.7909674099485415
3.4765861003861
3.619713199105145
3.4066531351939107
3.5053469721767594
3.4160125535823638
3.5034383561643834
4.36624358974359
5.8670407891229
4.3864550140581064
4.856718586899792
3.502020050125313
4.009049689440993
3.145653846153846
3.721067226890756
2.859851449275362
3.592859649122807
3.925272727272727
3.9476630496858935
5.403032710280373
3.426598913664951
2.997802739726027
3.9394240396902958
3.569693486590038
3.778805851874428
4.614256199095022
3.7433721804511277
4.707976445846477
4.010534604533515
4.942535812672176
4.08740971988607
4.167437149270482
3.312226851071007
4.249324233358264
3.591076530612244
3.2496635531477676
3.3368935837245695
2.4190770562770565
3.988766578249336
3.2026005291005286
2.7895970356646593
3.9214957264957264
3.0764098129688984
4.092110599078341
4.0334950401511565
2.970199266108909
5.92476655925528
4.446330250783699
3.9962997737556556
3.9394240396902958
4.334943396226414
4.0375292762266195
4.333578204058938
4.797231884057972
3.0097474390016763
3.388560798548094
3.402126576322228
3.614111111111111
3.5216201052016363
4.081033386327504
4.35348142735355
3.8771568627450974
3.6913060989643265
3.9357142857142855
3.703441326530612
3.6596587795765876
3.5694587912087905
3.3515396825396824
4.042249999999999
4.375660606060606
3.606813562634356
3.8851963104325695
4.340758906952612
4.366409034829648
4.160091123330714
3.5570197589686097
4.679923199152542
3.23377392421323
3.898916666666666
4.083132288401254
4.454299516908212
3.6888526503485166
3.358173611111111
3.7826100191754555
5.884143589743589
3.5259860563009733
3.7946960784313717
4.153764033264032
3.9433623188405797
4.215058823529411
4.377331664741368
4.38408777429467
4.098574615616521
4.614625482625482
4.527303571428571
4.2201692883895126
4.996799227799228
3.679542105263158
3.505405797101449
4.043115143929912
3.753013189448441
4.244475012370113
4.466410126582279
5.184423682616595
3.929217154526888
4.13542156862745
4.376291309931506
3.4775611985779578
4.034486942396601
4.0280531135531135
4.379149512459371
4.080785714285714
4.224036187113857
4.18040348964013
4.017089837997054
4.337211493170042
4.298153465346534
4.394831168831168
4.241043629774184
3.734023651145602
4.5463862959284995
4.188916666666666
3.580996478873239
4.333167691579943
4.367989665003563
3.6883475192472197
3.704
3.732588590604027
3.3557420024927294
3.6432079728397766
3.6336999931285647
4.504809407948095
3.2818653846153842
3.7973999999999997
3.525781522867436
3.829793769578837
3.254185410334346
4.0157075268817195
4.567715771898278
3.6517665961385872
4.047275659824047
3.334963488843813
4.039675986842105
4.274435211846976
3.348323007904294
4.465322857142857
4.358982142857142
5.132681818181817
3.7637788461538464
5.6685560460139115
3.67019087635054
3.5137356321839075
3.5437225274725273
4.295799484757406
4.463670329670329
2.862400176159718
2.2704935064935063
4.700256633610291
4.359075268817204
3.6904224751066854
5.036566792452829
4.225424982342851
4.586634773662551
7.153378573913331
6.767657300441288
6.368048647419869
5.074468610164963
3.3347212918660287
4.046826964362387
3.7652968295050147
4.193109304280357
3.3947936507936505
5.683285269247886
2.937839359625146
3.5353280632411064
3.3138188079470194
4.4479228828828825
3.9962103174603167
3.441106535947712
3.0610129870129867
3.9869924098671725
4.019883675464321
5.370974136103454
3.726728277247614
3.1005864358061865
3.6992708836310957
3.3499802197802193
3.308020859557633
3.786303535927293
3.8578814453457375
2.9822684392642502
3.5029720229035295
3.0855219201684694
4.607580597014925
3.0989699148533583
3.2303881889763777
3.339535714285714
5.474291487326639
3.5327551942186086
2.854661095876235
3.3458161864588543
4.014481991495593
3.370946946564885
3.7378285714285715
2.958868972746331
3.8672179487179483
4.153271216768916
3.2828432941466117
3.6641600123641234
3.8839288703990253
3.2025559808612436
3.5345280112044812
4.0700934411500445
3.5110112260620734
4.732380383675005
3.6123258436213987
2.529272727272727
4.338841438285597
3.104328510638298
3.544724411635387
2.9841526963732687
3.3415552536231883
3.0339922027290447
4.296350427350427
3.703709819247679
2.97439641933232
3.791903841387856
3.3261471971066907
3.4940894607843136
3.834620879120879
3.6916343802445453
3.936433356353591
3.9673164300202837
4.125698288770053
3.45571455505279
3.420293024672555
4.058637758112095
5.472173913043477
3.896824642748556
4.69435294117647
3.4061172161172157
4.944538443670151
2.9715384615384615
4.650662756598241
4.875327731092437
4.94450724738676
4.336015114739629
3.6074580949920656
3.79635120274914
3.989042194092827
3.3552977199354315
3.720575237605959
6.389807110862263
4.995405373541821
4.179781573498964
4.408979511589404
4.20400284371909
3.4630595238095236
4.4432832353919505
3.743577280823273
3.1382236842105264
2.8041065927977837
3.3994999999999997
4.0984278074866305
3.531099099099099
3.0906847697756787
3.477761570827489
3.907206976407584
3.1788189249691876
4.020836336336336
3.472616547569834
4.357001307616867
4.0148340347923686
3.3216697534889783
3.253221112221112
3.36497975708502
4.740628337187303
3.3839653505237712
3.928875200088315
4.3829592944369065
5.350033492822966
3.6716768283247188
3.2419653679653675
4.367276441448343
4.651691409597257
3.569926739926739
3.651070655848546
3.3376280748269256
4.520514091002255
5.044437768240343
3.7305555555555556
3.210954545454545
4.46564947368421
3.8914
3.555661502347418
6.134536209553158
3.3748543956043955
3.9798881922675027
2.685325680108045
3.0201843112244897
2.322665161200667
2.970349888806523
3.413035450425281
3.2601215001473616
2.7003789868667916
3.800167882071049
4.136626925746009
3.3153060967944685
3.698097774244833
2.959708333333333
3.6620539473000364
3.229490441661173
3.105990815154994
5.316432144511348
3.4117351032448373
3.692104730653541
3.0107482993197276
3.7664581115158304
3.9379119737561505
2.8046184009506026
4.158214285714285
2.823925353925354
3.15825
3.9535700301204817
3.574086981010621
3.522224137931034
4.046875
3.5895434173669463
4.531762925598991
2.639614994934144
3.548324675324675
4.0267599999999995
3.570694749694749
3.4454805194805194
3.5347935311284044
4.436502390710382
4.054005138086063
4.641319444444444
3.6066850963163226
2.533447881451431
3.536685661764705
3.906471786833855
4.080138238573021
4.745537862298087
4.078789331735091
5.202459801264679
4.490017921146954
3.345486338797814
3.3214134199134198
4.0204273847802785
4.319158643940813
3.999919494238156
3.366813241028089
4.628497446373851
4.236378613945577
3.5929340659340654
3.7085771084337344
3.803854867256637
6.3108351744504
3.45825974025974
3.4309749999999997
2.5053130601792573
3.5830168918918917
4.0097083607636606
3.5220314650934115
6.223086122047244
3.320504201680672
5.019885511651468
3.031858326429163
3.29438064516129
4.806866310160428
3.862388888888889
5.145850683930249
3.055493902439024
3.871188281611857
5.10771296832195
4.262676826959485
7.904889122315591
3.7203265306122444
3.553
5.360152580322595
4.098990305741983
2.885854767184035
4.763105263157895
3.4056190476190475
3.3706176470588236
3.964956043956044
3.2391609195402298
5.373527327935223
4.179760423459849
5.035469588550983
3.7742422074603983
3.2183538834951455
4.046262857142857
4.891134509094563
4.30305028157683
3.101200842696629
4.049006535947712
4.004914031102569
3.5786897759103637
3.346891756272401
3.031043824701195
3.6236052631578946
4.356436126461894
3.1584495772763215
3.79631884057971
3.2033803179894855
4.237129744480278
3.663755902360944
3.370862100456621
4.5202172439101105
3.081123732251521
3.1436666666666664
3.8021900491935985
3.2448250525274993
2.666725988700565
4.373561403508771
3.9858735559423963
3.2558805774278214
4.3402012055109065
4.545973216111225
4.011502801120448
3.743143711381303
5.015736214572222
3.455111111111111
7.8618634122287965
5.195706966330835
3.6409364330637914
3.5188743794517587
3.8830414895176655
3.466708917197452
5.938779234972676
4.604877055756116
3.1510070984915703
2.80587922705314
9.052352201257863
4.350318746081505
4.534437446074201
5.388296386126607
3.018701790633609
4.179446544092611
3.400507532467532
4.684393503880425
3.66565871754107
4.361704496057959
4.706234344800928
6.434419127086006
5.498893844367016
4.61495746132848
4.842923227065713
3.9744224770642202
6.150481531744157
2.817583024118738
4.1102810559006215
5.315387955182073
5.461873288466
2.7948345864661652
5.3229756643774255
5.603358288770053
3.0431939655172413
3.34506265139837
4.593593176605504
6.140590462833098
3.3539532587228438
4.472083731513083
3.209212382445141
4.752402259450586
3.624280188170432
3.542169950738916
3.345583074534161
3.142421052631579
4.809552098066949
3.3732368421052628
6.25911111111111
4.327805162659123
3.6261558441558437
3.120783834586466
4.821904256784681
4.147174303308631
4.168284715284715
3.3473624633431083
4.412885096747633
3.041406172224988
4.967905498281787
4.677869103773585
5.815142171248143
4.659890139698901
4.650170464135021
3.3869104116222757
4.070437802321832
3.6446575993091535
3.538963005339435
3.5984849236641216
3.068010989010989
3.523176136363636
4.228260127931769
4.762905701754386
2.14441662806855
2.8726753846153845
3.712055555555555
3.2101467659959617
3.4683933463796475
3.34301949436491
3.6736309875813125
3.143122330097087
3.6570322580645156
5.579754934823091
3.054617473757179
2.8011481751824814
3.965114312516751
3.5329939946702695
4.020909721941966
3.5239039152638543
3.958937309913945
4.0550717369222955
4.1574768460575715
4.917105128205128
4.519697604414901
3.4789731528941115
3.253300751879699
3.495528154851684
4.903738738738738
3.998301709401709
4.224470348790804
3.715826097178683
5.533799999999999
3.456655899802241
3.9051365313653137
3.9425788530465944
3.387052296624239
2.8971674418604647
4.275579310344828
3.879384615384615
2.7189780297661232
4.059679854096521
3.2003203157457416
4.426851072201455
4.4907272727272725
3.9438883524164248
2.669076923076923
3.860365441906653
4.385058823529412
4.231311332503113
3.6780740740740736
4.8964731182795695
3.444967008681926
4.734782346109175
4.192026256116481
2.9146357121705653
3.9413996472663135
2.992392140327205
2.8245319634703194
5.170775313685439
3.299662298307753
3.375521907000168
3.920105130228887
5.125313286713286
3.148131007003139
3.2353997445721583
3.5575328423566877
5.6296653584972205
3.687589743589743
3.614772134968856
4.473111111111111
3.5021406249999996
4.042672463768115
4.541704795902529
4.747815329389084
3.8753846474760114
4.120515325895479
2.889100261551874
5.632129870129869
3.056929437229437
2.9946366465863448
4.958736260162601
3.1076563417890517
4.446983333333333
2.574064393939394
3.9794751580849135
3.211713156408808
4.20564367816092
5.245352130325815
8.43287356321839
3.593475384615384
5.775729916897507
2.8689126378286685
5.175365841460364
4.7289163763066195
3.889976438727149
3.428280350438047
2.6790701754385964
4.52966037735849
3.6865850271759353
4.023588093322607
3.5279593845923487
4.0718749999999995
3.1294926753121994
3.7901532158590308
5.095172081816235
4.097581646423752
3.7779195084485404
3.3353699755718407
4.595702164502164
3.520399028305872
5.113872213227051
3.6595241090146744
3.0579864176570455
4.483272727272727
3.335142356241234
4.413723809523809
2.6165457475824447
3.3192941176470585
4.695110145905372
4.187277777777777
5.324593703356589
6.10557928802589
4.575079927425516
2.963682835820895
3.943446480938416
4.064545900383141
3.7056136363636356
3.282181608310889
5.296781609195403
2.377673469387755
2.628220530835285
2.399936627282492
3.331142857142857
3.426548214285714
4.1710714285714285
4.330461776403004
5.311505985963947
2.989863886867006
4.961059389697036
3.041504201680672
3.6127176626826025
9.247091921832212
4.397377437093818
2.8701600496277915
3.864915026246719
4.784399251986909
5.254671863669325
3.3738568738229753
3.2494357876712328
3.319414922976567
3.303714583058015
3.6174183154324475
4.63083442711135
4.237328767123287
4.244354985618408
3.809933579335793
3.6944300670448684
4.548499586435069
4.123974967061923
3.8787438186622167
3.006626590987272
5.733210654313838
4.28965283459965
3.8666564082586676
5.7033709483793515
4.824614379084967
3.431963902019768
2.5780015082956256
3.3421567852437413
3.348181214000886
3.9124343844561236
6.331467741935484
5.1632693798449605
3.911311946118398
3.799214285714285
4.3539001168224285
3.3011182266009853
3.2089761904761898
3.2038362421598032
3.8113253708825745
4.184511867442902
3.6522561576354677
2.804
3.1796819264069263
4.3297478930543445
5.00187507002801
3.588579322638146
4.471413043478261
3.117135972989564
2.693768720581942
3.213526315789473
2.768566348195329
3.164063740856844
3.792116109422492
4.491621527777777
3.1794234234234233
3.4455416666666663
2.8004755538579067
2.9774786585365853
4.286757028112449
3.6494328205128204
3.5671304347826087
3.685627450980392
3.0701015121750648
3.5880508265482356
2.889739495798319
2.5325176470588233
3.9279333333333333
2.9387718383311605
3.604729838709677
3.9217680623973727
3.6429360690383934
3.7139583333333333
3.345674772036474
3.1004391080617495
3.217047719298245
3.7790694836886716
4.28051282051282
3.298129954515919
3.7084285714285707
3.6803624483043835
3.002448028673835
4.114741496598639
2.7118156682027648
3.4262682926829267
4.2070872641509425
3.6030692704495206
3.1715930735930735
3.523893659281894
3.299810344827586
3.4688100369458126
2.624448244348244
3.790530612244898
3.8003277310924366
3.2899780219780217
3.414290322580645
3.5623289377289376
3.3544625595643294
3.403720360824742
3.1520029211295033
3.6566502463054187
3.901762801204819
3.5138625723634536
3.4881440470357665
4.3121883116883115
3.2466915635545557
3.240815442561205
3.341927453769559
3.152005838641189
3.558487067167292
2.4586058094625036
4.473356076555024
4.120321703470031
2.8438471698113204
3.7656806986117326
3.1705578817733993
3.5167631578947365
2.0632483660130716
4.592874056918271
5.114576965669988
5.384942616529573
4.54572352416287
4.675796590468811
4.995193001060445
3.999696271929824
2.4379641056380237
3.291300632911392
2.6319982397465234
4.384051409618573
3.744024323653512
2.9176655369872617
2.97494256490952
2.5998272058823524
3.875532275132275
3.320875572376413
3.575060328825245
4.595021612149532
3.2969166666666663
4.649397574123989
3.5132577009120634
3.3872518705574257
3.5779081690140844
3.0968517210944393
3.053563519979719
4.150186896901981
4.227665199207571
3.68953813559322
4.002692944138959
3.655787234042553
3.4917033979488337
5.317904844766003
2.762678651685393
3.719699809010223
3.364581461011654
2.966714815025936
5.021061455322357
3.2072530217566473
3.2487691228070172
3.183055770206455
3.358301015228426
2.7070308993399337
3.613226358148893
4.5000793795620435
4.468173822839617
4.497452757101625
3.5921421786267422
3.270941867469879
4.29880452267164
3.480709702235496
3.5034075883874674
3.505144707949056
2.7398699186991866
3.654371733683331
3.378701149425287
3.284026315789473
3.6170288942695716
3.426969250506973
2.765586355594869
2.6471260286050153
3.228888563049853
3.02984698670488
3.262680698279064
3.729779874213836
3.846748633879781
4.004908322954458
3.9780732643524694
3.4392087912087907
3.2434234952416263
3.6109495626822157
3.228301032301032
4.255250398724083
2.896492753623188
3.9711072359843542
3.497840302081414
3.7628576474743904
4.355308963923223
3.3107062842758244
3.039020833333333
3.210711147850732
4.944302640667338
3.5718095238095233
2.9878884832392965
4.123304232804232
2.758326096788783
3.540882629107981
3.287039339103068
3.9048607333091994
4.573262513159154
3.3111607142857142
2.863020341571785
4.755447043248013
3.4889743960011104
4.058363614515741
3.365956387403446
3.7124408395417765
3.6029294281729425
4.206182112068966
3.7441271676300576
2.804104761904761
3.6850798319327733
3.701454545454545
2.6735522157996146
3.3111492109038734
3.451333253816794
3.4556843501326258
3.555589743589743
2.9663003214142223
3.3156666666666665
2.9996249999999995
4.299531598513011
3.4110894308943087
4.414264780789521
3.0887270043609525
3.0263076323987534
3.3169570400822197
3.1806456156292593
2.7992117960007334
3.6093985507246376
2.9596235311185257
3.0062658027812894
3.305298611111111
3.2762794117647056
4.4023462232017625
3.471322580645161
3.4724285714285714
3.418865602836879
3.4869777777777777
3.8810590823381514
2.551565217391304
3.786641754850088
3.209829594477998
2.6371183574879224
3.3547018633540366
4.48635119047619
3.263225589225589
3.314687344913151
3.2330967004448836
3.744166666666666
3.091559829059829
3.2863787090057257
3.719699809010223
3.2505893451720307
4.617514281254877
2.6121231527093594
3.520749560117302
2.466339950372208
3.922193482270957
3.437942171771257
3.2752442291251067
3.1000757451462944
2.6308067144719685
3.446984276018099
3.056307692307692
5.060799568965518
4.608540578439964
3.741833394495413
4.164191501103753
3.2146228448275864
3.651261992619926
3.4653228247162673
3.215370656370656
3.761288288288288
4.005342165898617
3.850588706091596
3.6710292397660815
3.854621118012422
4.228461538461538
3.423975369458128
5.842129822129822
4.695015592515592
3.458488380488245
4.064550379793172
3.1387077461985506
2.923248366013072
4.016226495726496
3.1317833969951616
6.249422382671479
3.5625088785046723
3.563275503355704
5.077471504757922
3.9513260869565214
3.1171177628341806
3.936307917888563
3.319276315789473
3.8130171832884097
3.4037713740458013
3.8562848020434224
3.2931525423728814
3.8148594974727126
2.907119607843137
4.0839323512308585
3.458523280912735
3.4611583618303206
3.291170229931424
3.2129559892843473
3.1308503990386094
3.9927768784626037
2.979867058823529
3.6762504785343175
4.255621848739495
3.7933316831683164
5.410819219837302
3.6081314660741044
3.131730523627075
2.6429083617747438
2.9708075980392157
3.2885967616474248
3.1744426829268293
3.8507020123839
3.7308139534883717
3.468740301003344
4.434374603174603
3.846175395414558
2.975087301587301
3.2634222972972973
3.671787241459447
2.916395067858325
2.7548109224109223
3.176437450304797
4.808303271028038
3.113909090909091
3.6848183106267025
4.21847619047619
3.3445629290617847
3.488787239051954
3.5968839267338955
3.6596533773182602
3.9664178498985794
3.0066045875691674
3.178499245852187
3.7794390243902436
3.0612794117647057
4.354690843621398
3.4410526997041417
2.969531396105817
3.5528771043771044
3.4392994521065554
3.622777258183608
3.5244885642660395
3.4787186363124927
3.625071292322365
4.160461538461538
4.288475743440234
3.6542937062937058
2.6870987555198713
2.645111111111111
3.5174243641231593
7.6899999999999995
2.9333509615384616
3.203
3.282657894736842
4.794798576214404
3.3749677419354835
3.9153022791179515
3.351381575976518
4.568141982864136
3.5179772727272725
3.427127634660421
3.1478418726321484
3.6414055203619906
3.353853174603174
3.811387160689518
4.871806655192197
4.277844611528822
3.1277438174851966
4.892494482648328
3.6868652489626554
3.6824254237288137
2.8453
3.3742216597510373
4.148237769328263
3.6923541599743013
4.271852678571428
3.0423571428571425
3.4740699216395416
3.7611127060074425
2.764515594917212
3.5956909801367627
3.0179919354838707
4.852074074074073
3.267888141295206
3.815431693989071
3.2015201217701215
3.2673923076923073
3.017982630272953
4.376883575883576
3.3384203413940257
3.6873518449147773
3.556322859116022
2.772567193675889
3.4051205673758864
5.170824046920821
3.1495576923076922
2.378470588235294
2.996756598240469
2.3762354416271942
4.28610233592881
4.097113986013985
3.9623711875405574
4.4925418227215985
3.6222111436950146
4.538830720235178
3.597698187163155
2.7484526495726493
3.962160714285714
2.4760822274881518
3.167395171026157
3.611820322284378
3.574519897304236
3.6212708333333334
3.5707362055933483
3.9884404527559054
3.3676430713214818
3.344675168792198
4.310396434319673
2.9761699177080154
3.7634019121161977
3.4145445393143876
3.297915254237288
5.1592014705882345
2.6118627309236944
5.319922926475913
3.9676617647058823
2.462526553672316
3.753132267936076
3.0652890886924715
3.917873773066352
3.000142589787006
3.2410284870730925
3.8085692307692303
4.492438120702826
2.7602767191383593
2.7597830551989726
2.9583060200668894
4.181855691753814
3.027083916083916
3.092067027027027
5.0973184537505745
3.6993484848484846
3.433418803418803
4.128375245794189
4.085000341157205
3.393411764705882
3.0151970649895175
2.8214085627551553
2.619792615868028
2.678423469387755
2.9969237311767984
2.821527131782946
3.453971291866029
3.116281236489408
3.476090909090909
2.9452428035043803
3.837557039149598
3.066470707070707
3.3784395711500976
2.915460755336617
3.8271775858646016
2.67433300149328
3.513094028709759
2.944
3.183156462585034
3.0228595571095567
2.4836797800338406
2.956111946532999
3.525864383244619
3.3368935837245695
3.0110468864468865
2.5919118887673798
3.120785714285714
2.7161787345075012
4.110599217986314
3.9306176470588237
3.7927
3.4829959533220403
2.5915927601809954
3.968767853243066
3.8459140271493206
4.317503450655624
5.327708943089432
2.7702185507246373
3.140005685856432
3.206138509733721
3.099369168356998
2.819497737556561
3.3163571428571426
3.349430919050517
3.2026470588235294
4.154527693535515
3.8963159731727344
3.0368606150793647
2.0850721070811744
4.247289744567288
3.3339682777837316
2.8574110962566843
4.044267584849974
3.4258369565217386
3.556322859116022
7.974611237458193
4.334858461538461
3.5848351648351646
3.948323733737527
6.776381286872791
3.693220856539274
3.679413793103448
3.822785465405674
3.651993740219092
3.340423791821561
3.9969820037604076
3.1441206765968186
3.5746511224826674
3.3560934172114627
3.098112781954887
6.432194444444445
3.4719102564102564
3.192418663303909
2.668844563279857
3.6429744743855488
4.149006002400959
4.90302155910908
3.6008350051885154
2.8968906810035837
3.2716929729729727
3.5928235294117643
3.091078688003391
3.7231560203504803
3.508912522045855
4.918385499557912
3.2582851860782895
3.604286265857694
3.7999380305602712
4.0063470996216894
3.946842950351718
2.794275011497136
6.670267236119585
6.709506878306877
10.158014227642276
10.1205
10.304583333333333
10.34909090909091
10.08993481717011
4.04334375
3.310900452488687
2.683432551319648
4.963326530612244
4.286234567901234
3.7748196527229667
3.354569235689159
4.2534903910298
4.190766488413547
4.862352770220134
4.142540670431335
3.419484057971014
3.670111111111111
3.223028855721393
4.053720279720279
2.705142857142857
3.136127229676401
4.877992042440317
4.597647619047619
4.589754585798817
4.271826322707854
3.0850763636363636
4.511117960088692
4.265222096133581
5.295232057416268
4.166362568140521
4.812151458489154
4.6316923465703965
3.6105878045497373
4.762393342966764
4.952999999999999
3.8501991869918695
3.369505973025048
3.245498796340876
3.8897409593169257
3.927958911954187
4.197345962308368
4.984
3.6382599234815878
4.778489391016809
6.107669762641898
4.453077765995051
4.734793576184881
3.6997118773946363
3.9683675660792948
3.1482309382924765
3.995527777777778
4.453865105908584
3.6681438102297994
3.433441080196399
4.1304880581516095
4.701090418353576
3.478786781609195
4.665786815840555
4.522131955484896
3.9335649999999993
3.9745843621399173
3.9928465608465604
3.250013857064921
4.7774824561403495
3.8567147020725385
4.230401952085181
4.134983516483516
4.734648863698294
3.5415468274111674
3.5264231475811387
3.864209195402298
3.188568861024033
4.026976866359446
4.984171071707372
3.5341923076923076
4.331501858736059
5.139343421755385
4.190766488413547
3.119550667714061
3.7428503153003647
4.422347222222221
3.1390222816399285
5.211105263157894
4.344573845152896
3.20245796961659
4.7044038081552
4.534746522337748
3.81984379619592
3.569693486590038
4.142688517464833
3.323842504279775
6.443563300142246
4.561965260545906
4.091884376493072
4.567349802371542
4.193643962848297
4.288513707116859
4.191180969571944
4.309204851752021
3.1080108695652173
5.259410602185538
4.347073093220338
4.000556962595764
4.052104407359863
3.6630487804878045
3.5948459985959986
4.019942857142857
4.196437389770724
4.13113719512195
3.640181818181818
3.3355270270270267
4.840739583333333
4.556699225056506
3.1841295532157083
3.853694953271028
3.9492703759398493
3.151716520467836
3.0879772727272727
4.092457431457431
5.137544345412039
4.594598901098901
3.359085820895522
3.601083333333333
5.200547608489071
3.6226499999999997
3.816483122362869
3.8761367901234562
4.079824501542843
4.423845238095238
4.522064516129031
3.613262226512226
4.295234875983061
4.021659985084394
3.5454859053989485
4.754792114808389
3.9037786585644443
3.670194805194805
5.498615384615384
3.1704641674194516
3.61573010275621
3.191666261767385
3.7001078807001724
2.741083333333333
4.400701394543974
5.1786598419823076
3.648373359414437
3.4573211523072818
4.2117457365181785
3.735852506982311
5.273100649350649
4.337444191029096
3.6969999999999996
3.657186780383795
5.309991228070174
4.765328205128204
2.445727919059338
3.0397777777777777
3.2887405936850063
2.7442752941176467
4.352356486097263
2.9024315789473683
3.8679853479853477
3.915475308641975
3.852352449762926
3.4004772727272727
3.619783055198973
3.894084404154198
3.205364848566068
3.2571301446051164
4.077090909090909
4.466964912280702
3.454718278894472
4.204896341463415
3.2960929535232384
3.80051997245179
2.94055977443609
3.5212253521126757
4.490453982300885
3.8371621621621617
3.8903558659217876
4.460823496966354
4.347056835637481
3.3514375
4.783335353535353
3.9806666666666666
3.2896248466675746
4.2453457959454965
3.5238840082361014
4.249945835760046
3.445881441301821
3.9980010018032455
3.101374757281553
4.426923076923076
4.729380952380952
4.040540616246498
4.918528711484594
4.93699761589404
5.378215661641541
3.390786692759295
4.281425210084033
4.9824699514226225
3.410464108031272
5.177630202692248
3.026477832512315
3.578424561403508
2.9644603174603175
4.750069169960474
1.8429394473838916
24.738710355987052
5.790361829501915
3.17430103085971
3.1841782569085937
3.3090990958538957
3.843935841287666
3.16910402057036
3.4106019714300775
3.336485829959514
4.243250516857506
3.0969692281822763
3.659989565514882
3.7478056680161944
3.2273794572228307
4.75549469623915
3.1819433198380564
3.1045520034100593
3.4709492086860503
3.838143077397471
3.636364452798663
4.300329733755353
3.126535604097248
3.503650793650794
3.5121027379053693
2.7479999999999998
3.1041399639963996
3.5441266597510372
4.6424549600172895
3.8501061320754717
3.255614772224679
8.220780422333572
3.841028913260219
4.064146505954943
4.042065061475409
3.5596065416065414
2.668351061636776
3.9362364208015608
3.671232974910394
4.334829815835461
3.8490283280757094
3.9199394223396093
3.7392401500938086
5.021279418350412
3.3557604624277455
4.164920962199313
4.777318588948601
5.303016891891891
3.224985714285714
6.669262183671645
4.372633928571428
3.3647142857142853
3.30841597915762
4.275076836158192
3.3792423714036617
3.7439092827004212
3.8402653061224488
3.6702121160409553
3.6314679487179484
4.481441415590626
3.85997247706422
2.721077147623019
3.7805254599914417
4.1360388295914605
4.5720802124833995
3.365839786381842
3.1040579710144924
3.6613254785297684
4.7833245341614905
4.606840579710144
4.2033000000000005
4.121815828402367
4.046872280701754
3.963034749034749
3.857935145547945
3.7225498962655594
5.139758494623656
4.873457068837897
5.691283386752136
4.756703869749881
3.3978626373626373
4.401173139158576
3.856193725251294
3.413258064516129
3.985507293733224
3.978105201976169
3.769848484848484
3.610340175953079
4.297148387096774
3.728771774692722
3.596315789473684
3.1648095238095233
3.747890933878664
3.3843322282737387
3.394377939529675
2.8925201465201464
3.759467431532198
4.0679622641509425
4.261102086438152
3.816423740510697
4.052474348750664
3.758721794871794
4.65397221486465
3.04189177852349
4.977588687628161
5.28514046479836
4.397924268258027
3.543949917898193
3.0120420586607635
3.6916440750213124
4.163737634408602
3.6096479843685723
2.3274781144781143
3.997359413905382
3.8075344306348673
3.3704961814914642
4.559828282828283
3.2678299920865204
3.9470010893246186
4.195666666666667
3.9277908469945353
3.8545914234663488
4.079778063115535
4.081769409937888
3.7798512370811146
4.177025371828521
4.029006269592476
5.504896604938272
4.077825108225108
3.4659718775847805
2.6749560439560436
3.4519999999999995
3.9887520263424516
3.127294117647059
2.976637070376432
2.4257578231292514
3.6278562657999274
3.053920511744966
3.7666253923962327
3.3950436459246274
4.955422836783169
5.677375572852258
4.357140447504303
3.3034436581382685
3.074550088495575
3.8508723816229535
3.544489232019504
4.208452565726956
3.3349111493969974
3.7348403237674757
3.8875362167795724
4.016426339285714
4.039011970359111
3.725117550574084
4.138300108342362
3.415077848621966
3.6654897891963105
4.567815295815295
3.410152652917328
4.2507488382899625
3.9824273157538874
4.360966136945391
3.292002597402597
2.874630526953361
3.1736336206896554
4.381575416968818
4.288696551724138
4.804113592343625
4.502119715976331
4.535664402942841
4.286702702702703
4.160972453787604
3.5846390709870763
9.27395238095238
4.321522396114409
3.2474
3.5438513241027016
4.002487307721452
3.771959762574195
3.773578500707213
3.348696016771488
3.6206857546836333
3.0333343108504396
5.118930913348946
2.802923580034423
3.494926320777067
3.4907825810553086
2.4116333333333335
4.92976923076923
3.9419565217391304
4.531240150093808
4.028574737478934
3.821625
3.960941410129096
4.008105840185536
4.129466776045939
4.148548148148148
3.646147058823529
5.64697204968944
3.9661310898062996
3.405982298814722
4.198316166592028
3.0239196428571424
3.7024909963985593
3.30718018018018
3.1092718700890516
2.5928676371348693
3.4059031697073103
3.8004691247002396
3.1454661338661336
5.563740737231118
3.924233766233766
3.709770204479065
4.766269986893839
4.335180555555555
4.097844466600199
4.820945207524634
4.054483549351944
3.190978095003692
4.380428013557323
3.293652334152334
5.977235621521336
3.7499560439560438
3.5383714692135744
3.555621091679915
4.124651709401709
3.129796296296296
4.290947976878613
3.5688823808619703
2.622551351351351
4.135158163265306
3.7456632270168853
3.142091065549237
3.7673048951048953
2.712009380863039
5.963728470111448
3.6839285714285714
4.147820143884892
4.103069941822882
4.166313114754098
5.056307692307692
4.935020512820513
4.897428571428572
3.81070150562226
4.896380952380952
3.8634862745098038
3.7419290492116573
4.309748127978216
4.812244533043373
4.28792338825215
3.4040444821136306
3.861368520010744
3.490235779513698
5.396875
2.839886409736308
5.1863529411764695
4.45125067204301
3.845080043100131
5.051058876003568
3.94085060690943
3.6497020442867174
4.05528234421365
3.2393638642059694
3.4756447876447876
3.7340316373124587
4.340985300594582
3.532790178571428
3.465850231600617
4.558891304347826
3.225359727679795
3.7611432748538003
4.050085009733939
3.6830115436669053
2.9135655783844636
5.1846470990309985
4.537179487179486
3.8114999999999997
4.197844606852226
3.8834403910348114
3.56598273155416
3.512799021352313
2.8439295774647886
3.5358643146004742
3.7277284001653572
3.282456011730205
3.1599056924384024
2.7293209271716874
3.4503864241348716
2.301013059183106
3.863081374085684
3.4869865713216646
2.8644797215496367
4.098779661016948
5.165412825597599
3.522400983635097
3.4339983452840595
3.3075263157894734
3.793724162065479
4.0855617515167495
3.875285714285714
3.1988692493946727
3.6773869760171127
3.6225585446627044
3.322537488284911
3.560430124223602
2.7797254901960784
3.000655884502924
2.7768455559984053
3.0858173854447437
2.9600304737516008
3.5131758028379383
2.9090356215213355
3.5505623348546718
3.575511027391884
3.6208056758056757
4.092943208143208
3.4391588486140723
3.40043547950398
3.4942324280282455
4.67813972300527
4.107009259259259
3.9026225118483406
3.4276680926916216
3.681472222222222
3.3170814170975906
3.839068158347676
2.943298850574712
3.319681798368516
3.3418048780487806
3.626869047619047
4.039485224623527
3.344243046976225
4.553524079320113
2.9540062695924765
2.7456694386694385
3.4664964866863905
3.1640778601694914
3.415089743589743
3.716084324798509
3.0368839750921337
3.2976369369369367
2.4670422822210902
3.645115902964959
3.442445496056455
3.0359720325203248
4.837511278195487
3.811927437641723
3.9527988380537393
3.5364664268585133
5.107318704139553
4.031013996987195
5.894047369950595
6.005714130248009
3.761512882682869
4.66375449614616
5.139838500067686
4.442392945851962
5.450552326217844
4.955614516176084
4.447642857142856
5.4364690265486715
5.873159663865547
4.589084623323013
3.3386937051387915
3.5929436619718307
3.7127684014099107
3.17322450316663
4.543678147810218
2.671966072943172
2.7352590090090088
3.4511567676767676
3.4273996411483254
2.909326631977294
2.8998933333333334
2.3345464869775894
3.1672683982683982
4.966700054734538
3.695637477313974
5.285527777777778
3.6693648667700547
2.2321742305685968
3.596495112525574
3.7705466259496494
3.734854629629629
3.7125855962219596
3.024648433847592
3.76710236653825
4.308270440251572
4.224464383561644
3.4696249999999997
4.207847491306508
3.908002705627705
3.3122956259426846
3.666203748555072
4.2956029801324505
3.978202335687126
3.387044655344655
3.5228683702989394
4.108360745915617
4.4756679455877215
4.006329102554089
3.5524478722548465
4.611844805117877
3.722254310344827
4.058474233128834
4.361805024647582
4.149515603799186
4.219645771144278
3.8646186335403727
4.516450854700855
2.96362209880152
4.449280573663625
3.903552908841044
4.096099140824271
4.289238228284987
4.977858947368421
3.9393453947368413
3.896715580250596
3.559075650118203
4.004908322954458
3.584542139473394
3.723880244755245
4.952027093596058
3.2067491992882564
3.451486433703006
3.7093736141906875
4.331251534526854
4.211429479900067
4.473630917274562
3.753237960673496
3.8452667370996436
4.088383013726801
3.7072671972318334
4.0073586288803345
3.9749214285714283
4.504688524590163
4.825964396973742
3.511818684133489
3.989807469061439
3.2402795242141034
4.583539170506912
4.159295728038507
3.3990660313901344
3.3403111752163546
4.144124416579588
3.523350120166047
4.403980392156862
4.591606586224232
4.207108042421564
3.6086275510204078
3.727332154267458
3.4738922518159803
3.8364856146469046
4.192116666666665
4.919021264449835
4.940649425287356
10.259746268656716
10.149796542142637
3.6090148558555812
3.905062271062271
3.2937222602479275
3.855634146341463
3.3240543878843716
2.9476483516483514
3.437543172690763
3.4675457875457876
3.1770615058324494
4.021995121951219
4.339637362637362
3.753598930481283
3.6848510638297873
3.356776226734348
3.1722294685990335
3.513254074784276
3.707949425287356
2.882184065934066
4.085462484405632
3.8306717517776336
2.992333333333333
2.936623076923077
3.893377614471452
3.4716061776061773
2.7526486486486483
3.567255010548523
4.132464685314686
3.8951659125188534
3.561073446327683
3.9430106951871653
3.662430499325236
3.2526659919028336
3.255989206349206
3.301460242851547
4.593607790298873
4.446521433237851
4.044519886363636
4.739812643151625
2.9001405405405403
3.962706049941344
3.9519181049665373
4.887077014620877
3.838609107965205
3.7968601538976245
6.103638262322473
5.605331356560415
4.064207269653423
5.135173747622067
4.687737109270638
3.8024607981220657
3.794118515562649
3.89974746835443
5.798947687400318
4.553
3.4078607068607067
4.0149606604158175
4.1797357723577235
3.4909811320754716
3.95844047239068
5.728409828633602
3.9942499999999996
5.140270731707316
4.798054054054054
3.3126666666666664
3.3126666666666664
2.389375145180023
9.547024390243902
3.9840980861244017
4.572345864661655
4.346892881355933
3.2335023584905658
3.9014257089289894
3.5570870460648085
3.469950470665499
2.367243879472693
3.4549295997027953
2.9623233082706766
2.7812822966507174
3.5702789094043457
2.972540687579581
3.193771929824561
3.952660130718954
3.5142445011783185
3.4974928609201474
3.046466806256928
3.9329928644240573
4.650560669456066
3.438706004140786
3.460763157894737
2.813235305837816
3.2166497773536893
3.2145319829424306
3.7230476190476187
3.9294263714427644
2.889449438202247
2.8485401535588295
3.125995838390844
2.9211189024390243
3.315509049773756
3.725156089193825
2.986684044450542
3.751549525101763
2.925048701298701
2.988908820522353
3.387166666666667
2.8776711111111113
2.9430681003584227
4.481571428571428
3.42190243902439
3.5228127977415746
3.0348766326713186
3.84068606870229
2.915331046312178
3.362022173754998
3.9457823452768728
2.9663796279241113
2.776531099033816
3.1278923208923204
3.5022799860529985
2.8408326300984528
3.290113220338983
4.487359979281767
2.5291344799005384
4.407491103763187
3.683437872937873
4.008286330457863
3.93848947304369
3.6251699087415945
3.6806223893066
3.486885217391304
3.92633871095608
2.611353630739173
3.8851872909698995
4.169511068476977
3.24388867413993
4.771367113435764
4.785340789792457
2.8139281045751634
4.442884064264003
4.418371574096531
3.932453878406708
5.001371458358886
4.563885897578522
4.54636098597535
3.638975369458128
5.459811045576407
4.568042328042328
3.8168273696231436
2.766773921380633
4.991898173768677
3.8702715789473685
4.416719180656477
3.9308621276595743
3.9945002912055907
4.578893939393939
3.287753678279146
3.7491923076923075
3.9489756244559033
3.7505714285714284
5.004699435189819
4.588901559978483
4.922571428571429
4.59840081300813
4.908745689655172
4.620119220674338
3.2337471705579737
3.746529840388619
3.743133749133749
3.867046640316205
5.680921390778533
3.9464916583249914
3.5657269266266725
4.061207433016421
5.5393366138819005
3.770070422535211
3.8559161328765086
3.3814999999999995
4.6961304974765685
4.926036665427969
3.299766290726817
5.719629765395894
3.0404968128259604
3.1066628919860624
3.8239861660079053
4.055578723404254
2.932265655899802
3.2834169260700383
4.702310205069264
3.220656108597285
3.8262119487908954
3.5027588524166453
5.092161954108068
3.9643198606271772
5.378836970474968
4.171007336200354
3.57404
4.955456470588235
3.3703473360655734
3.421148629148629
3.449270833333333
3.2250745341614904
4.442309860619929
4.081291546242774
4.887644285714286
3.9587403740374034
4.435778801843318
5.027396648044693
5.696749008239243
4.407540965025906
6.4853071175042025
3.99946215739426
3.329833721833722
3.732404929577464
4.436110599078341
3.3945118988841707
3.218823956442831
3.898298701298701
4.8781698717948725
3.5647012622720893
4.156253623188405
3.6946358974358975
3.848761347348304
2.869968531468531
3.5721345911949687
3.2067505494505495
3.3323121516164993
3.9262887059244673
4.355394376351838
5.2905991902834
4.197345962308368
3.4298633540372667
2.6542499999999998
3.8789882226018153
3.963715652404996
3.345362244897959
3.1013637899428486
4.252041666666665
3.4372504549590532
3.543997552019584
3.2820301418439715
3.244920415224913
4.25775097150259
5.004686716791978
2.95181007751938
3.431135738831615
4.160536127964699
3.721067226890756
4.0721686474250145
3.3293600673520025
3.0900784206695775
3.3571155704199183
3.9720991276377986
4.455410955598456
3.7144072717527243
3.1095826046939714
4.104363586659376
4.635797891919022
3.4930061919504642
3.6277367965367966
2.643773883161512
4.798166666666666
3.4823497596153845
3.5399043927648575
2.7956761006289303
3.3739090909090907
3.053113709160794
4.200938311688311
4.29224518799586
3.740264172998246
3.1596942711287577
2.875206349206349
2.9666095013477087
4.705181735159817
4.3910301806083645
3.214962323390895
3.613694756554307
3.586462233549583
4.483663035584604
4.592373146853147
4.23065873015873
3.3567631578947363
3.6688804347826087
3.102057733581342
4.149377281947261
3.9760166690012606
4.932427366104182
4.192515723270439
4.006503837719297
3.7370413105413105
4.837430894308943
4.745984284532671
3.5249708135485913
3.7983307185880375
5.748572991925203
3.9206465457790762
5.083208791208792
4.566078214759169
3.717886851754845
4.792121970839617
4.268140669695439
4.28510606060606
3.2656090497737558
3.77671540139309
3.8588829847371393
4.163371428571429
4.866561791383219
3.141334890582739
5.147222222222222
4.845783367860314
4.477044368600682
3.1095666607491563
4.297490533562822
3.2284780450816846
4.215833157059756
5.532288432497735
4.608829215896884
4.2463808510638295
2.885574021782977
4.282785256410256
4.575938076218504
3.805449127343245
5.291981428571429
6.8725765075892244
3.2901268457156143
3.2449011627906974
3.9342417582417584
3.1791893939393936
4.284599354197715
4.437971831985242
5.120224379103625
4.009164179104477
3.9455032679738555
4.442711930926217
3.7927706748664827
3.9227562893081758
3.8912578388183463
3.2598741258741257
4.043831104855735
3.814105447276362
4.650880787037036
4.930796452702703
3.099782713085234
3.8624288932695015
4.9139537223340035
2.900029411764706
3.489971472081218
4.171667452830189
4.034658187933571
3.520118922651933
5.622284004884005
3.007478016359918
3.58359452837893
4.063402127659574
4.965545385202136
4.193488980311489
4.811193210109392
3.8494819277108427
2.9057084175084174
3.4260146454265157
3.258752436352648
3.4193278720884326
3.3771984346224677
3.40463189319737
3.719581113801452
3.287421052631579
3.512289763233393
3.5213320048309176
3.44044826446281
1.8617697784810125
4.740269089929994
3.2798894557823126
3.67499289967934
5.551507677437172
4.240868983502466
4.458318181818182
5.090181818181819
3.720226124567474
3.7106374113475176
2.903661330049261
3.3992233142104764
4.275705765047135
4.022026893884105
4.04853095684803
4.071999999999999
3.4926586278841434
3.793838680926916
3.29007358490566
4.3674763513513515
3.8460656565656564
3.6642870303468205
5.036763157894736
3.365465653985751
2.924528806584362
3.788663511187607
3.653901515151515
5.407779573367808
4.703795411023293
3.8872341315401013
5.5834188034188035
3.8520137899543374
4.2184495798319315
3.6567972027972027
4.802967341214185
3.0869672744273022
3.324187969924812
4.879032236056625
4.815537860962567
4.114291023166023
5.259830315224681
3.256696296296296
4.197380340760157
3.080142857142857
4.207223809523809
4.434374603174603
4.05350974025974
3.3574482758620685
4.3593939393939385
4.114172560113154
2.9841854483925547
3.331882583170254
3.6619043655197925
5.3120714285714286
3.761997879109226
3.355809523809524
5.136034682080924
3.569562111801242
4.121822463229832
3.379333333333333
3.587314191960623
5.748510446009389
3.692947289719626
3.679470588235294
3.3113756240107146
2.9701452460582893
4.0392468204673175
3.698923076923077
4.145836202773792
6.221512605042017
3.889094219653179
3.0158045112781955
3.485131075110456
2.527243027210884
4.240739583333333
4.4623333333333335
4.081811942959002
4.0623694805194805
3.5309935064935063
3.978357461902259
4.367886122077133
3.908763546798029
3.5848351648351646
4.773478712357217
4.093340745585349
4.458614093193239
2.6839295101553162
4.091688141923436
4.0584005468215985
3.513901584653878
3.51775
4.697411027568922
4.4631317829457355
3.63503171131766
3.7318723532970357
3.665513015873015
3.6305121951219514
3.0126666666666666
3.596362068965517
3.467725490196078
3.7821641957596044
4.322316170983903
3.701132372214941
4.217318209194941
5.5422043909348435
3.595907676845027
4.662758379109944
4.571459444616071
4.667637906647807
3.073901262916188
3.7632824858757057
3.370983957219251
4.437687012987013
4.498114638783269
3.5431992664121563
3.444333333333333
3.5394020059636753
3.898813696498054
5.341650141764756
3.824763793103448
4.218901137980085
4.559318753417167
4.000920064874883
3.837654675451074
4.306663525498891
4.174526867627785
3.771049240440021
3.6004181818181813
3.8312166945706765
4.117065525348122
4.1560802092415
5.017732455349089
4.002251904871854
3.833239573292204
3.643877192982456
4.316488240064882
3.899930140374929
2.858871558963125
5.698099025974026
4.5428479047331916
3.476200689061154
4.389477196885428
3.308177157951289
3.822412398921833
4.884718411796536
3.6198882821664036
3.499790873158462
4.640533333333333
4.6086810643564355
3.2873335866261395
5.190173256018275
3.58278374836173
4.420318146558411
3.981031800503317
3.491796807592752
5.15327946127946
6.029174070518415
3.394372649572649
3.1843355009251915
3.158831161652057
5.565131963137725
3.3339820098190676
3.0944690382081683
4.5190210526315795
3.127809433962264
3.8152136837266313
4.941043649306856
4.822417644059152
3.7784611344537815
4.379981481481481
4.397038559224198
3.4015263157894733
2.9614518536350505
3.8778866749688667
3.5447450039968023
4.314890554722638
4.199857142857143
4.292752880921895
5.143513073133763
4.448220107618239
5.153037683269732
3.8962672214516876
4.281821839080459
3.551946188340807
3.976214729719097
3.6066249999999997
3.4277142235754674
3.150444343065693
4.170900452488688
3.5926795698924727
3.718131868131868
3.1159645365168536
4.5062934362934355
2.5266080317157327
3.3484298245614035
4.446935114066262
3.122108242753623
3.2601215001473616
3.899645948945616
4.046870618081179
3.343977375565611
3.483181818181818
4.30490947368421
3.4598907721280603
3.702568407643312
3.2953859180035647
4.3117692307692295
5.075015151515151
2.9198966823406476
4.567819192718639
4.651289517819706
3.1267142857142853
3.346184732901151
3.6065946285655652
4.862333439617377
3.783411466260781
3.03701200353045
2.9945410001184976
4.15307713884993
3.3630173606210305
3.4650701376222846
3.8456358401084008
2.9056666666666664
3.2378739495798317
4.580770797962648
4.158109730848862
3.1950130894445374
3.3567051184110004
3.130596766071728
3.0089662556781307
3.917553113553113
3.614886287625418
3.0246651583710404
3.589890688259109
3.68651246105919
3.4278095238095236
8.971772078265468
4.580823886639676
4.697538796454673
4.1152287812455866
3.3244892473118277
3.9128021512385915
3.278759672359707
4.666136439565683
4.890623964748354
4.1136666408008065
3.3399328358208953
3.416115934998787
3.6523823074543764
3.2391665548848643
3.4897365764808557
2.346899014778325
3.5810351072401487
4.222766152086907
3.9231290730929715
3.7257997936016505
2.9902518544683856
3.089217157919961
3.547893692416726
3.50993706445993
3.529005079365079
3.392111769194433
2.964227075052607
2.7247817714172653
3.9703416988416986
3.9569939159939156
3.578790322580645
3.155304705882353
3.5641764048084985
3.521908163265306
2.4486241641337383
4.574644110275688
4.193710594696746
3.872276598097766
3.390899278215223
3.5166033462148456
3.9530065297021815
3.222092548076923
3.366743083464383
3.507403766269731
3.5282225650724133
3.460509523809524
4.495257777210667
4.077047375793029
5.157048388662394
4.058319004524887
3.3589548407052274
3.081263759982732
4.659755737704918
3.7714393106893103
3.6492701544182204
4.223811965811965
3.655446306169078
4.247354852954164
3.0689080459770115
3.1667497396737243
4.398668520234786
3.4398218432510883
3.336301852876106
3.813609124087591
4.049112898089172
4.181663779866101
3.6333262032085556
3.5697781972088762
3.19932920970454
4.668313132607302
3.4923094405594406
4.225246815834767
3.75744469450696
2.885526310043668
3.760162004662004
3.055079751446325
4.223542740841248
3.4447090932777487
