13.683478932842684
33.684238095238086
22.838568827708702
16.766510791366905
48.57658103975534
56.16997916666666
48.33506134969324
30.629052699228787
29.367497326203203
13.651982352941175
14.559984126984126
7.964347222222221
18.982343251142918
11.84410848273097
25.069087044105167
15.567229428059312
16.35741052631579
22.805051094890505
8.69492082111437
8.558548098826002
11.857103305785124
72.20686354378817
10.789386132106474
11.084524204702628
11.78189010989011
35.78185735080058
23.837954233409608
7.564573844988638
61.44350717703349
8.295858620689653
10.77272971709142
18.99945350109409
61.86090476190475
7.272398305084746
7.029575576036866
12.319313253012048
14.300362869198311
29.83308713136729
17.59969444444444
14.400151898734176
30.057181347150255
8.420314285714285
25.33035245901639
32.177170731707314
10.921518518518518
24.64731578947368
30.543999999999993
28.523729226361027
5.775369811320754
5.972238095238096
3.8209999999999993
12.625037383177569
17.788615748031493
13.484303626943005
73.60825099601593
25.21912897125567
8.067419354838709
31.812473429951687
15.018413084112147
21.12658333333333
8.482997925311203
12.811363095238095
19.411230050933785
47.73426791277258
6.365391091797935
51.736999999999995
13.52489222520107
50.69286725663716
13.132787330316743
6.7654972774548785
9.09987271918113
48.51566666666666
23.408451890034364
12.182410315850479
58.1474936061381
8.197479063898129
13.409749999999999
22.94375539568345
25.754832288401253
28.86709912043301
6.605957264957265
11.74425
20.86067213114754
40.636143263757106
52.339690544412605
20.531355210420838
22.380192814371256
66.30885650224215
15.054737967914438
24.87786893203883
12.61421464019851
32.497601616628174
25.781791536050154
23.58801398601398
6.514884615384615
5.813850574712642
14.9813622754491
5.072612244897959
6.314104270394484
15.341
14.969477401129943
6.562319003115263
34.96817467248908
6.0391245644599305
30.75060869565217
7.155693181818181
66.38736123348016
24.318581560283683
9.793900578034682
6.379505094614265
40.781084249084245
18.928999999999995
18.497962616822427
5.903078341013824
32.44771291866029
34.73649549549549
6.765423008849558
5.90763078717201
55.092053619302945
7.10230909090909
39.45831372549019
31.318477556109723
15.146916666666666
10.906148484848485
9.275406837606836
9.132589743589744
50.71823598820058
5.990807871349979
32.39411594202898
6.2312113821138215
64.00665573770492
31.912784688995213
11.262443548387097
22.37508450704225
39.832218045112775
22.66065331010453
14.295629629629628
20.311349206349202
11.104791738382099
15.994333333333334
45.30254723127035
62.33342718446601
20.272170212765953
11.52384236453202
28.010666666666665
15.24058582089552
19.28927215189873
9.040213114754097
5.64646909537454
5.849301801801801
47.97952321981423
42.67872727272727
30.054591836734687
11.00447012987013
24.136580645161285
16.271714285714282
19.625642857142854
17.390157894736838
12.44570731707317
8.126079365079365
11.440964285714285
31.50595121951219
23.1617238267148
23.756759532062386
39.93856088560885
8.894394736842106
23.043486486486483
25.332951807228913
61.676619047619035
20.149344086021504
19.855999999999995
22.292275862068962
106.40461224489795
13.372351374570448
9.985339933993398
17.063682539682535
41.92903914590747
18.386428571428567
9.806837064676616
21.855157894736838
19.246149425287353
26.81081871345029
15.841436056838363
16.8805451653944
10.43036985125858
51.971763688760795
22.716687499999995
27.56738547486033
44.737050847457624
34.05166820276497
9.294919540229884
20.75911744966443
33.04243925233644
20.791744356120823
11.509379923413567
14.764833333333332
15.99542857142857
6.958857142857141
12.16741056910569
11.989153424657534
7.7616121525533295
10.175055555555554
15.199925373134327
48.29973252279635
54.22530578512396
7.707059609455293
12.590654092702168
12.113190476190473
22.287988949391416
15.912438202247191
12.348703229737964
8.896717021276595
51.418
12.702202764976958
15.622354233409611
9.573610967979388
7.803483071841454
13.226508035251426
66.94552631578946
7.916340909090909
51.2907181008902
10.716521056977705
43.54179661016949
20.727301075268812
51.09226627218934
16.9799649122807
22.221488317757004
9.32213664136271
11.744870967741935
6.495225490196077
5.3642
13.0148
39.41931034482758
56.88493438320209
6.048365733265673
43.46821052631579
24.775804878048778
16.061408239700373
22.244822695035456
19.500428571428568
9.216140281030446
7.382512820512819
33.39179611650485
7.186554167876851
20.052790339702756
49.708522255192875
22.32984732824427
10.920428571428571
15.209
69.45934182590233
5.169734545454546
7.573245134269525
45.806781758957655
5.79268085106383
39.63823308270676
17.813999999999997
14.419727272727272
28.953593582887695
7.912255277368679
36.89338775510203
9.919017427385892
18.246818181818178
8.418362660944206
5.665040816326529
10.901533333333333
27.15462813370473
46.83847770700636
7.722132434944237
48.625245398773
40.19938805970149
6.6671122022185845
32.44771291866029
21.20911940298507
13.219999999999999
36.096553191489356
8.411865240641712
12.841474913494809
5.951291666666666
17.056585858585855
47.41736741214057
26.085401197604785
27.33228571428571
11.275428571428572
51.082466472303196
33.83854794520548
40.71166795366795
7.3615031525851204
18.096093457943923
7.197127145922746
23.4970560708263
22.253732673267322
25.8941119402985
14.700634538152611
11.337100000000001
24.377010752688168
18.45543467336683
12.338266129032258
7.5009999999999994
6.264881355932204
8.346773109243697
12.757897237569061
45.068903010033445
7.838372787894331
35.36415596330275
37.63647363083164
10.504907975460123
27.381428571428568
15.75470989761092
7.891536725525022
4.568448540706605
28.08233333333333
13.252368421052632
5.240604023399534
9.656081898557469
8.69517944785276
16.63033333333333
30.548473684210524
21.382634760705287
7.931361904761905
32.23430769230769
4.4960887700104575
4.741809775840597
16.21176395939086
6.468593711683306
17.983769230769227
12.995657590759075
43.31733333333333
75.73546745562129
51.58664705882352
10.870451612903226
66.26436283185839
35.891119658119656
16.518677419354837
37.956999999999994
40.592073260073256
12.54353644859813
13.230583333333334
56.68763636363636
38.3579670781893
19.216698312236282
54.67724043715846
8.290646443514644
61.16951923076922
39.350333333333325
14.965880478087648
40.2635671641791
5.634727650727651
22.12283687943262
35.19701298701298
23.3156107055961
27.747888888888887
6.871385048231511
28.185173913043474
63.87293363844393
55.440999999999995
33.102719626168216
7.791892694063927
20.065625541125538
55.43399999999999
24.213205128205125
11.560714285714285
7.699504065040649
10.69926923076923
16.236240463215257
21.15778048780487
11.422033950617283
25.29485714285714
19.70360471380471
77.99179553903345
60.86153284671532
67.53217204301075
21.446507537688436
40.238631970260215
29.589811688311684
20.46812332439678
64.93979820627803
33.32325560538116
11.775970375722542
26.872726361031514
46.15346964856229
48.30868098159508
11.583482103952692
9.41554854368932
43.968281786941574
48.38782208588956
43.73698293515358
58.01207692307692
12.007882352941175
36.48909917355372
20.382933687002648
15.559997076023391
49.34187804878049
18.01571962616822
48.028971962616815
28.50824254742547
47.7051473354232
20.88433333333333
72.71693548387096
6.4800507204610955
19.91946234309623
31.20864621409921
20.250222222222217
52.64614285714285
47.75962499999999
16.393564091858035
55.52468085106383
16.99166555183946
28.763911504424776
17.45616439205955
17.826984326018806
35.26861135371178
13.539148148148147
59.50597029702969
40.10815064695009
21.78811678832116
32.42359112709832
50.024960486322186
7.228558620689654
35.27314893617021
8.705452614379084
49.892487804878044
61.23776555023923
38.81900386100386
47.21702614379084
46.62266666666666
18.94881963470319
49.657483679525214
54.54926373626373
11.320210526315789
11.408990881458966
6.529297271693823
42.68196402877697
8.845256157635466
51.217999999999996
24.551754237288133
46.32448387096773
22.560973684210524
38.31358102766798
47.35467711598746
42.99076325088339
10.13271343537415
13.799506172839505
22.007316091954017
53.79130167597765
8.105101317122593
56.16997916666666
51.40806267806267
37.17518672199169
12.335299031476998
55.13585106382978
12.348738364779873
38.31205511811024
32.83170616113744
48.65548012232415
16.383505617977526
22.978499999999997
36.884623481781375
58.007309278350505
14.992553254437869
34.835973451327426
42.35750889679715
53.330171270718225
29.0915614973262
46.78370063694267
14.048529411764704
13.753232876712328
26.33310794297352
56.420133333333325
34.309780821917805
35.32559649122806
25.404822085889567
41.06277902621723
46.82383870967741
15.574573584905659
23.07833333333333
46.73171698113207
18.643011210762328
6.49426862026862
7.357205318491033
38.785799227799224
11.695620134228188
25.565567901234566
12.751777777777777
38.69163492063492
9.166766573295986
34.614746781115876
11.688562992125984
29.420111111111108
16.77724872122762
10.57898645320197
10.002888888888888
35.11059933774834
11.590260869565217
20.872557613168723
11.721092165898616
6.975209129511677
48.51972392638036
15.045503937007874
17.219433014354063
33.54947706422018
11.714954545454546
13.88694171779141
6.715816691505216
18.490517621145372
19.94127956989247
52.66986363636363
19.261894428152488
10.76101045751634
26.213674698795177
5.0243330249768725
17.38701282051282
8.294128205128205
6.848158894645941
6.65664135021097
28.580120879120877
7.131400247831474
32.84777777777777
7.6937191780821905
11.508619047619048
19.69690514905149
53.295111111111105
50.379840236686384
7.78071761658031
13.424252136752136
30.091680851063828
13.257480519480518
16.90727450980392
21.976222222222216
28.272108108108103
4.847847673160173
5.96740909090909
19.02659829059829
10.908728323699421
8.229839285714284
5.861079342723004
13.386480891719744
22.13283098591549
14.562737704918032
15.699244604316545
7.3248783783783775
9.847631775700934
33.81354545454545
18.41801910828025
78.57269158878503
8.368762717831366
6.852548521404932
10.225674168757841
35.71838983050847
5.949079877112135
19.21035897435897
30.318538071065987
41.64563309352517
17.351277777777774
42.9492269503546
11.11454054054054
25.30067594433399
17.978111111111108
46.46934944532487
6.977896398399288
8.410500547045952
7.791568110058638
6.999145854145853
6.064908704883226
6.253105691056911
20.585293522267204
39.6861167315175
17.934999999999995
5.673075155279502
7.9429067796610155
34.780715982721375
44.694989966555184
35.90984800838574
9.282432862190813
8.031595033428843
7.478637362637363
9.417160173160173
30.92915577889447
17.393715210355985
15.926905405405405
8.290646443514644
17.858666666666664
16.48230508474576
15.349116788321167
44.64959322033898
44.19037931034482
18.911512987012983
11.95572222222222
11.468933333333332
21.2249071146245
9.408125
33.32804566210045
11.823
26.174882352941175
9.075727272727272
11.925220512820513
12.94912195121951
30.142205128205124
16.51071105527638
23.11383333333333
42.734462686567156
12.689033053221289
8.24911111111111
17.522913793103445
27.93385310734463
50.81238461538461
47.33933333333333
25.468356687898083
13.067601941747574
10.322702702702703
8.541823529411765
21.644863984674323
23.13449253731343
7.969186098654708
8.872148148148147
29.073217391304347
41.033098901098896
14.080602620087335
14.323539215686273
21.677934959349592
34.227464285714284
11.043696969696969
54.093097493036204
10.870090909090909
7.3142420875420875
26.086780487804877
42.74542857142857
8.149238095238095
10.409528325123153
21.299912451361863
29.854137566137563
16.814
11.762548148148147
11.303305066079295
10.610423076923075
8.784959459459458
18.11733980582524
29.469301075268813
10.441909352517985
9.375719128329298
24.209823232323227
10.43480487804878
32.455666666666666
23.11383333333333
25.220506172839503
57.70335897435897
43.672749140893465
12.881363636363636
10.555942477876107
10.64488622754491
16.811353135313528
26.060560975609754
10.866441988950276
13.079222748815164
35.239555555555555
16.317002590673575
10.23012706270627
25.563393939393936
38.520999999999994
29.099901098901096
6.697735135135135
14.071727272727271
30.118473684210525
19.49107407407407
46.24946753246753
7.1397462792345845
11.74425
5.1717450980392154
12.432744604316545
12.853164179104477
4.444495192307691
6.399214566929134
15.979823529411762
10.641073124406457
9.652094488188977
29.05317204301075
10.309197767145134
20.425217391304347
8.052664718162838
7.493951066368382
7.305222329878024
7.000911402789171
10.794495156695156
9.683812990720913
21.96272979351032
22.133382352941172
8.432151287309182
17.04658974358974
48.98350159744408
56.83761439588689
5.43809599156118
22.99933333333333
33.95399999999999
18.41607407407407
13.104502508361204
26.07370588235294
40.078709923664114
21.35207692307692
28.990999999999996
52.2411111111111
21.377075091575087
32.51061820330969
44.80166666666666
30.7259504950495
25.678278688524586
42.468999999999994
41.51685714285714
19.69043835616438
49.02389156626506
31.408018987341766
43.920779661016944
37.605831325301196
23.667748344370857
21.41259322033898
8.52195238095238
71.46789878542509
56.20937696335078
6.477295625942684
4.6126249999999995
33.73536363636363
38.450333333333326
5.801823970037454
25.81908902691511
59.958855745721266
47.65122884012539
9.673493004115226
43.638578231292506
16.019938687392052
25.118338983050844
31.1752037037037
10.166719866999168
36.17920675105484
40.67217328519855
32.598592233009704
17.191289308176096
78.7732347504621
63.08479629629629
3.872823441088147
31.460153110047845
6.1432631578947365
27.190999999999995
48.86846987951807
12.071727186311787
24.04206535947712
7.342884848484848
18.357233069977422
29.183540106951867
15.215
26.664261194029844
29.099901098901096
32.88759259259259
25.431292682926827
34.37375565610859
23.67132846715328
23.368835616438353
24.608176870748295
45.343789473684204
43.711638297872334
8.057825396825397
37.509833333333326
13.448582706766915
23.56246043165467
6.593190222302548
18.45276276276276
6.721222307104661
8.120362240731668
5.514308325826791
66.45128603104212
28.31872118380062
36.12977876106194
46.50076623376623
45.5247542087542
9.199327127659574
45.83479478827361
17.776369636963693
10.35744357366771
15.213173913043478
51.89480790960451
74.06104518664046
54.77122950819671
33.539909090909084
69.4301719077568
18.136785498489424
42.03823826714801
11.661266524520256
12.060011873350923
8.260428571428571
40.18039382239382
16.982510204081628
53.175666666666665
41.61469784172661
36.73785950413223
40.70746153846153
22.50062280701754
9.907793103448276
8.917747593582888
62.33342718446601
59.66795533498758
55.227340425531914
7.58384925201381
14.560614659685863
6.236679757085019
5.035790322580645
5.3743060109289615
16.880315412186377
15.019467248908295
10.637403610108302
26.740999999999996
6.577849206349207
8.97540028901734
12.278562537048014
40.26195141700404
6.580855345911949
14.646642857142856
41.94285915492957
9.975425149700598
13.208199999999998
15.799986301369861
21.33786466165413
38.176622047244095
28.62478947368421
48.54028395061728
39.09079527559055
11.28226377952756
19.80106629834254
8.339469520707304
5.230866666666666
8.363533333333333
29.657076923076918
11.370246639511201
33.71221719457013
6.0225119926199255
29.16516666666666
10.333354430379746
9.156147100424327
27.174555555555553
22.300164179104474
63.57773913043478
10.105515151515151
11.695737704918033
35.61131330472102
9.038748672566372
6.8458284023668625
5.6412592039801
7.840872881355931
5.501246043165468
13.13921052631579
28.580120879120877
5.671199999999999
9.416794701986754
38.51520472440945
7.058894736842104
26.920210914454273
14.453976781002638
40.01754545454545
37.25830158730158
13.190479865771811
43.92348275862068
50.863272189349104
10.892520569620253
29.14332608695652
8.19097171215881
16.553028985507243
8.018561983471074
25.118999999999996
46.16570129870129
42.43471014492753
7.0562176900908895
31.50595121951219
11.116938260340632
23.58801398601398
13.96608282208589
17.01102912621359
34.265857142857136
20.734735023041473
4.912625
8.470225806451612
30.488294117647055
23.241241379310342
28.480234636871504
6.535378440366973
11.51430894308943
23.46410738255033
56.41846361185983
17.6520303030303
36.66678512396694
40.678463320463315
8.658231404958677
5.32102380952381
9.56658064516129
7.3075557851239665
6.39022893481717
22.797352941176467
38.96473451327433
36.72149999999999
17.449378640776697
8.654377637130802
34.49713656884875
18.833999999999996
17.530432989690716
41.01095620437955
31.923285714285708
4.769761459854014
10.461289940828403
37.92097890295358
18.798828828828825
8.225027718550106
10.003064356435642
20.057225149105363
4.90755137241894
12.852820447284344
18.83101141552511
14.576540462427745
21.27244444444444
56.68178477690288
52.05642857142856
40.64541176470588
36.64767346938775
4.94060905550146
20.825426229508192
16.180290712468192
8.188347826086957
100.75136194563662
12.788985074626865
37.54616194331984
5.403673459715639
22.1072538071066
20.819181818181814
43.716711864406776
44.416372881355926
11.29184126984127
34.898811965811966
6.9035714285714285
19.297478260869564
15.419595744680851
49.71128267477203
43.65931448763251
13.818862068965515
8.741898598820057
5.7728344870988035
33.273330275229355
22.65566666666666
17.915403508771927
7.136299360341152
33.57899999999999
15.382471751412428
45.53580327868852
7.893275104602511
16.563441176470587
6.797684210526315
36.53882113821138
66.85461538461537
6.344960811897106
8.979909090909091
11.8207
18.60362068965517
39.947961389961385
16.67527759197324
42.94491366906474
37.809
15.941228813559322
7.7930919970082275
6.707057091882248
44.196574600355234
46.98332899022801
44.00201408450704
5.520566037735849
6.439912912912913
6.71245238095238
7.320928571428571
31.91671134020618
8.153983164983165
28.44355555555555
31.28204188481675
6.037323263692828
7.97320326864147
35.30308547008547
18.81213033175355
43.339747211895904
29.210837696335073
30.523847222222216
46.180945686900955
5.14760941475827
7.740757972665147
16.74969798657718
19.56309259259259
22.09234042553191
17.91789189189189
9.440048821548821
56.12930919220055
6.762896785109982
26.926039358600576
32.941990783410134
36.19314035087719
42.7364229390681
9.423797804532578
36.32733333333333
7.562073008849557
24.400203821656046
9.838661654135338
10.916199999999998
6.23043009118541
24.815783783783782
12.369923076923076
43.63086301369862
18.32050913242009
29.222531914893615
59.88549261083743
20.4592
20.030617647058822
7.93803198294243
13.54933644859813
12.712
36.22308502024291
7.639999999999999
40.058533834586456
6.957909090909091
5.405693121693121
4.829406839622641
6.892939306358381
16.27207920792079
36.72149999999999
17.062089595375717
9.03463963963964
39.78222388059701
13.612982142857144
8.010604643816142
6.853751131221719
6.148879084967319
37.476690184049076
4.709720503230193
13.668648238482385
17.234795698924728
7.51332183908046
7.448427536231884
6.034808812260536
44.50196644295301
7.924260110294117
35.60660262008733
10.788787456445993
46.59308626198082
5.722336236933797
10.006772151898733
10.474034586466166
7.096473665480428
5.826927536231883
5.381663265306122
9.788586547085202
74.5679214145383
5.110784832451499
11.479325949367087
6.228015151515152
44.147169550173004
5.342928921568628
5.191880476599559
13.150990683229812
6.787121739130434
23.830499999999997
43.00021352313166
40.050121212121205
8.875252492668622
19.06879545454545
13.732064487632508
18.347462643678156
43.75842424242423
36.38439495798319
35.39042372881355
3.773768035516093
45.47549828178694
5.368430694842406
24.543974358974356
52.96373446327683
8.874551470588235
23.334027027027023
31.953933014354064
24.54388834951456
6.964688775510204
56.70747916666666
61.69709523809523
9.530886124401913
43.807575342465746
21.919819548872177
10.87515360983103
45.39324324324324
5.006051106025934
30.54248453608247
4.204394776494224
7.88230882352941
11.369848484848484
36.37086885245901
20.870100840336132
31.366038461538455
60.74696296296296
27.760756756756752
10.691874213836478
54.95267914438502
23.898972602739722
6.511130215827338
43.151115537848604
10.257794029850746
6.568741687979539
14.046781249999999
16.911235294117645
14.884851063829785
31.93063106796116
5.4966331738436995
12.318945945945945
12.881692307692306
19.40337110481586
18.4957037037037
9.72224827024827
19.15666076696165
26.36747653958944
7.430842921784098
34.952018404907975
18.574972477064218
32.84043396226414
6.676850511190937
35.25150672645739
11.615200980392157
18.82421770334928
21.40554545454545
22.85307482993197
27.56859171597633
27.814153739612184
7.629621963562753
31.993999999999996
40.66845018450184
8.97374358974359
34.43899999999999
45.20147038327526
7.5789074074074065
28.932505617977526
46.26337380191693
24.760473684210524
39.39086274509803
12.39931691449814
33.59547511312217
27.515251533742326
30.828538461538457
26.903292134831457
28.400366492146592
33.95871428571428
11.3027
20.819774193548383
10.177788732394365
16.17660975609756
47.195249999999994
19.34763824884792
16.314999999999998
26.058258064516124
51.11183498349835
11.471886167146973
28.67359574468085
6.076941807285916
29.077449438202244
9.881525
38.71546874999999
41.95964412811387
21.56210447761194
47.57035109717868
7.4635396825396825
8.816689800210305
38.1469512195122
23.591611111111106
40.54742322097378
40.712820895522384
57.87153246753246
21.739007633587782
22.623692307692302
25.673425149700595
25.77824489795918
10.18326832460733
44.637837837837836
13.188676406926406
34.772412844036694
51.66159770114942
62.151485981308404
20.756692307692305
7.9961724137931025
10.409372932330827
14.842716417910447
43.55953790613718
53.61398885793871
9.832343685300208
62.360482100238656
40.9385934065934
14.945824175824177
28.989587301587296
16.092018716577538
24.698189768976896
25.798365853658535
31.595666666666663
12.751777777777777
41.354611940298504
31.862205128205122
20.797966926070035
27.56859171597633
10.284187134502924
18.7743025210084
12.663506849315068
12.749683006535946
14.12746449704142
8.147891891891891
12.848615384615384
21.984762589928053
15.30999723756906
5.639065934065934
8.43436567834681
10.939
23.5551156462585
7.207753627760251
38.517533596837936
53.045088397790046
16.032645161290322
25.43656626506024
24.718932515337418
26.39733333333333
7.606643081761005
19.371915254237283
30.885282828282822
25.774147239263797
10.367345911949686
28.15484615384615
31.438560386473426
17.937147058823527
6.677513888888889
25.053830065359474
24.433717948717945
31.279415841584154
54.21249315068493
16.908769230769227
12.170688735177864
10.479813186813185
38.075636363636356
17.818384615384613
5.064201298701299
24.850249999999996
28.427792349726772
5.7587142857142855
30.09810256410256
22.292275862068962
11.35077928870293
16.88284848484848
10.447823529411764
19.352453781512605
9.815470198675497
33.40658447488584
9.39228947368421
24.11663636363636
9.134673127753302
10.54264596273292
21.498455056179772
24.138105263157893
8.39495238095238
20.056870967741933
7.851826086956521
23.262598639455778
23.742052631578943
21.91205882352941
34.64154700854701
32.511823529411764
17.588537216828474
31.106193236714972
9.712567567567568
22.12283687943262
32.342606635071085
13.774516853932584
20.177359014675048
8.018042430591933
12.757502000275899
21.95446192893401
6.2047180911680915
6.545561572573767
42.530428571428565
50.623666666666665
4.685456055734191
36.09819008264463
17.355469387755097
13.855931034482756
29.434237113402055
19.103010288065843
6.734714285714286
28.886260869565216
53.330171270718225
16.885786407766986
48.27606309148264
22.99933333333333
40.31053846153846
33.6180909090909
35.681949152542366
5.189635908664373
30.378009950248753
11.261039185436593
5.919254808409125
24.66443708609271
16.305700348432055
46.63453721682847
47.92360869565216
34.6089298245614
12.715803116147308
51.14728571428571
4.557976121141525
4.9313792562724
47.77538461538461
49.398999999999994
8.058327526132404
57.646714285714275
3.903469952036114
56.7131865284974
15.623273972602739
22.26136281588447
41.19161797752809
36.71868085106382
9.92073607305936
13.105287671232876
9.12963606557377
54.71464835164835
28.70332841823056
41.57253429602888
37.34288617886179
29.935185929648238
42.388113879003555
50.24605882352941
49.41902702702702
12.510072832369941
48.327938271604935
57.07630612244897
23.677040192926043
10.83420879120879
18.29791048034934
56.39134725848563
16.477383561643833
10.183147605856748
11.744670588235293
9.354939945404913
31.0239702970297
41.07372992700729
26.20078528528528
31.90280952380952
22.97469064748201
55.7111811023622
43.79007612456747
51.74828653295128
43.854389078498286
25.54319968051118
33.461727272727266
11.791002339181286
52.82345961002785
47.89771704180064
38.077349206349204
37.940666666666665
25.520623028391164
47.28261490683229
56.38834645669291
36.38248760330578
24.8856129032258
10.316492827004218
10.732237288135593
40.329235294117645
10.985
40.289745318352054
13.66911111111111
44.90857142857142
6.823380239520958
5.629197492163009
23.28170212765957
8.962190476190477
19.897181102362204
7.331564253098499
17.89443396226415
25.601999999999997
30.848656716417906
20.57434645669291
20.57434645669291
45.9188338762215
5.926724999999999
26.790999999999997
7.912333333333333
22.271488764044943
30.801999999999992
37.38067782426778
9.81783820224719
16.65433333333333
21.785588235294114
22.176142857142853
35.14506382978723
10.816065217391305
17.859319004524885
17.54928440366972
19.335666666666665
24.619312101910822
25.838518987341768
4.735450242065626
19.12258620689655
12.244714285714286
19.67685950413223
13.265954545454544
15.93148514851485
36.43321518987341
14.885752808988764
32.79718181818181
23.798631578947365
18.087666666666664
11.7157213740458
28.15484615384615
6.710372479240807
16.183997326203205
8.954714285714285
17.739222222222217
31.364564356435636
7.134623152709359
24.24855555555555
5.601555555555555
37.18152459016393
18.4852268907563
19.52182608695652
13.550812101910827
7.955094017094018
11.66400092936803
26.191
33.31277981651375
31.718523809523806
24.203285714285713
26.584720496894406
17.48761538461538
24.14014965986394
6.3227142857142855
6.963039800995023
10.998611111111112
21.65911764705882
23.604452054794518
24.167666666666662
7.711274251497006
32.6376037735849
18.704214285714283
6.985850793650792
21.530296296296292
8.439759292035399
19.36396330275229
14.074
10.969371559633027
7.810827586206896
4.708683288409702
17.90834700315457
11.241063492063493
16.302228991596635
9.880677536231884
23.14559183673469
6.473862012987013
9.334783519553072
8.390114406779661
6.947889716840535
8.726427027027025
15.422421745152354
20.299530026109657
5.692104430379747
12.333802816901407
11.305666666666665
20.90844389027431
7.470953511705686
15.280851851851851
6.1257692307692295
52.919281337047344
56.94339175257731
15.442468085106382
11.226285714285714
8.03438113207547
6.2237838827838825
5.523948170731707
6.434244176013804
8.020238095238096
11.919758495145631
10.802927389395474
41.92926315789473
7.952399999999999
8.38650386100386
19.048999999999996
9.07175
16.450681347150258
7.102333333333332
17.72885714285714
6.4379459459459465
27.547845303867398
42.69856643356643
6.517062302839117
10.571668421052632
33.61317857142856
8.063391566265059
7.786265060240964
11.459384615384614
12.834941573033708
14.536550314465407
6.1369365079365075
40.533444444444434
18.186272727272723
53.278612813370465
7.255303030303029
13.131924050632911
16.29463065326633
37.22545679012345
13.098112903225806
5.428362068965518
48.57658103975534
21.08231040892193
5.562530783582089
10.320245398773006
35.1385652173913
6.983461538461539
7.401072368421053
34.683761061946896
4.160461538461538
50.41011940298507
16.517849829351533
4.553496894409937
40.21405128205127
10.989132978723404
44.83474999999999
19.901825396825394
25.431292682926827
33.34445454545454
11.656507936507936
23.59433333333333
34.688178571428566
30.672999999999995
26.723840490797542
4.80111569416499
14.957227272727273
5.543138297872341
7.837158878504672
8.123819672131146
7.6202828282828285
26.66484472049689
26.1039751552795
5.20952995391705
6.8026387225548905
19.33547457627118
22.71185087719298
31.324692307692303
35.31603433476394
39.41841245136186
4.748511764705881
5.8044995983935745
5.691615705931495
34.49349557522123
16.406631578947366
28.263754010695184
25.645197530864195
12.868727272727272
9.163562419325096
34.32353303964757
15.223955056179776
20.072460317460315
11.658000000000001
19.37061788617886
19.49965720524017
27.663474860335192
41.10511678832116
7.871077966101694
32.718999999999994
15.276593406593406
10.975333333333332
19.8488064516129
16.649364485981305
24.5815
28.079534391534388
6.775195035460992
11.091549640287768
18.363230769230768
11.438590361445783
6.492065217391303
9.003863636363636
23.508351351351347
9.932140350877193
9.013380952380952
30.129910891089104
7.174819343065693
29.83704166666666
28.296604395604394
23.368835616438353
10.031576923076923
19.025280701754383
30.142346938775503
23.39213513513513
8.777
10.731743315508021
10.366029342723005
38.614687499999995
34.47507488986784
14.485926267281103
18.54733333333333
6.833419672131146
9.198230769230769
25.56782352941176
14.71790361445783
15.218221925133689
41.4426227106227
12.39081818181818
35.20530472103004
30.581122448979585
7.584923913043479
21.41873913043478
14.950689189189188
17.93635714285714
6.23751543624161
20.199245098039214
9.748855140186915
8.324383275261324
6.587678571428571
6.331915057915058
16.63294736842105
4.756713278495887
31.903538461538457
16.357227722772276
5.478195050946141
20.027999999999995
35.09889830508474
24.345426751592353
22.7208904109589
4.309727272727272
36.98907692307692
6.766620689655172
27.587813186813186
9.766367346938775
29.299541666666663
20.76133333333333
15.62424742268041
32.66867298578199
6.30716433121019
28.699304347826086
5.056374999999999
27.556777777777775
21.474248175182478
29.12784615384615
5.070499999999999
12.840810344827585
21.469411764705878
23.25033333333333
25.583976331360944
9.70329028436019
51.415966005665716
20.993888888888886
32.49661904761904
5.660312039312039
33.63438914027149
17.194238532110088
36.352723404255315
40.2201879699248
31.447748743718588
19.338217391304344
20.861407407407402
45.08918421052631
32.15081132075471
18.16671428571428
25.06421951219512
19.46363636363636
31.37358823529411
4.51694849246231
27.618127167630053
41.4426227106227
27.769868852459012
27.806518518518516
14.409223628691983
31.830488038277508
6.822365217391303
32.57115789473684
27.302214689265533
7.739714285714285
90.15071065989846
10.617594027441484
18.674654867256635
7.202215976331361
7.478542089747789
73.05932264529058
22.260043478260865
11.305666666666665
29.464568601583107
39.62663636363636
32.91322274881516
34.32353303964757
34.948403508771925
52.33209604519773
28.40586021505376
8.731237573099415
20.281910358565735
19.13564705882353
29.663715736040604
44.838802675585285
36.854142857142854
46.724311258278135
4.9602502615062765
28.850628272251306
43.51305479452054
49.05778723404255
17.599909090909087
36.19211864406779
24.783643312101905
57.25055936675461
32.373924528301885
9.488249999999999
24.259499999999996
45.37499999999999
23.164482456140348
29.886292929292924
46.67658131487889
31.33122222222222
37.694427860696514
25.371999999999996
19.590999999999998
29.319999999999993
18.757641791044776
7.060466666666667
38.075636363636356
27.405303867403312
17.538210526315787
25.566367088607592
7.125
7.08625
6.8788780025284435
20.759382591093114
11.079942622950819
6.721712396759846
21.6577037037037
11.089977272727271
29.877589743589738
6.655045669291338
25.533088757396445
14.615181818181817
9.9132
12.283413265306121
26.77660122699386
27.89368965517241
8.937589873417721
7.971499999999999
49.68273170731707
11.079168918918919
14.9879918699187
17.14232258064516
6.212953159851301
22.486744075829378
5.50522049689441
14.361683673469386
11.108867521367522
25.954638554216864
5.403833333333333
27.951590909090907
8.90665789473684
10.643725490196077
7.527333333333333
37.991677419354836
30.224540540540538
9.03227551020408
7.375134751773048
9.942
10.027256031128404
13.446272727272726
13.930893939393938
7.34983908045977
13.125274436090224
22.353521739130432
41.437608695652166
13.102299516908213
11.521665137614677
6.075095519864751
30.076857142857136
26.79470731707317
11.939064516129031
36.3378813559322
17.9969644549763
21.660591575091573
13.855766187050358
9.684225935828877
35.33066371681415
6.182863151829444
18.153973684210523
11.699458333333332
15.503487364620938
35.00547136563876
20.13716007905138
17.918954545454543
7.218760838150288
13.719772151898734
40.47257034220532
13.576307692307692
20.759382591093114
12.725702702702703
20.5450652173913
18.81166972477064
6.82143602484472
6.1874126984126985
10.512285714285714
13.120025974025973
13.927493006993005
27.89153757225433
4.88306107275624
8.321857142857143
18.456850931677018
15.317729927007298
25.766633802816898
10.870333333333333
10.565290322580644
15.62864792899408
26.512797546012266
7.286853293413174
6.2445515239477505
32.64339130434782
33.516080717488784
11.793281432463994
19.704228070175436
46.28957516339869
42.43828571428571
29.926624999999994
11.46247619047619
34.688178571428566
25.60529936305732
25.637874213836472
10.57460606060606
28.01308791208791
12.919500000000001
25.523677419354833
19.655989795918362
10.337682367149759
39.71515384615384
4.41339393939394
31.84138095238095
14.019259793814431
11.593375
5.45495461129889
20.885572519083965
17.30172966507177
6.220428571428572
12.781330275229358
19.41913793103448
13.937493670886075
55.42629729729729
9.493291420118343
24.84934228187919
38.614687499999995
7.652902749832327
21.8290303030303
8.308070707070707
8.388
17.095742914171655
6.028020144628099
7.507192617249602
13.390409137055837
6.6811864567526555
52.69364705882352
23.976555555555553
60.93947619047618
13.945972972972973
7.971079089353863
41.52163636363636
4.922499999999999
69.33345842217483
62.399293838862555
57.57244973544973
41.127198501872655
22.92015492957746
38.917031249999994
18.56230976430976
5.951168755221387
39.77988929889299
31.975781990521323
10.703080543933053
9.423465671641791
5.146253694581281
9.035074829931972
31.533233830845766
25.583786163522007
31.188999999999993
24.67408917197452
5.944156420765028
37.12876859504132
42.06482978723403
34.93062008733624
7.9778945167286235
29.80616216216216
29.878943005181345
25.246258064516123
14.73703448275862
4.255003344481604
38.8313816793893
3.5990114942528733
5.600617244157936
6.785889543446244
8.998936781609196
6.0312723004694835
17.690999999999995
20.056870967741933
19.64570179372197
5.107637931034482
4.372860544217687
10.418829228243021
28.286808743169395
30.980153846153843
10.78711111111111
17.716298701298697
30.470504950495044
7.887928476821191
4.78760632183908
31.876778325123148
36.54546724890829
8.511244596131968
7.893301546391752
7.386108695652174
20.012241379310343
21.677934959349592
31.368403940886694
23.530477859778596
33.748888888888885
22.6779014084507
36.30529218106996
27.823029585798814
34.6860756302521
24.738710355987052
6.9427708333333324
30.61333333333333
51.41447126436781
29.389847258485634
9.994408950617283
49.7340415430267
16.82436842105263
5.369709433962264
16.822717532467532
8.279620608899297
57.65560925449871
15.846549999999999
56.96155555555555
18.510666666666662
10.84983606557377
7.950064516129032
42.43078723404255
5.427602898550724
49.70964670658682
15.360801556420233
17.316499999999998
5.888393939393939
11.09655737704918
26.165999999999997
30.056609137055833
19.28927215189873
18.680304878048776
39.45053846153846
5.454409003831417
8.5300831496063
16.40555555555555
8.047166666666666
8.144900558659216
5.848278945967527
28.94120833333333
14.494599999999998
14.089833333333333
27.593271676300574
46.51867741935483
19.72983333333333
25.73006211180124
11.68262970568104
14.352979532163742
43.18440845070422
28.08017621776504
12.828595505617978
11.053668449197861
25.0424423076923
38.841
16.130089743589743
34.05466666666666
14.264831168831169
36.55302880658436
7.3038779220779215
4.2612219440018215
7.823528508771929
9.462849476439791
7.89405
6.718064573459715
16.758584905660374
9.309403914590748
22.107626865671637
6.304470957613814
17.011243961352655
21.285927007299264
62.58058685446009
10.275976576576577
7.647022222222221
14.299871244635192
7.628969696969696
8.560142857142857
10.936190476190475
5.898238251725271
11.179760504201681
7.772349701393496
5.941608479755539
7.617428571428572
5.695346273291925
5.76343137254902
17.919039215686272
30.92970558375634
9.409219178082191
17.29386138613861
6.833583333333333
5.841323359073359
19.415696652719664
20.410666666666664
20.734656249999997
11.485413385826773
9.01527027027027
7.3555975155279505
4.4422092605886565
4.908097902097902
12.629999999999999
11.779255319148936
39.81438461538461
9.227372881355931
13.991924050632912
26.19623312883435
13.781793103448274
7.030513127365978
4.658446428571429
6.304100241545894
7.0420761307657855
10.57898645320197
26.840999999999998
20.7540303030303
31.151693069306926
28.816384615384614
10.297749999999999
23.523770700636938
5.967745783628136
5.467428571428572
9.861312101910828
4.737690753214942
12.345834101382486
21.484384615384613
7.4623952991452995
9.31327824858757
9.637555555555554
72.61974847870181
10.442215189873417
7.345000000000001
37.84114285714285
19.447043478260866
8.33391592356688
13.705356828193834
15.353391304347825
17.022555555555552
12.306142857142857
42.06079710144927
25.934738095238092
6.92076354679803
21.97911111111111
7.587576923076922
43.09313793103448
6.296750404312668
9.677548387096774
32.95318613138686
15.608787610619467
11.160407407407407
25.03565217391304
8.93528873543375
11.193947945205478
32.3737619047619
15.835888939051918
9.070544206008584
6.608857493857494
16.86658629441624
8.42888347457627
41.10182899628252
7.646371309963099
5.286011764705883
32.833999999999996
7.581479059093516
9.835207792207791
14.87894718309859
7.521987421383647
26.907053254437866
10.119191489361702
18.66182608695652
19.360568273092365
42.54821678321677
29.954446808510635
66.73522222222222
10.0583937007874
26.954560422960718
5.01161818181818
15.900359550561797
15.264999999999999
41.35621167883211
10.804416666666667
13.520924528301888
9.435260079051384
26.472238095238094
6.608836163836164
42.41871886120996
16.926282828282826
10.085407407407407
7.023258264462809
18.585572649572647
9.536680084745763
24.88934615384615
45.946846905537456
35.547617021276594
21.15581182795699
37.140692307692305
50.62721661721068
10.896666666666665
11.780327868852458
5.929523809523809
39.84746153846153
24.339666666666663
37.97215447154471
7.323002659574469
8.059121293800539
33.15910447761193
21.70217300380228
18.068999999999996
55.09335694822887
26.27605882352941
10.106339552238806
8.34222619047619
24.71837735849056
19.153339357429715
6.218187277353689
9.26524857375713
20.622977099236635
28.05324390243902
7.567157894736841
24.58045161290322
18.536179425837318
7.746533333333334
27.16149112426035
7.519731606217617
9.780043029259897
10.565554721030042
38.998777777777775
32.49991588785046
42.86282089552238
7.339749999999999
11.72242125984252
30.844999999999995
9.415542857142857
20.7542748091603
26.938975903614455
13.24825
18.76233333333333
6.820916666666665
31.321990099009895
5.039691086691086
5.36290909090909
16.23276470588235
7.883465949820788
41.0809963099631
6.162637362637362
13.220629629629629
6.024000000000001
14.026142857142856
8.021494355317884
23.379052346570393
69.22290909090908
25.540662337662333
7.530659203980099
25.022063291139236
34.441641255605376
10.347007929515417
51.776789473684204
4.453408809456796
14.225999999999999
44.00114675767917
45.978714285714275
33.68996428571428
19.84112121212121
10.632388278388278
15.59648882681564
51.203059880239515
17.164240802675582
11.435128032345013
6.012476633738602
23.271713646532433
48.760678899082556
63.35270862470862
4.881850241545893
20.355999999999998
42.43078723404255
17.443224489795917
14.42111956521739
42.016856115107906
39.48533852140077
35.28813043478261
13.26119952681388
19.27511111111111
5.584564189189189
41.316615384615375
10.804625
34.78088888888888
16.044526315789472
7.864712200208549
11.938642492917845
58.27577215189873
13.631930735930736
48.85445454545454
31.80643586698337
38.07989105058365
70.23899999999999
43.23721212121212
11.800354838709676
14.951351139601138
8.761295847750864
24.66725862068965
15.484672199170124
52.230090909090904
22.979929553264604
6.0768
48.833846153846146
18.6244856979405
8.183604304635761
5.672508746355685
48.37890402476779
10.267125
29.17159788359788
33.259041474654374
22.351586206896545
25.89898367952522
19.53602624671916
12.464728110599077
6.304424242424243
45.10857142857142
7.036050958188152
7.619132861189801
59.33162094763092
14.440480190930785
9.13590637450199
30.23010204081632
45.31549999999999
38.71635294117647
6.256340909090909
21.870305343511447
32.306359223300966
30.449502538071062
24.691419354838704
9.255379310344827
7.51584596273292
40.183074074074064
16.403389261744966
9.46900505050505
26.032484848484845
21.800271863117867
8.419758490566036
52.318737752161375
34.05833480176211
4.745043446244477
49.08899999999999
13.986129032258065
31.589853658536583
16.595191780821914
26.79171428571428
8.992707610146862
8.323666666666666
19.685808743169396
32.90178504672897
6.394833333333333
16.168230769230767
15.543058219178082
9.753522033898305
31.408786407766986
25.83879912663755
82.5434964539007
16.25785714285714
66.48388505747126
20.784981530343003
42.99475314183123
16.738957736389683
15.100438650306748
40.45508300395256
18.524324938574935
59.05956962025316
13.586664946791357
43.522617647058816
17.918952736318406
49.981071428571425
5.513747899159663
15.115222222222222
24.13303375527426
10.007708433734939
38.25033333333332
5.632240121580546
20.99758567774936
16.80271674876847
22.964705387205385
3.985736788617886
7.418901639344261
48.14584615384615
38.428748971193414
38.68749407114624
16.763823699421962
50.458416422287385
11.27041609195402
15.898488699360339
14.638480982274741
11.543521739130435
27.958760504201678
21.372544280442803
13.711358974358975
6.2511459807073955
10.359873015873015
45.28721052631578
10.905660990712073
27.148077669902907
11.0619
16.197790041493775
34.74576785714285
4.919353789880105
14.218714285714286
7.967750135795763
9.794618336886993
20.775760869565215
6.5845
7.660815662926494
8.829444444444444
16.220510489510488
7.311268762390258
29.029021978021976
33.479256380510435
29.172990463215253
7.904564102564102
13.498698398576511
23.43086842105263
7.005816770186335
16.968763715710722
7.41506949352179
16.317949640287768
11.016496644295302
11.625891891891891
12.585177966101694
12.805730434782607
6.743318403908795
46.050071197411
22.388786738351254
11.057361675126902
40.665700729926996
69.7245553235908
65.24435135135134
11.073480519480519
15.316370078740157
13.892217112299464
64.57945454545454
22.10243357933579
11.531635359116022
15.98378014184397
32.06174879227053
8.959070450097848
33.028999999999996
18.682268370607026
12.326619047619047
16.554665584415584
61.25212887828162
9.683124269005846
12.60437454212454
33.194431192660545
68.20520512820512
10.368415873015872
4.803810282981267
5.127153424657534
46.428666666666665
72.10947239263804
16.120113756613755
46.04334426229508
7.900442477876105
5.558130839100345
4.68
8.022296296296295
19.600660550458713
16.224625
37.97026543209876
31.194267326732668
47.974624999999996
69.4003781512605
9.878567741935484
13.02117699115044
20.92031343283582
36.89338775510203
37.644903225806445
24.880641509433957
8.8359173553719
28.61407909604519
7.9440305164319245
5.970004329004329
16.156206185567008
17.731468036529677
23.334027027027023
26.886257309941517
21.746142857142853
27.90272727272727
5.924726605504587
6.853422492401215
30.113999999999994
7.4776609365738
14.483677514792898
14.756813186813186
35.27147186147186
9.661744680851063
12.510875621890547
26.87246242774566
5.6673775100401595
34.304249999999996
35.968999999999994
19.72021138211382
7.618880733944954
25.16624836601307
44.25394444444444
20.891507936507935
11.557266355140186
4.7107833333333335
64.5833486238532
14.708317073170731
16.163505847953214
15.363733632286996
11.324298319327731
39.12233333333333
24.06205882352941
26.67993975903614
26.935987421383643
30.797421052631577
31.795156862745092
15.173072254335258
35.75545454545454
36.40226126126126
27.19801204819277
22.617338028169012
33.63399999999999
20.559235772357724
32.200822966507175
11.145619658119658
17.058555133079846
26.501575757575754
26.6549746835443
29.49591160220994
19.8488064516129
4.159822476735862
24.56065030674846
56.43554252199413
27.263450292397657
16.703636363636363
19.746173913043478
38.82207692307692
14.362979757085018
22.505334916864605
81.91755950266429
7.3031871921182265
18.68831033274956
54.171162162162155
59.550951219512186
4.921178840125391
7.607749999999999
33.45811711711711
5.140432013769363
9.237736263736263
45.35011881188119
10.17821720116618
23.119830188679245
20.21828969957081
19.515983425414362
21.144147940074905
12.966275862068963
20.475298701298698
9.770148091603053
52.40111363636363
11.575221448467966
5.702435028248587
7.3983936084142385
8.854996073298429
45.68825889967637
39.4261825095057
14.925782101167314
4.130836538461539
48.678006134969316
50.617999999999995
11.494954314720813
53.92169482288828
54.95287234042553
18.01181593406593
17.28645833333333
10.168728840125391
50.32194117647058
36.04066666666666
57.06581249999999
20.88822388059701
38.37977165354331
45.39428571428571
11.539588338192418
11.22918592964824
37.168089430894305
35.41334188034188
55.27456613756613
35.048095238095236
16.03840395480226
18.75289256198347
39.23766666666666
6.861373173970783
21.97747769516728
9.832752263374486
50.43072781065088
36.57816666666666
40.29565671641791
53.725111111111104
47.149074534161485
38.91870588235294
53.17118309859154
4.783375412152614
33.563705790297334
22.74625310173697
20.49342424242424
11.629508771929824
9.6096875
8.358450549450549
15.891399999999999
22.043405470249517
53.86140449438202
21.943676470588233
55.503988919667584
7.521517730496454
52.08171264367816
8.879082191780821
8.954317669172932
23.78116438356164
46.06934437086092
11.67417679558011
31.23275757575757
22.046692307692304
55.501570291777185
11.08935593220339
7.567056632708949
13.255982758620688
31.411388888888883
27.25964414414414
7.921741809290953
37.23152742616033
23.957571428571427
21.468266666666665
52.44442253521126
20.99466666666666
29.796178010471202
20.480840080971657
7.823723076923077
10.179941708229427
29.661099476439787
6.627032036613272
10.10161111111111
27.037134502923973
4.8317259931596945
6.481
56.29637634408602
45.298178694158075
6.291153846153845
17.18251074498567
13.596757668711655
32.704202764976955
37.55264227642276
9.59160135135135
24.688999999999997
37.57129317269076
40.833671755725184
30.367346733668338
28.839521739130433
28.32023076923077
57.659002638522416
25.890310559006206
7.608624266144814
9.249213049925853
26.084606060606056
9.700893877551021
9.361152173913043
37.30243724696356
23.379605442176867
50.569771929824554
32.088326732673266
14.921196969696968
64.51541258741258
31.12546009975062
33.40232227488151
9.25499540229885
8.728769461077844
12.236702127659573
11.180483333333333
16.131485924932974
22.176142857142853
51.994704871060165
11.541497076023392
36.184
23.348671140939594
17.174999999999997
17.249382978723403
45.179821782178216
23.158999999999995
46.142938110749185
11.813100315457413
5.657049019607843
17.44626923076923
30.99417647058823
40.66845018450184
11.140365217391304
23.767991228070173
22.42722222222222
17.63445544554455
10.842434782608695
24.854463414634143
33.87781735159817
27.424149425287354
22.55677464788732
32.51331152647975
16.204555555555554
45.28721052631578
13.306783783783784
21.466592592592587
22.15333333333333
16.58748387096774
11.893543859649121
35.31754237288135
7.073312427409988
29.020773480662978
35.891119658119656
29.085715846994532
21.273643216080398
33.90173094170403
13.331608695652175
42.684
7.714333333333332
29.76313227513227
4.863378129117258
24.493576158940392
13.207121212121212
11.9206432160804
34.589777777777776
10.896628272251307
25.148543046357613
43.343709342560544
14.98154716981132
9.436422330097086
26.165095238095237
17.405702764976954
27.615497076023388
33.913999999999994
27.30058620689655
25.011499999999998
31.448730769230764
20.49207692307692
55.9211165311653
39.55531249999999
4.414363270005756
27.30058620689655
14.319714285714285
26.124666666666663
23.40471428571428
12.250338259441708
32.179573459715634
18.674654867256635
18.60362068965517
34.71159641255605
36.01732188841201
49.577046439628475
5.2108344241476985
10.953868263473053
21.66117293233082
26.536650470219435
46.75826315789473
36.08279661016949
14.005376068376068
29.457433526011556
7.288688888888888
8.227572429906541
23.768042253521124
8.016110691264725
19.971178571428567
9.08860752965446
9.959260606060607
8.701006600660065
8.147891891891891
34.51877130044843
10.026197468354429
12.018576811594203
17.374496932515335
26.64606369426751
33.09956310679611
23.61808391608391
38.00811764705882
36.702288135593214
6.9547265822784805
28.565491525423724
25.716459459459458
32.13223880597015
14.19326637554585
42.17066666666666
9.761757522123894
16.462102832244007
7.125
25.485727891156458
30.540999999999997
7.225716575091575
9.510631578947368
41.170481481481474
47.92627244582042
27.615497076023388
14.630162393162392
35.33078538812785
16.96803846153846
33.86507339449541
50.44859036144578
6.445713265063111
4.366029218677761
34.08718181818181
20.26669607843137
4.985213903743315
26.217878048780484
40.833671755725184
7.942481132075471
29.030732984293188
39.78176245210727
10.817005376344087
35.21825531914893
29.661099476439787
5.957004918032787
21.366838521400773
52.48792067988668
10.024079718004337
17.137201257861634
4.678932755936161
28.688176795580105
18.475171641791043
14.264831168831169
8.70653464132434
5.907031145584725
31.40738461538461
6.413170588235294
12.166439759036145
12.762306004618937
52.10793181818182
38.011673306772906
41.709272727272726
54.22632697547683
17.623166666666663
30.93422885572139
19.62233333333333
22.860451612903223
90.5988961038961
3.656281073561902
44.545380952380945
6.3791025651560584
23.113201067615655
18.479923076923072
27.25144785276073
12.822762411347517
7.143254196642685
11.90786879432624
8.399095238095239
57.58209844559585
58.91186868686868
38.9861568627451
41.037888475836425
12.665600877192981
51.93343678160919
31.563198067632847
44.002864111498255
50.16786943620178
12.326823598820058
14.057421800947866
26.16571700879765
13.325840336134453
31.605450980392153
51.95814942528735
7.956886961722487
9.55850688705234
35.5134632034632
39.15529508196721
32.92156603773584
11.307823529411765
11.662073298429318
12.742916293929712
21.14494029850746
30.49699497487437
5.922098208360982
29.467888888888886
21.062142857142852
10.88748905109489
11.767379699248119
18.34685714285714
7.38107889546351
11.950666666666667
20.67190082644628
27.110603550295853
18.9001724137931
10.705344527363184
30.715538461538458
29.07575916230366
32.342606635071085
24.323111111111107
34.05353846153846
15.679
22.366808510638293
10.199492424242424
24.819615384615382
15.028746987951807
19.918161290322576
38.58292125984252
19.647184210526312
17.365883495145628
7.491864503816792
11.161027027027027
23.97012903225806
23.22070921985815
19.71379831932773
20.219680672268908
10.215
14.839890532544377
41.23101805054151
29.48478947368421
21.76945070422535
5.703432520325203
6.034880877742946
9.150382591093116
6.322164908916587
10.78711111111111
4.683309432648799
27.740999999999996
20.29673770491803
26.550840236686387
18.534815533980577
5.910481203007519
31.200666666666663
16.363941747572813
9.013603305785123
12.281749999999999
17.609714285714283
6.947865384615385
19.434144144144142
7.430361547085202
19.14791304347826
18.459909090909086
19.944278688524587
26.574619047619045
25.4883734939759
9.451028169014085
23.06331034482758
23.730625850340132
27.415928994082837
63.19634579439251
9.528408026755853
14.205037426900583
6.2056848030018745
36.46281385281385
7.513491540717347
9.40658274111675
20.36027606177606
6.03826870389884
18.84878260869565
24.339666666666663
21.683166666666665
15.145426056338026
22.17037410071942
31.986230769230765
4.971896020539152
9.264312044626594
50.044377245508976
5.2456262105592
27.75344460641399
14.5229173553719
8.469623931623932
8.970034517766498
18.318410798122063
17.962137071651085
37.47652631578947
18.604446188340805
24.53415789473684
43.76314285714285
7.853026737967914
5.326766025641026
12.243274617737002
37.54616194331984
11.356480519480519
5.5032829594647765
35.96190871369294
47.904327868852455
7.618380590470622
39.49158174904942
36.94123206751054
49.97273964497041
10.187878640776699
10.274160730593605
52.958633053221284
35.693999999999996
12.091681818181817
7.519233092167347
15.182087912087912
8.521529262086514
17.50786492890995
9.644544351073764
9.41362962962963
51.85985714285714
69.04552173913044
51.003692307692305
8.253703296703296
42.09532624113474
28.024761580381465
5.76051222012409
56.917111111111105
30.513079207920786
37.509833333333326
9.294705882352941
14.274157024793388
10.168500473036897
13.982230836236933
35.45761904761904
33.023789473684204
52.05153623188405
23.14559183673469
17.251846153846152
22.728999999999996
8.967703703703704
4.926018817204302
12.879507389162562
61.58111594202898
5.642242065171391
18.12158974358974
5.981730830543599
45.155190635451504
35.460096916299555
33.12648148148148
9.113248188405796
55.09422580645161
35.59710256410256
20.885233082706762
8.338015873015873
13.799196652719663
15.083011494252874
3.9720660258534966
38.806599999999996
10.309225806451613
11.199279569892473
42.65917689530685
5.536848880597015
37.83846031746031
31.664955665024628
9.147212643678161
14.177832669322708
47.544624999999996
21.56133333333333
22.65584615384615
45.279999999999994
13.67775
6.439771598808342
24.87227586206896
13.992498113207544
53.48678753541076
20.294547008547006
48.6134103343465
15.976083623693379
11.43191798941799
57.05276392572944
13.074467226890755
29.79132653061224
8.883076923076922
6.1916252240508385
5.728107142857143
7.585869198312237
10.216539682539683
13.013068376068375
50.39782352941176
68.07710526315789
34.904421524663675
30.142346938775503
10.530142857142858
42.94005555555555
14.888691449814125
24.03821729490022
9.096787665198237
16.614427184466017
20.371196850393698
17.73216981132075
17.322230769230764
16.820235355648535
11.56490909090909
6.61525
6.141768788682581
15.130981549815496
23.726216723549484
5.3610935960591135
8.13831541218638
8.792663533834585
10.462275486381323
45.994407766990285
14.658077821011672
23.694979865771806
4.540069672131147
51.77292836676217
47.41939449541284
7.098952099737533
9.595828941285252
12.425303030303029
33.365370370370364
18.57423835616438
13.187641025641025
48.38102469135802
7.3900667562724
14.218886178861789
54.5460487804878
24.701898753894078
19.63091434262948
28.384145251396642
9.089334642032332
37.23047341513292
20.884518867924523
43.07394425087108
10.138881051175657
47.074260061919496
24.612405405405404
10.405842039800994
8.487613715710722
54.93239784946236
6.4886212121212115
44.63313605442176
47.51774999999999
42.548492957746475
45.8399019607843
22.07059854014598
32.96722222222222
35.48287610619469
10.978545454545454
25.455382550335564
31.664955665024628
24.11663636363636
22.66198630136986
45.5247542087542
22.05960784313725
42.64426241134751
52.30412643678161
5.796401360544218
49.444470948012224
8.045617647058823
29.61155670103092
37.28224066390041
38.74915175097276
25.66763636363636
14.126354455445544
24.459499999999995
36.275690987124456
40.248528301886786
61.46408133971291
14.749071428571428
34.712636363636356
40.02620300751879
20.20012962962963
9.016356088560885
17.705999999999996
14.67871111111111
7.612074074074073
24.659499999999994
43.807575342465746
